621.3646	-0.08007813	1.056641	0.0234375	0.34375	0.03125	-2.15625	-0.4746094	0.09375	1.445313	0.34375	0.59375	1.0625	0	0	0	0	0	0	154.8008	299.2742	42.20642	180	0	180
621.3982	-0.08007813	1.056641	0.0234375	0.34375	0.03125	-2.15625	-0.4746094	0.09375	1.445313	0.34375	0.59375	1.0625	0	0	0	0	0	0	154.8008	299.2742	42.20642	180	0	180
621.4314	-0.1416016	0.7919922	0.1025391	1.09375	-0.5625	-3.25	-0.4746094	0.09375	1.445313	0.34375	0.59375	1.0625	0	0	0	0	0	0	154.8008	299.2742	42.20642	180	0	180
621.4646	-0.1416016	0.7919922	0.1025391	1.09375	-0.5625	-3.25	-0.4746094	0.09375	1.445313	0.34375	0.59375	1.0625	0	0	0	0	0	0	154.8008	299.2742	42.20642	180	0	180
621.4982	-0.1416016	0.7919922	0.1025391	1.09375	-0.5625	-3.25	-0.4951172	0.1123047	1.165039	-0.09375	-0.1875	0.03125	0	0	0	0	0	0	154.8008	299.2742	42.20642	180	0	180
621.5315	-0.07421875	0.8623047	0.0234375	-1.40625	-2.625	-0.6875	-0.4951172	0.1123047	1.165039	-0.09375	-0.1875	0.03125	0	0	0	0	0	0	154.8008	299.2742	42.20642	180	0	180
621.5648	-0.07421875	0.8623047	0.0234375	-1.40625	-2.625	-0.6875	-0.4951172	0.1123047	1.165039	-0.09375	-0.1875	0.03125	0	0	0	0	0	0	154.8008	299.2742	42.20642	180	0	180
621.5981	-0.07421875	0.8623047	0.0234375	-1.40625	-2.625	-0.6875	-0.4951172	0.1123047	1.165039	-0.09375	-0.1875	0.03125	0	0	0	0	0	0	154.8008	299.2742	42.20642	180	0	180
621.6315	0.006835938	0.7753906	-0.109375	2.65625	-0.9375	0.03125	-0.4951172	0.1123047	1.165039	-0.09375	-0.1875	0.03125	0	0	0	0	0	0	154.8008	299.2742	42.20642	180	0	180
621.6649	0.006835938	0.7753906	-0.109375	2.65625	-0.9375	0.03125	-0.4951172	0.1123047	1.165039	-0.09375	-0.1875	0.03125	0	0	0	0	0	0	154.8008	299.2742	42.20642	180	0	180
621.6982	0.006835938	0.7753906	-0.109375	2.65625	-0.9375	0.03125	-0.4951172	0.1123047	1.165039	-0.09375	-0.1875	0.03125	0	0	0	0	0	0	154.8008	299.2742	42.20642	180	0	180
621.7316	-0.002929688	0.8359375	0.04296875	-6.84375	-0.5625	-2.21875	-0.4951172	0.1123047	1.165039	-0.09375	-0.1875	0.03125	0	0	0	0	0	0	154.8008	299.2742	42.20642	180	0	180
621.765	-0.002929688	0.8359375	0.04296875	-6.84375	-0.5625	-2.21875	-0.4951172	0.1123047	1.165039	-0.09375	-0.1875	0.03125	0	0	0	0	0	0	154.8008	299.2742	42.20642	180	0	180
621.7985	-0.2294922	0.9052734	0.1279297	-0.875	-4.15625	-1.46875	-0.5068359	0.08789063	1.539063	-0.71875	1.09375	-0.71875	0	0	0	0	0	0	154.8008	299.2742	42.20642	180	0	180
621.8317	-0.2294922	0.9052734	0.1279297	-0.875	-4.15625	-1.46875	-0.5068359	0.08789063	1.539063	-0.71875	1.09375	-0.71875	0	0	0	0	0	0	154.8008	299.2742	42.20642	180	0	180
621.8655	-0.2294922	0.9052734	0.1279297	-0.875	-4.15625	-1.46875	-0.5068359	0.08789063	1.539063	-0.71875	1.09375	-0.71875	0	0	0	0	0	0	154.8008	299.2742	42.20642	180	0	180
621.8987	-0.2294922	0.9052734	0.1279297	-0.875	-4.15625	-1.46875	-0.5068359	0.08789063	1.539063	-0.71875	1.09375	-0.71875	0	0	0	0	0	0	154.8008	299.2742	42.20642	180	0	180
621.9318	0.07519531	0.8945313	0.03515625	-2.625	-1.25	-3.5625	-0.5068359	0.08789063	1.539063	-0.71875	1.09375	-0.71875	0	0	0	0	0	0	154.8008	299.2742	42.20642	180	0	180
621.9653	0.07519531	0.8945313	0.03515625	-2.625	-1.25	-3.5625	-0.5068359	0.08789063	1.539063	-0.71875	1.09375	-0.71875	0	0	0	0	0	0	154.8008	299.2742	42.20642	180	0	180
621.999	0.07519531	0.8945313	0.03515625	-2.625	-1.25	-3.5625	-0.5068359	0.08789063	1.539063	-0.71875	1.09375	-0.71875	0	0	0	0	0	0	154.8008	299.2742	42.20642	180	0	180
622.0326	-0.08886719	0.9345703	0.000976563	2.5	-2.46875	2.78125	-0.5068359	0.08789063	1.539063	-0.71875	1.09375	-0.71875	0	0	0	0	0	0	154.8008	299.2742	42.20642	180	0	180
622.066	-0.08886719	0.9345703	0.000976563	2.5	-2.46875	2.78125	-0.5449219	0.07910156	1.457031	-0.34375	0.21875	0.8125	0	0	0	0	0	0	154.8008	299.2742	42.20642	180	0	180
622.0993	-0.08886719	0.9345703	0.000976563	2.5	-2.46875	2.78125	-0.5449219	0.07910156	1.457031	-0.34375	0.21875	0.8125	0	0	0	0	0	0	154.8008	299.2742	42.20642	180	0	180
622.1326	-0.1318359	1.035156	-0.02636719	10.1875	-0.6875	4.5	-0.5449219	0.07910156	1.457031	-0.34375	0.21875	0.8125	0	0	0	0	0	0	154.8008	299.2742	42.20642	180	0	180
622.1663	-0.1318359	1.035156	-0.02636719	10.1875	-0.6875	4.5	-0.5449219	0.07910156	1.457031	-0.34375	0.21875	0.8125	0	0	0	0	0	0	154.8008	299.2742	42.20642	180	0	180
622.2	-0.1318359	1.035156	-0.02636719	10.1875	-0.6875	4.5	-0.5449219	0.07910156	1.457031	-0.34375	0.21875	0.8125	0	0	0	0	0	0	154.8008	299.2742	42.20642	180	0	180
622.2335	-0.015625	0.9990234	0.1025391	2.25	-3.125	6.46875	-0.5449219	0.07910156	1.457031	-0.34375	0.21875	0.8125	0	0	0	0	0	0	154.8008	299.2742	42.20642	180	0	180
622.2665	-0.015625	0.9990234	0.1025391	2.25	-3.125	6.46875	-0.5449219	0.07910156	1.457031	-0.34375	0.21875	0.8125	0	0	0	0	0	0	154.8008	299.2742	42.20642	180	0	180
622.3005	-0.015625	0.9990234	0.1025391	2.25	-3.125	6.46875	-0.5449219	0.07910156	1.457031	-0.34375	0.21875	0.8125	0	0	0	0	0	0	154.8008	299.2742	42.20642	180	0	180
622.3338	-0.1113281	0.9541016	-0.09472656	-6.84375	4.5	-0.375	-0.5449219	0.07910156	1.457031	-0.34375	0.21875	0.8125	0	0	0	0	0	0	154.8008	299.2742	42.20642	180	0	180
622.3669	-0.1113281	0.9541016	-0.09472656	-6.84375	4.5	-0.375	-0.5449219	0.07910156	1.457031	-0.34375	0.21875	0.8125	0	0	0	0	0	0	154.8008	299.2742	42.20642	180	0	180
622.4006	0.06933594	1.077148	-0.00390625	-1.90625	-1.78125	1.9375	-0.5449219	0.07910156	1.457031	-0.34375	0.21875	0.8125	0	0	0	0	0	0	154.8008	299.2742	42.20642	180	0	180
622.434	0.06933594	1.077148	-0.00390625	-1.90625	-1.78125	1.9375	-0.5449219	0.07910156	1.457031	-0.34375	0.21875	0.8125	0	0	0	0	0	0	154.1028	299.2638	42.02488	180	0	180
622.4876	0.06933594	1.077148	-0.00390625	-1.90625	-1.78125	1.9375	-0.5449219	0.07910156	1.457031	-0.34375	0.21875	0.8125	0	0	0	0	0	0	154.1028	299.2638	42.02488	180	0	180
622.49	0.06933594	1.077148	-0.00390625	-1.90625	-1.78125	1.9375	-0.5449219	0.07910156	1.457031	-0.34375	0.21875	0.8125	0	0	0	0	0	0	154.1028	299.2638	42.02488	180	0	180
622.5208	-0.02441406	1.008789	0.03515625	-3.875	1.03125	-1.78125	-0.5449219	0.07910156	1.457031	-0.34375	0.21875	0.8125	0	0	0	0	0	0	154.1028	299.2638	42.02488	180	0	180
622.5544	-0.02441406	1.008789	0.03515625	-3.875	1.03125	-1.78125	-0.5449219	0.07910156	1.457031	-0.34375	0.21875	0.8125	0	0	0	0	0	0	154.1028	299.2638	42.02488	180	0	180
622.5879	-0.02441406	1.008789	0.03515625	-3.875	1.03125	-1.78125	-0.5449219	0.07910156	1.457031	-0.34375	0.21875	0.8125	0	0	0	0	0	0	154.1028	299.2638	42.02488	180	0	180
622.6212	0.02050781	0.9785156	0.08691406	-4.78125	0.15625	-1.3125	-0.5449219	0.07910156	1.457031	-0.34375	0.21875	0.8125	0	0	0	0	0	0	154.1028	299.2638	42.02488	180	0	180
622.6548	0.02050781	0.9785156	0.08691406	-4.78125	0.15625	-1.3125	-0.5449219	0.07910156	1.457031	-0.34375	0.21875	0.8125	0	0	0	0	0	0	154.1028	299.2638	42.02488	180	0	180
622.6884	0.02050781	0.9785156	0.08691406	-4.78125	0.15625	-1.3125	-0.5449219	0.07910156	1.457031	-0.34375	0.21875	0.8125	0	0	0	0	0	0	154.1028	299.2638	42.02488	180	0	180
622.7217	-0.03027344	1.060547	-0.08496094	-6.0625	-0.125	-2.46875	-0.5449219	0.07910156	1.457031	-0.34375	0.21875	0.8125	0	0	0	0	0	0	155.2075	301.82	40.753	180	0	180
622.7552	-0.03027344	1.060547	-0.08496094	-6.0625	-0.125	-2.46875	-0.5449219	0.07910156	1.457031	-0.34375	0.21875	0.8125	0	0	0	0	0	0	155.2075	301.82	40.753	180	0	180
622.7886	-0.03027344	1.060547	-0.08496094	-6.0625	-0.125	-2.46875	-0.5449219	0.07910156	1.457031	-0.34375	0.21875	0.8125	0	0	0	0	0	0	155.2075	301.82	40.753	180	0	180
622.8218	-0.04980469	1.029297	0.1064453	-10.40625	4.625	-3	-0.5449219	0.07910156	1.457031	-0.34375	0.21875	0.8125	0	0	0	0	0	0	155.2075	301.82	40.753	180	0	180
622.8552	-0.04980469	1.029297	0.1064453	-10.40625	4.625	-3	-0.5449219	0.07910156	1.457031	-0.34375	0.21875	0.8125	0	0	0	0	0	0	155.2075	301.82	40.753	180	0	180
622.8889	-0.04980469	1.029297	0.1064453	-10.40625	4.625	-3	-0.5449219	0.07910156	1.457031	-0.34375	0.21875	0.8125	0	0	0	0	0	0	155.2075	301.82	40.753	180	0	180
622.9222	-0.04492188	1.039063	0.06933594	-0.3125	-0.6875	2.59375	-0.5449219	0.07910156	1.457031	-0.34375	0.21875	0.8125	0	0	0	0	0	0	155.2075	301.82	40.753	180	0	180
622.9556	-0.04492188	1.039063	0.06933594	-0.3125	-0.6875	2.59375	-0.5449219	0.07910156	1.457031	-0.34375	0.21875	0.8125	0	0	0	0	0	0	155.2075	301.82	40.753	180	0	180
622.9894	-0.04492188	1.039063	0.06933594	-0.3125	-0.6875	2.59375	-0.5449219	0.07910156	1.457031	-0.34375	0.21875	0.8125	0	0	0	0	0	0	155.2075	301.82	40.753	180	0	180
623.0223	-0.1191406	0.9257813	-0.002929688	-2.34375	4.125	-3.1875	-0.5449219	0.07910156	1.457031	-0.34375	0.21875	0.8125	0	0	0	0	0	0	155.2075	301.82	40.753	180	0	180
623.0562	-0.1191406	0.9257813	-0.002929688	-2.34375	4.125	-3.1875	-0.5449219	0.07910156	1.457031	-0.34375	0.21875	0.8125	0	0	0	0	0	0	155.2075	301.82	40.753	180	0	180
623.0897	-0.1191406	0.9257813	-0.002929688	-2.34375	4.125	-3.1875	-0.5449219	0.07910156	1.457031	-0.34375	0.21875	0.8125	0	0	0	0	0	0	155.2075	301.82	40.753	180	0	180
623.1227	-0.1953125	0.9716797	-0.04101563	-4.53125	-0.3125	-0.9375	-0.5449219	0.07910156	1.457031	-0.34375	0.21875	0.8125	0	0	0	0	0	0	155.2075	301.82	40.753	180	0	180
623.1561	-0.1953125	0.9716797	-0.04101563	-4.53125	-0.3125	-0.9375	-0.5449219	0.07910156	1.457031	-0.34375	0.21875	0.8125	0	0	0	0	0	0	155.2075	301.82	40.753	180	0	180
623.1895	-0.1953125	0.9716797	-0.04101563	-4.53125	-0.3125	-0.9375	-0.5449219	0.07910156	1.457031	-0.34375	0.21875	0.8125	0	0	0	0	0	0	155.2075	301.82	40.753	180	0	180
623.2225	-0.01269531	0.9199219	0.03222656	-2.625	0.96875	-1	-0.5449219	0.07910156	1.457031	-0.34375	0.21875	0.8125	0	0	0	0	0	0	155.2075	301.82	40.753	180	0	180
623.2563	-0.01269531	0.9199219	0.03222656	-2.625	0.96875	-1	-0.5449219	0.07910156	1.457031	-0.34375	0.21875	0.8125	0	0	0	0	0	0	155.2075	301.82	40.753	180	0	180
623.2898	-0.01269531	0.9199219	0.03222656	-2.625	0.96875	-1	-0.5449219	0.07910156	1.457031	-0.34375	0.21875	0.8125	0	0	0	0	0	0	155.2075	301.82	40.753	180	0	180
623.3229	-0.15625	0.9882813	0.0546875	1.3125	-0.375	-0.6875	-0.5449219	0.07910156	1.457031	-0.34375	0.21875	0.8125	0	0	0	0	0	0	155.2075	301.82	40.753	180	0	180
623.3564	-0.15625	0.9882813	0.0546875	1.3125	-0.375	-0.6875	-0.5449219	0.07910156	1.457031	-0.34375	0.21875	0.8125	0	0	0	0	0	0	155.2075	301.82	40.753	180	0	180
623.3896	-0.1162109	0.8359375	-0.02734375	1.625	-1.1875	-0.8125	-0.5449219	0.07910156	1.457031	-0.34375	0.21875	0.8125	0	0	0	0	0	0	155.2075	301.82	40.753	180	0	180
623.4227	-0.1162109	0.8359375	-0.02734375	1.625	-1.1875	-0.8125	-0.5449219	0.07910156	1.457031	-0.34375	0.21875	0.8125	0	0	0	0	0	0	155.2075	301.82	40.753	180	0	180
623.4564	-0.1162109	0.8359375	-0.02734375	1.625	-1.1875	-0.8125	-0.5449219	0.07910156	1.457031	-0.34375	0.21875	0.8125	0	0	0	0	0	0	155.2075	301.82	40.753	180	0	180
623.4901	0.02148438	0.8994141	0.03125	8.53125	-1.25	-2.6875	-0.5449219	0.07910156	1.457031	-0.34375	0.21875	0.8125	0	0	0	0	0	0	155.2075	301.82	40.753	180	0	180
623.5229	0.02148438	0.8994141	0.03125	8.53125	-1.25	-2.6875	-0.5449219	0.07910156	1.457031	-0.34375	0.21875	0.8125	0	0	0	0	0	0	155.2075	301.82	40.753	180	0	180
623.5571	0.02148438	0.8994141	0.03125	8.53125	-1.25	-2.6875	-0.5449219	0.07910156	1.457031	-0.34375	0.21875	0.8125	0	0	0	0	0	0	155.5087	301.7004	40.93003	180	0	180
623.5904	0.02148438	0.8994141	0.03125	8.53125	-1.25	-2.6875	-0.5449219	0.07910156	1.457031	-0.34375	0.21875	0.8125	0	0	0	0	0	0	155.5087	301.7004	40.93003	180	0	180
623.6234	-0.09765625	0.9697266	0.08789063	5	-2.9375	-2.75	-0.5449219	0.07910156	1.457031	-0.34375	0.21875	0.8125	0	0	0	0	0	0	155.5087	301.7004	40.93003	180	0	180
623.6569	-0.09765625	0.9697266	0.08789063	5	-2.9375	-2.75	-0.5449219	0.07910156	1.457031	-0.34375	0.21875	0.8125	0	0	0	0	0	0	155.5087	301.7004	40.93003	180	0	180
623.6908	-0.09179688	0.9804688	-0.06933594	7.125	-3.3125	1.375	-0.5449219	0.07910156	1.457031	-0.34375	0.21875	0.8125	0	0	0	0	0	0	155.5087	301.7004	40.93003	180	0	180
623.7239	-0.09179688	0.9804688	-0.06933594	7.125	-3.3125	1.375	-0.5449219	0.07910156	1.457031	-0.34375	0.21875	0.8125	0	0	0	0	0	0	155.5087	301.7004	40.93003	180	0	180
623.7573	-0.09179688	0.9804688	-0.06933594	7.125	-3.3125	1.375	-0.5449219	0.07910156	1.457031	-0.34375	0.21875	0.8125	0	0	0	0	0	0	155.5087	301.7004	40.93003	180	0	180
623.7908	0.1220703	1.100586	-0.01855469	8.65625	1.21875	6.21875	-0.5449219	0.07910156	1.457031	-0.34375	0.21875	0.8125	0	0	0	0	0	0	155.5087	301.7004	40.93003	180	0	180
623.8246	0.1220703	1.100586	-0.01855469	8.65625	1.21875	6.21875	-0.5449219	0.07910156	1.457031	-0.34375	0.21875	0.8125	0	0	0	0	0	0	155.5087	301.7004	40.93003	180	0	180
623.8582	0.1220703	1.100586	-0.01855469	8.65625	1.21875	6.21875	-0.5449219	0.07910156	1.457031	-0.34375	0.21875	0.8125	0	0	0	0	0	0	155.5087	301.7004	40.93003	180	0	180
623.8919	-0.02734375	0.9765625	-0.2314453	10.3125	8.09375	6.03125	-0.5449219	0.07910156	1.457031	-0.34375	0.21875	0.8125	0	0	0	0	0	0	155.5087	301.7004	40.93003	180	0	180
623.9247	-0.02734375	0.9765625	-0.2314453	10.3125	8.09375	6.03125	-0.5449219	0.07910156	1.457031	-0.34375	0.21875	0.8125	0	0	0	0	0	0	155.5087	301.7004	40.93003	180	0	180
623.9584	-0.2695313	1.001953	0.0390625	13.03125	1.8125	6.875	-0.453125	0.02148438	1.912109	-0.34375	3.15625	1.3125	0	0	0	0	0	0	155.5087	301.7004	40.93003	180	0	180
623.992	-0.2695313	1.001953	0.0390625	13.03125	1.8125	6.875	-0.453125	0.02148438	1.912109	-0.34375	3.15625	1.3125	0	0	0	0	0	0	155.5087	301.7004	40.93003	180	0	180
624.025	-0.2695313	1.001953	0.0390625	13.03125	1.8125	6.875	-0.453125	0.02148438	1.912109	-0.34375	3.15625	1.3125	0	0	0	0	0	0	155.5087	301.7004	40.93003	180	0	180
624.0585	-0.2695313	1.001953	0.0390625	13.03125	1.8125	6.875	-0.453125	0.02148438	1.912109	-0.34375	3.15625	1.3125	0	0	0	0	0	0	155.5087	301.7004	40.93003	180	0	180
624.0922	-0.1064453	0.7685547	-0.01660156	-1.34375	-1.40625	-1.40625	-0.453125	0.02148438	1.912109	-0.34375	3.15625	1.3125	0	0	0	0	0	0	155.5087	301.7004	40.93003	180	0	180
624.1254	-0.1064453	0.7685547	-0.01660156	-1.34375	-1.40625	-1.40625	-0.453125	0.02148438	1.912109	-0.34375	3.15625	1.3125	0	0	0	0	0	0	155.5087	301.7004	40.93003	180	0	180
624.1591	-0.1064453	0.7685547	-0.01660156	-1.34375	-1.40625	-1.40625	-0.453125	0.02148438	1.912109	-0.34375	3.15625	1.3125	0	0	0	0	0	0	155.5087	301.7004	40.93003	180	0	180
624.1928	-0.1103516	0.9902344	-0.07519531	-0.875	-2.625	-0.0625	-0.453125	0.02148438	1.912109	-0.34375	3.15625	1.3125	0	0	0	0	0	0	155.5087	301.7004	40.93003	180	0	180
624.2258	-0.1103516	0.9902344	-0.07519531	-0.875	-2.625	-0.0625	-0.453125	0.02148438	1.912109	-0.34375	3.15625	1.3125	0	0	0	0	0	0	155.5087	301.7004	40.93003	180	0	180
624.2598	0.01464844	0.8320313	-0.1894531	-3.90625	0.46875	-2.40625	-0.453125	0.02148438	1.912109	-0.34375	3.15625	1.3125	0	0	0	0	0	0	155.5087	301.7004	40.93003	180	0	180
624.293	0.01464844	0.8320313	-0.1894531	-3.90625	0.46875	-2.40625	-0.453125	0.02148438	1.912109	-0.34375	3.15625	1.3125	0	0	0	0	0	0	155.5087	301.7004	40.93003	180	0	180
624.3265	0.01464844	0.8320313	-0.1894531	-3.90625	0.46875	-2.40625	-0.453125	0.02148438	1.912109	-0.34375	3.15625	1.3125	0	0	0	0	0	0	155.5087	301.7004	40.93003	180	0	180
624.3599	0.1035156	1.126953	-0.1318359	-6	0.90625	-2.9375	-0.453125	0.02148438	1.912109	-0.34375	3.15625	1.3125	0	0	0	0	0	0	155.5087	301.7004	40.93003	180	0	180
624.3932	0.1035156	1.126953	-0.1318359	-6	0.90625	-2.9375	-0.453125	0.02148438	1.912109	-0.34375	3.15625	1.3125	0	0	0	0	0	0	155.5087	301.7004	40.93003	180	0	180
624.4264	0.1035156	1.126953	-0.1318359	-6	0.90625	-2.9375	-0.453125	0.02148438	1.912109	-0.34375	3.15625	1.3125	0	0	0	0	0	0	155.5087	301.7004	40.93003	180	0	180
624.4603	0.0234375	0.9716797	0.0078125	-6.65625	0	0	-0.453125	0.02148438	1.912109	-0.34375	3.15625	1.3125	0	0	0	0	0	0	155.5087	301.7004	40.93003	180	0	180
624.4934	0.0234375	0.9716797	0.0078125	-6.65625	0	0	-0.453125	0.02148438	1.912109	-0.34375	3.15625	1.3125	0	0	0	0	0	0	155.5087	301.7004	40.93003	180	0	180
624.5267	0.0234375	0.9716797	0.0078125	-6.65625	0	0	-0.453125	0.02148438	1.912109	-0.34375	3.15625	1.3125	0	0	0	0	0	0	155.5087	301.7004	40.93003	180	0	180
624.5604	-0.03320313	1.117188	-0.1279297	-8.9375	-0.5	-1.65625	-0.5009766	0.06054688	1.513672	-0.875	-0.5	1.3125	0	0	0	0	0	0	155.5087	301.7004	40.93003	180	0	180
624.5935	-0.03320313	1.117188	-0.1279297	-8.9375	-0.5	-1.65625	-0.5009766	0.06054688	1.513672	-0.875	-0.5	1.3125	0	0	0	0	0	0	155.5087	301.7004	40.93003	180	0	180
624.6266	-0.03320313	1.117188	-0.1279297	-8.9375	-0.5	-1.65625	-0.5009766	0.06054688	1.513672	-0.875	-0.5	1.3125	0	0	0	0	0	0	155.5087	301.7004	40.93003	180	0	180
624.6603	-0.09863281	1.082031	0.02246094	-12.53125	1.5	-4.09375	-0.5009766	0.06054688	1.513672	-0.875	-0.5	1.3125	0	0	0	0	0	0	155.5087	301.7004	40.93003	180	0	180
624.6938	-0.09863281	1.082031	0.02246094	-12.53125	1.5	-4.09375	-0.5009766	0.06054688	1.513672	-0.875	-0.5	1.3125	0	0	0	0	0	0	155.5087	301.7004	40.93003	180	0	180
624.7267	-0.09863281	1.082031	0.02246094	-12.53125	1.5	-4.09375	-0.5009766	0.06054688	1.513672	-0.875	-0.5	1.3125	0	0	0	0	0	0	155.5087	301.7004	40.93003	180	0	180
624.7602	-0.08496094	0.9306641	0.01074219	-9.0625	1.5625	-3.25	-0.5009766	0.06054688	1.513672	-0.875	-0.5	1.3125	0	0	0	0	0	0	155.5087	301.7004	40.93003	180	0	180
624.7941	-0.08496094	0.9306641	0.01074219	-9.0625	1.5625	-3.25	-0.5009766	0.06054688	1.513672	-0.875	-0.5	1.3125	0	0	0	0	0	0	155.5087	301.7004	40.93003	180	0	180
624.827	-0.08496094	0.9306641	0.01074219	-9.0625	1.5625	-3.25	-0.5009766	0.06054688	1.513672	-0.875	-0.5	1.3125	0	0	0	0	0	0	155.5087	301.7004	40.93003	180	0	180
624.8604	-0.01953125	0.9736328	0.0546875	-6.25	1.5	-0.75	-0.5009766	0.06054688	1.513672	-0.875	-0.5	1.3125	0	0	0	0	0	0	155.5087	301.7004	40.93003	180	0	180
624.8942	-0.01953125	0.9736328	0.0546875	-6.25	1.5	-0.75	-0.5009766	0.06054688	1.513672	-0.875	-0.5	1.3125	0	0	0	0	0	0	155.5087	301.7004	40.93003	180	0	180
624.9273	-0.01171875	1.040039	0.08007813	-3.75	2.375	-2.03125	-0.5009766	0.06054688	1.513672	-0.875	-0.5	1.3125	0	0	0	0	0	0	155.5087	301.7004	40.93003	180	0	180
624.961	-0.01171875	1.040039	0.08007813	-3.75	2.375	-2.03125	-0.4951172	0.09863281	1.915039	0.03125	0.53125	-1.3125	0	0	0	0	0	0	155.5087	301.7004	40.93003	180	0	180
624.9944	-0.01171875	1.040039	0.08007813	-3.75	2.375	-2.03125	-0.4951172	0.09863281	1.915039	0.03125	0.53125	-1.3125	0	0	0	0	0	0	155.5087	301.7004	40.93003	180	0	180
625.0272	-0.01171875	1.040039	0.08007813	-3.75	2.375	-2.03125	-0.4951172	0.09863281	1.915039	0.03125	0.53125	-1.3125	0	0	0	0	0	0	155.5087	301.7004	40.93003	180	0	180
625.0608	-0.01171875	1.040039	0.08007813	-3.75	2.375	-2.03125	-0.4277344	0.5927734	1.683594	6.25	10.59375	-5.09375	0	0	0	0	0	0	155.5087	301.7004	40.93003	180	0	180
625.0941	-0.0390625	1.041992	-0.01269531	-4.28125	0.90625	-0.125	-0.4277344	0.5927734	1.683594	6.25	10.59375	-5.09375	0	0	0	0	0	0	155.5087	301.7004	40.93003	180	0	180
625.1279	-0.06835938	0.9882813	0.07714844	-2.40625	1.4375	0.84375	-0.4277344	0.5927734	1.683594	6.25	10.59375	-5.09375	0	0	0	0	0	0	155.5087	301.7004	40.93003	180	0	180
625.1613	-0.2089844	0.9716797	-0.05371094	0.59375	1.09375	-1.0625	-0.4277344	0.5927734	1.683594	6.25	10.59375	-5.09375	0	0	0	0	0	0	155.5087	301.7004	40.93003	180	0	180
625.1943	-0.2089844	0.9716797	-0.05371094	0.59375	1.09375	-1.0625	-0.4277344	0.5927734	1.683594	6.25	10.59375	-5.09375	0	0	0	0	0	0	155.5087	301.7004	40.93003	180	0	180
625.2277	-0.06835938	0.8251953	0.04785156	-2.59375	2.125	0.09375	-0.4277344	0.5927734	1.683594	6.25	10.59375	-5.09375	0	0	0	0	0	0	155.5087	301.7004	40.93003	180	0	180
625.2829	-0.06835938	0.8251953	0.04785156	-2.59375	2.125	0.09375	-0.4277344	0.5927734	1.683594	6.25	10.59375	-5.09375	0	0	0	0	0	0	155.5087	301.7004	40.93003	180	0	180
625.2846	-0.06835938	0.8251953	0.04785156	-2.59375	2.125	0.09375	-0.4277344	0.5927734	1.683594	6.25	10.59375	-5.09375	0	0	0	0	0	0	155.5087	301.7004	40.93003	180	0	180
625.3161	-0.06835938	0.8251953	0.04785156	-2.59375	2.125	0.09375	-0.4277344	0.5927734	1.683594	6.25	10.59375	-5.09375	0	0	0	0	0	0	155.5087	301.7004	40.93003	180	0	180
625.35	-0.08691406	0.9208984	-0.1669922	-1.125	0.96875	-0.125	-0.4277344	0.5927734	1.683594	6.25	10.59375	-5.09375	0	0	0	0	0	0	155.5087	301.7004	40.93003	180	0	180
625.3833	-0.08691406	0.9208984	-0.1669922	-1.125	0.96875	-0.125	-0.4277344	0.5927734	1.683594	6.25	10.59375	-5.09375	0	0	0	0	0	0	155.5087	301.7004	40.93003	180	0	180
625.4164	-0.08691406	0.9208984	-0.1669922	-1.125	0.96875	-0.125	-0.4277344	0.5927734	1.683594	6.25	10.59375	-5.09375	0	0	0	0	0	0	155.5087	301.7004	40.93003	180	0	180
625.4498	-0.08398438	1.089844	0.01757813	-2.21875	-1.0625	-1.46875	-0.4277344	0.5927734	1.683594	6.25	10.59375	-5.09375	0	0	0	0	0	0	155.5087	301.7004	40.93003	180	0	180
625.4835	-0.08398438	1.089844	0.01757813	-2.21875	-1.0625	-1.46875	-0.4277344	0.5927734	1.683594	6.25	10.59375	-5.09375	0	0	0	0	0	0	155.5087	301.7004	40.93003	180	0	180
625.5165	-0.08398438	1.089844	0.01757813	-2.21875	-1.0625	-1.46875	-0.5097656	0.1171875	1.755859	1.3125	-1.65625	-1.1875	0	0	0	0	0	0	155.5087	301.7004	40.93003	180	0	180
625.5502	0.03710938	1.044922	-0.05371094	-3.0625	-1.125	-1	-0.5097656	0.1171875	1.755859	1.3125	-1.65625	-1.1875	0	0	0	0	0	0	156.8069	299.7881	42.43972	180	0	180
625.5837	0.03710938	1.044922	-0.05371094	-3.0625	-1.125	-1	-0.5097656	0.1171875	1.755859	1.3125	-1.65625	-1.1875	0	0	0	0	0	0	156.8069	299.7881	42.43972	180	0	180
625.6167	0.03710938	1.044922	-0.05371094	-3.0625	-1.125	-1	-0.5097656	0.1171875	1.755859	1.3125	-1.65625	-1.1875	0	0	0	0	0	0	156.8069	299.7881	42.43972	180	0	180
625.6503	-0.08496094	1.100586	-0.005859375	-1.46875	-2.34375	0.03125	-0.5097656	0.1171875	1.755859	1.3125	-1.65625	-1.1875	0	0	0	0	0	0	156.8069	299.7881	42.43972	180	0	180
625.6837	-0.08496094	1.100586	-0.005859375	-1.46875	-2.34375	0.03125	-0.5097656	0.1171875	1.755859	1.3125	-1.65625	-1.1875	0	0	0	0	0	0	156.8069	299.7881	42.43972	180	0	180
625.717	-0.08496094	1.100586	-0.005859375	-1.46875	-2.34375	0.03125	-0.5097656	0.1171875	1.755859	1.3125	-1.65625	-1.1875	0	0	0	0	0	0	156.8069	299.7881	42.43972	180	0	180
625.7504	-0.08789063	0.9570313	0.02246094	2.90625	-1.78125	1.75	-0.5097656	0.1171875	1.755859	1.3125	-1.65625	-1.1875	0	0	0	0	0	0	156.8069	299.7881	42.43972	180	0	180
625.7838	-0.08789063	0.9570313	0.02246094	2.90625	-1.78125	1.75	-0.5097656	0.1171875	1.755859	1.3125	-1.65625	-1.1875	0	0	0	0	0	0	156.8069	299.7881	42.43972	180	0	180
625.8167	-0.08789063	0.9570313	0.02246094	2.90625	-1.78125	1.75	-0.4931641	0.07128906	1.283203	-0.46875	-3.5	0.21875	0	0	0	0	0	0	156.8069	299.7881	42.43972	180	0	180
625.8507	-0.01269531	0.7216797	0.08789063	3.84375	-8.4375	1.6875	-0.4931641	0.07128906	1.283203	-0.46875	-3.5	0.21875	0	0	0	0	0	0	156.8069	299.7881	42.43972	180	0	180
625.8838	-0.01269531	0.7216797	0.08789063	3.84375	-8.4375	1.6875	-0.4931641	0.07128906	1.283203	-0.46875	-3.5	0.21875	0	0	0	0	0	0	156.8069	299.7881	42.43972	180	0	180
625.9168	-0.001953125	0.9580078	-0.04296875	21.21875	-3.96875	4.3125	-0.4931641	0.07128906	1.283203	-0.46875	-3.5	0.21875	0	0	0	0	0	0	156.8069	299.7881	42.43972	180	0	180
625.9506	-0.001953125	0.9580078	-0.04296875	21.21875	-3.96875	4.3125	-0.4931641	0.07128906	1.283203	-0.46875	-3.5	0.21875	0	0	0	0	0	0	156.8069	299.7881	42.43972	180	0	180
625.9844	-0.001953125	0.9580078	-0.04296875	21.21875	-3.96875	4.3125	-0.4931641	0.07128906	1.283203	-0.46875	-3.5	0.21875	0	0	0	0	0	0	156.8069	299.7881	42.43972	180	0	180
626.0173	-0.06054688	1.030273	-0.03222656	31.28125	0.84375	8.84375	-0.4931641	0.07128906	1.283203	-0.46875	-3.5	0.21875	0	0	0	0	0	0	156.8069	299.7881	42.43972	180	0	180
626.0508	-0.06054688	1.030273	-0.03222656	31.28125	0.84375	8.84375	-0.4931641	0.07128906	1.283203	-0.46875	-3.5	0.21875	0	0	0	0	0	0	156.8069	299.7881	42.43972	180	0	180
626.0842	-0.06054688	1.030273	-0.03222656	31.28125	0.84375	8.84375	-0.4931641	0.07128906	1.283203	-0.46875	-3.5	0.21875	0	0	0	0	0	0	154.6547	298.2274	42.93633	180	0	180
626.1174	-0.06054688	1.030273	-0.03222656	31.28125	0.84375	8.84375	-0.4931641	0.07128906	1.283203	-0.46875	-3.5	0.21875	0	0	0	0	0	0	154.6547	298.2274	42.93633	180	0	180
626.1506	-0.1201172	0.9707031	0.09277344	50.15625	-1.0625	17.6875	-0.4931641	0.07128906	1.283203	-0.46875	-3.5	0.21875	0	0	0	0	0	0	154.6547	298.2274	42.93633	180	0	180
626.1841	-0.1201172	0.9707031	0.09277344	50.15625	-1.0625	17.6875	-0.4931641	0.07128906	1.283203	-0.46875	-3.5	0.21875	0	0	0	0	0	0	154.6547	298.2274	42.93633	180	0	180
626.2172	0.1884766	0.7978516	-0.1962891	76.875	5.90625	24.875	-0.4931641	0.07128906	1.283203	-0.46875	-3.5	0.21875	0	0	0	0	0	0	154.6547	298.2274	42.93633	180	0	180
626.2509	0.1884766	0.7978516	-0.1962891	76.875	5.90625	24.875	-0.4931641	0.07128906	1.283203	-0.46875	-3.5	0.21875	0	0	0	0	0	0	154.6547	298.2274	42.93633	180	0	180
626.2845	0.1884766	0.7978516	-0.1962891	76.875	5.90625	24.875	-0.4931641	0.07128906	1.283203	-0.46875	-3.5	0.21875	0	0	0	0	0	0	154.6547	298.2274	42.93633	180	0	180
626.3173	-0.006835938	0.8886719	-0.3642578	88.84375	7.375	28.96875	-0.4931641	0.07128906	1.283203	-0.46875	-3.5	0.21875	0	0	0	0	0	0	154.6547	298.2274	42.93633	180	0	180
626.3513	-0.006835938	0.8886719	-0.3642578	88.84375	7.375	28.96875	-0.4931641	0.07128906	1.283203	-0.46875	-3.5	0.21875	0	0	0	0	0	0	154.6547	298.2274	42.93633	180	0	180
626.3847	-0.006835938	0.8886719	-0.3642578	88.84375	7.375	28.96875	-0.4931641	0.07128906	1.283203	-0.46875	-3.5	0.21875	0	0	0	0	0	0	154.6547	298.2274	42.93633	180	0	180
626.4176	0.1494141	0.7119141	-0.4775391	102.4688	8.71875	33.625	-0.4931641	0.07128906	1.283203	-0.46875	-3.5	0.21875	0	0	0	0	0	0	154.6547	298.2274	42.93633	180	0	180
626.4515	0.1494141	0.7119141	-0.4775391	102.4688	8.71875	33.625	-0.4931641	0.07128906	1.283203	-0.46875	-3.5	0.21875	0	0	0	0	0	0	154.6547	298.2274	42.93633	180	0	180
626.4852	0.09375	0.6650391	-0.6123047	111.75	11.53125	37.03125	-0.4931641	0.07128906	1.283203	-0.46875	-3.5	0.21875	0	0	0	0	0	0	154.6547	298.2274	42.93633	180	0	180
626.5188	0.09375	0.6650391	-0.6123047	111.75	11.53125	37.03125	-0.4931641	0.07128906	1.283203	-0.46875	-3.5	0.21875	0	0	0	0	0	0	154.6547	298.2274	42.93633	180	0	180
626.5519	0.09375	0.6650391	-0.6123047	111.75	11.53125	37.03125	-0.4931641	0.07128906	1.283203	-0.46875	-3.5	0.21875	0	0	0	0	0	0	154.6547	298.2274	42.93633	180	0	180
626.5854	0.09375	0.6650391	-0.6123047	111.75	11.53125	37.03125	-0.4931641	0.07128906	1.283203	-0.46875	-3.5	0.21875	0	0	0	0	0	0	164.2502	306.2828	41.44033	180	0	180
626.6183	0.3105469	0.4970703	-0.9042969	84.6875	14.5	30.0625	-0.4931641	0.07128906	1.283203	-0.46875	-3.5	0.21875	0	0	0	0	0	0	164.2502	306.2828	41.44033	180	0	180
626.6517	0.3105469	0.4970703	-0.9042969	84.6875	14.5	30.0625	-0.4931641	0.07128906	1.283203	-0.46875	-3.5	0.21875	0	0	0	0	0	0	164.2502	306.2828	41.44033	180	0	180
626.6859	0.3105469	0.4970703	-0.9042969	84.6875	14.5	30.0625	-0.4931641	0.07128906	1.283203	-0.46875	-3.5	0.21875	0	0	0	0	0	0	164.2502	306.2828	41.44033	180	0	180
626.7185	0.1953125	0.5117188	-1.105469	-0.625	16.71875	-3.6875	-0.4931641	0.07128906	1.283203	-0.46875	-3.5	0.21875	0	0	0	0	0	0	164.2502	306.2828	41.44033	180	0	180
626.7518	0.1953125	0.5117188	-1.105469	-0.625	16.71875	-3.6875	-0.4931641	0.07128906	1.283203	-0.46875	-3.5	0.21875	0	0	0	0	0	0	164.2502	306.2828	41.44033	180	0	180
626.7863	0.2080078	0.5878906	-0.9892578	-57.28125	9.875	-21.5625	-0.4931641	0.07128906	1.283203	-0.46875	-3.5	0.21875	0	0	0	0	0	0	164.2502	306.2828	41.44033	180	0	180
626.8188	0.2080078	0.5878906	-0.9892578	-57.28125	9.875	-21.5625	-0.4931641	0.07128906	1.283203	-0.46875	-3.5	0.21875	0	0	0	0	0	0	164.2502	306.2828	41.44033	180	0	180
626.8522	0.2080078	0.5878906	-0.9892578	-57.28125	9.875	-21.5625	-0.4931641	0.07128906	1.283203	-0.46875	-3.5	0.21875	0	0	0	0	0	0	164.2502	306.2828	41.44033	180	0	180
626.8867	0.3740234	0.6835938	-0.7832031	-66.71875	9.5	-42.75	-0.4931641	0.07128906	1.283203	-0.46875	-3.5	0.21875	0	0	0	0	0	0	164.2502	306.2828	41.44033	180	0	180
626.9194	0.3740234	0.6835938	-0.7832031	-66.71875	9.5	-42.75	-0.4931641	0.07128906	1.283203	-0.46875	-3.5	0.21875	0	0	0	0	0	0	164.2502	306.2828	41.44033	180	0	180
626.9528	0.3740234	0.6835938	-0.7832031	-66.71875	9.5	-42.75	-0.4873047	0.1660156	1.290039	-0.46875	1.875	0.03125	0	0	0	0	0	0	164.2502	306.2828	41.44033	180	0	180
626.9866	0.4541016	0.8447266	-0.7871094	-43.09375	5.125	-29.375	-0.4873047	0.1660156	1.290039	-0.46875	1.875	0.03125	0	0	0	0	0	0	164.2502	306.2828	41.44033	180	0	180
627.0196	0.4541016	0.8447266	-0.7871094	-43.09375	5.125	-29.375	-0.4873047	0.1660156	1.290039	-0.46875	1.875	0.03125	0	0	0	0	0	0	164.2502	306.2828	41.44033	180	0	180
627.0529	0.4541016	0.8447266	-0.7871094	-43.09375	5.125	-29.375	-0.4873047	0.1660156	1.290039	-0.46875	1.875	0.03125	0	0	0	0	0	0	164.2502	306.2828	41.44033	180	0	180
627.0868	0.1425781	0.8691406	-0.7412109	-19.5	-18.25	-7.53125	-0.4873047	0.1660156	1.290039	-0.46875	1.875	0.03125	0	0	0	0	0	0	164.2502	306.2828	41.44033	180	0	180
627.1197	0.1425781	0.8691406	-0.7412109	-19.5	-18.25	-7.53125	-0.4873047	0.1660156	1.290039	-0.46875	1.875	0.03125	0	0	0	0	0	0	164.2502	306.2828	41.44033	180	0	180
627.1531	0.1425781	0.8691406	-0.7412109	-19.5	-18.25	-7.53125	-0.5166016	0.1601563	1.669922	-1.75	2.25	-0.21875	0	0	0	0	0	0	164.2502	306.2828	41.44033	180	0	180
627.1868	0.1396484	0.7412109	-0.5322266	-46.46875	-32.65625	7.375	-0.5166016	0.1601563	1.669922	-1.75	2.25	-0.21875	0	0	0	0	0	0	164.2502	306.2828	41.44033	180	0	180
627.2203	0.1396484	0.7412109	-0.5322266	-46.46875	-32.65625	7.375	-0.5166016	0.1601563	1.669922	-1.75	2.25	-0.21875	0	0	0	0	0	0	164.2502	306.2828	41.44033	180	0	180
627.2534	0.1396484	0.7412109	-0.5322266	-46.46875	-32.65625	7.375	-0.5166016	0.1601563	1.669922	-1.75	2.25	-0.21875	0	0	0	0	0	0	164.2502	306.2828	41.44033	180	0	180
627.2878	0.2148438	0.6240234	-0.5361328	-52.03125	-20.59375	-7.46875	-0.5166016	0.1601563	1.669922	-1.75	2.25	-0.21875	0	0	0	0	0	0	164.2502	306.2828	41.44033	180	0	180
627.3204	0.2148438	0.6240234	-0.5361328	-52.03125	-20.59375	-7.46875	-0.5166016	0.1601563	1.669922	-1.75	2.25	-0.21875	0	0	0	0	0	0	164.2502	306.2828	41.44033	180	0	180
627.3538	0.2304688	1.043945	-0.4462891	-88.34375	9.125	-31.3125	-0.5166016	0.1601563	1.669922	-1.75	2.25	-0.21875	0	0	0	0	0	0	164.2502	306.2828	41.44033	180	0	180
627.3881	0.2304688	1.043945	-0.4462891	-88.34375	9.125	-31.3125	-0.5166016	0.1601563	1.669922	-1.75	2.25	-0.21875	0	0	0	0	0	0	164.2502	306.2828	41.44033	180	0	180
627.4208	0.2304688	1.043945	-0.4462891	-88.34375	9.125	-31.3125	-0.5166016	0.1601563	1.669922	-1.75	2.25	-0.21875	0	0	0	0	0	0	164.2502	306.2828	41.44033	180	0	180
627.4546	0.3007813	0.3320313	-0.4677734	-84.25	8.40625	-42.5625	-0.5166016	0.1601563	1.669922	-1.75	2.25	-0.21875	0	0	0	0	0	0	164.2502	306.2828	41.44033	180	0	180
627.4888	0.3007813	0.3320313	-0.4677734	-84.25	8.40625	-42.5625	-0.5166016	0.1601563	1.669922	-1.75	2.25	-0.21875	0	0	0	0	0	0	164.2502	306.2828	41.44033	180	0	180
627.5216	0.3007813	0.3320313	-0.4677734	-84.25	8.40625	-42.5625	-0.5166016	0.1601563	1.669922	-1.75	2.25	-0.21875	0	0	0	0	0	0	164.2502	306.2828	41.44033	180	0	180
627.5548	0.3007813	0.3320313	-0.4677734	-84.25	8.40625	-42.5625	-0.5166016	0.1601563	1.669922	-1.75	2.25	-0.21875	0	0	0	0	0	0	164.2502	306.2828	41.44033	180	0	180
627.5891	-0.07519531	0.3115234	-0.3339844	-52.4375	-13.4375	-21.4375	-0.5166016	0.1601563	1.669922	-1.75	2.25	-0.21875	0	0	0	0	0	0	164.2502	306.2828	41.44033	180	0	180
627.6216	-0.07519531	0.3115234	-0.3339844	-52.4375	-13.4375	-21.4375	-0.5166016	0.1601563	1.669922	-1.75	2.25	-0.21875	0	0	0	0	0	0	164.2502	306.2828	41.44033	180	0	180
627.6548	0.2392578	1.023438	-0.1376953	-27.25	-4.90625	-10.9375	-0.5166016	0.1601563	1.669922	-1.75	2.25	-0.21875	0	0	0	0	0	0	164.2502	306.2828	41.44033	180	0	180
627.6887	0.2392578	1.023438	-0.1376953	-27.25	-4.90625	-10.9375	-0.5166016	0.1601563	1.669922	-1.75	2.25	-0.21875	0	0	0	0	0	0	164.2502	306.2828	41.44033	180	0	180
627.7214	0.2392578	1.023438	-0.1376953	-27.25	-4.90625	-10.9375	-0.5166016	0.1601563	1.669922	-1.75	2.25	-0.21875	0	0	0	0	0	0	164.2502	306.2828	41.44033	180	0	180
627.7547	-0.1572266	1.157227	-0.02148438	-4.65625	-26.5625	0.71875	-0.5166016	0.1601563	1.669922	-1.75	2.25	-0.21875	0	0	0	0	0	0	164.2502	306.2828	41.44033	180	0	180
627.7886	-0.1572266	1.157227	-0.02148438	-4.65625	-26.5625	0.71875	-0.5166016	0.1601563	1.669922	-1.75	2.25	-0.21875	0	0	0	0	0	0	164.2502	306.2828	41.44033	180	0	180
627.8216	-0.1572266	1.157227	-0.02148438	-4.65625	-26.5625	0.71875	-0.5166016	0.1601563	1.669922	-1.75	2.25	-0.21875	0	0	0	0	0	0	164.2502	306.2828	41.44033	180	0	180
627.8546	-0.3388672	1.193359	0.08691406	-23.40625	-19.25	-15.09375	-0.5166016	0.1601563	1.669922	-1.75	2.25	-0.21875	0	0	0	0	0	0	164.2502	306.2828	41.44033	180	0	180
627.8889	-0.3388672	1.193359	0.08691406	-23.40625	-19.25	-15.09375	-0.5166016	0.1601563	1.669922	-1.75	2.25	-0.21875	0	0	0	0	0	0	164.2502	306.2828	41.44033	180	0	180
627.9217	-0.3388672	1.193359	0.08691406	-23.40625	-19.25	-15.09375	-0.8330078	0.5234375	1.217773	43.375	-15.21875	68.5	0	0	0	0	0	0	164.2502	306.2828	41.44033	180	0	180
627.9553	-0.4013672	1.254883	0.34375	-10.8125	-53.90625	-20.03125	-0.8330078	0.5234375	1.217773	43.375	-15.21875	68.5	0	0	0	0	0	0	164.2502	306.2828	41.44033	180	0	180
627.9892	-0.4013672	1.254883	0.34375	-10.8125	-53.90625	-20.03125	-0.8330078	0.5234375	1.217773	43.375	-15.21875	68.5	0	0	0	0	0	0	164.2502	306.2828	41.44033	180	0	180
628.0416	-0.4013672	1.254883	0.34375	-10.8125	-53.90625	-20.03125	-0.8330078	0.5234375	1.217773	43.375	-15.21875	68.5	0	0	0	0	0	0	164.2502	306.2828	41.44033	180	0	180
628.0438	-0.4013672	1.254883	0.34375	-10.8125	-53.90625	-20.03125	-0.8330078	0.5234375	1.217773	43.375	-15.21875	68.5	0	0	0	0	0	0	164.2502	306.2828	41.44033	180	0	180
628.0753	-0.2890625	1.283203	0.1474609	-11.125	-34.4375	-10.09375	-0.8330078	0.5234375	1.217773	43.375	-15.21875	68.5	0	0	0	0	0	0	164.2502	306.2828	41.44033	180	0	180
628.1079	-0.2890625	1.283203	0.1474609	-11.125	-34.4375	-10.09375	-0.8330078	0.5234375	1.217773	43.375	-15.21875	68.5	0	0	0	0	0	0	164.2502	306.2828	41.44033	180	0	180
628.1416	0.04785156	0.9765625	0.05078125	10.0625	-23.34375	-0.5625	-0.8330078	0.5234375	1.217773	43.375	-15.21875	68.5	0	0	0	0	0	0	164.2502	306.2828	41.44033	180	0	180
628.1757	0.04785156	0.9765625	0.05078125	10.0625	-23.34375	-0.5625	-0.8330078	0.5234375	1.217773	43.375	-15.21875	68.5	0	0	0	0	0	0	164.2502	306.2828	41.44033	180	0	180
628.2085	0.04785156	0.9765625	0.05078125	10.0625	-23.34375	-0.5625	-0.8330078	0.5234375	1.217773	43.375	-15.21875	68.5	0	0	0	0	0	0	164.2502	306.2828	41.44033	180	0	180
628.2417	-0.09667969	0.9931641	-0.01464844	13.40625	-41.75	6.5625	-0.8330078	0.5234375	1.217773	43.375	-15.21875	68.5	0	0	0	0	0	0	164.2502	306.2828	41.44033	180	0	180
628.2763	-0.09667969	0.9931641	-0.01464844	13.40625	-41.75	6.5625	-0.8330078	0.5234375	1.217773	43.375	-15.21875	68.5	0	0	0	0	0	0	164.2502	306.2828	41.44033	180	0	180
628.3087	-0.3613281	1.070313	0.08105469	26.65625	-17.28125	6.9375	-0.8330078	0.5234375	1.217773	43.375	-15.21875	68.5	0	0	0	0	0	0	164.2502	306.2828	41.44033	180	0	180
628.3419	-0.3613281	1.070313	0.08105469	26.65625	-17.28125	6.9375	-0.8330078	0.5234375	1.217773	43.375	-15.21875	68.5	0	0	0	0	0	0	164.2502	306.2828	41.44033	180	0	180
628.376	-0.3613281	1.070313	0.08105469	26.65625	-17.28125	6.9375	-0.8330078	0.5234375	1.217773	43.375	-15.21875	68.5	0	0	0	0	0	0	164.2502	306.2828	41.44033	180	0	180
628.4086	-0.09667969	0.9707031	0.04101563	20.625	-9.59375	-2.8125	-0.8330078	0.5234375	1.217773	43.375	-15.21875	68.5	0	0	0	0	0	0	164.2502	306.2828	41.44033	180	0	180
628.4425	-0.09667969	0.9707031	0.04101563	20.625	-9.59375	-2.8125	-0.8330078	0.5234375	1.217773	43.375	-15.21875	68.5	0	0	0	0	0	0	164.2502	306.2828	41.44033	180	0	180
628.4765	-0.09667969	0.9707031	0.04101563	20.625	-9.59375	-2.8125	-0.8330078	0.5234375	1.217773	43.375	-15.21875	68.5	0	0	0	0	0	0	164.2502	306.2828	41.44033	180	0	180
628.5095	-0.09667969	0.9707031	0.04101563	20.625	-9.59375	-2.8125	-0.1816406	1.103516	1.217773	6.1875	2.75	11.96875	0	0	0	0	0	0	164.2502	306.2828	41.44033	180	0	180
628.5431	0.01269531	0.9257813	-0.2441406	16.46875	8.09375	-2.15625	-0.1816406	1.103516	1.217773	6.1875	2.75	11.96875	0	0	0	0	0	0	110.0713	237.363	67.9206	180	0	180
628.5775	0.01269531	0.9257813	-0.2441406	16.46875	8.09375	-2.15625	-0.1816406	1.103516	1.217773	6.1875	2.75	11.96875	0	0	0	0	0	0	110.0713	237.363	67.9206	180	0	180
628.61	0.08789063	0.8320313	-0.06835938	13.65625	13.15625	4.1875	-0.1816406	1.103516	1.217773	6.1875	2.75	11.96875	0	0	0	0	0	0	110.0713	237.363	67.9206	180	0	180
628.6429	0.08789063	0.8320313	-0.06835938	13.65625	13.15625	4.1875	-0.1816406	1.103516	1.217773	6.1875	2.75	11.96875	0	0	0	0	0	0	110.0713	237.363	67.9206	180	0	180
628.6768	0.08789063	0.8320313	-0.06835938	13.65625	13.15625	4.1875	-0.1816406	1.103516	1.217773	6.1875	2.75	11.96875	0	0	0	0	0	0	110.0713	237.363	67.9206	180	0	180
628.7098	0.008789063	0.9746094	0.02929688	5.28125	11.03125	-0.25	-0.1816406	1.103516	1.217773	6.1875	2.75	11.96875	0	0	0	0	0	0	110.0713	237.363	67.9206	180	0	180
628.743	0.008789063	0.9746094	0.02929688	5.28125	11.03125	-0.25	-0.1816406	1.103516	1.217773	6.1875	2.75	11.96875	0	0	0	0	0	0	110.0713	237.363	67.9206	180	0	180
628.7773	0.008789063	0.9746094	0.02929688	5.28125	11.03125	-0.25	-0.1816406	1.103516	1.217773	6.1875	2.75	11.96875	0	0	0	0	0	0	110.0713	237.363	67.9206	180	0	180
628.8101	-0.01953125	0.9130859	-0.1367188	10.59375	30.5625	4.625	-0.1816406	1.103516	1.217773	6.1875	2.75	11.96875	0	0	0	0	0	0	110.0713	237.363	67.9206	180	0	180
628.8433	-0.01953125	0.9130859	-0.1367188	10.59375	30.5625	4.625	-0.1816406	1.103516	1.217773	6.1875	2.75	11.96875	0	0	0	0	0	0	110.0713	237.363	67.9206	180	0	180
628.8777	-0.01953125	0.9130859	-0.1367188	10.59375	30.5625	4.625	-0.1816406	1.103516	1.217773	6.1875	2.75	11.96875	0	0	0	0	0	0	110.0713	237.363	67.9206	180	0	180
628.9104	-0.2148438	1.018555	-0.1503906	12.3125	0.84375	3.71875	-0.1816406	1.103516	1.217773	6.1875	2.75	11.96875	0	0	0	0	0	0	110.0713	237.363	67.9206	180	0	180
628.9435	-0.2148438	1.018555	-0.1503906	12.3125	0.84375	3.71875	-0.1816406	1.103516	1.217773	6.1875	2.75	11.96875	0	0	0	0	0	0	110.0713	237.363	67.9206	180	0	180
628.9771	-0.2148438	1.018555	-0.1503906	12.3125	0.84375	3.71875	-0.1816406	1.103516	1.217773	6.1875	2.75	11.96875	0	0	0	0	0	0	110.0713	237.363	67.9206	180	0	180
629.0103	0.109375	1.014648	-0.1367188	9.09375	-2.625	5.71875	-0.1816406	1.103516	1.217773	6.1875	2.75	11.96875	0	0	0	0	0	0	110.0713	237.363	67.9206	180	0	180
629.0436	0.109375	1.014648	-0.1367188	9.09375	-2.625	5.71875	-0.1816406	1.103516	1.217773	6.1875	2.75	11.96875	0	0	0	0	0	0	110.0713	237.363	67.9206	180	0	180
629.0778	0.109375	1.014648	-0.1367188	9.09375	-2.625	5.71875	-0.1816406	1.103516	1.217773	6.1875	2.75	11.96875	0	0	0	0	0	0	99.59853	196.9034	103.7399	180	0	180
629.111	-0.0546875	0.8496094	0.001953125	-1	5.96875	1.03125	-0.1816406	1.103516	1.217773	6.1875	2.75	11.96875	0	0	0	0	0	0	99.59853	196.9034	103.7399	180	0	180
629.1439	-0.0546875	0.8496094	0.001953125	-1	5.96875	1.03125	-0.1816406	1.103516	1.217773	6.1875	2.75	11.96875	0	0	0	0	0	0	99.59853	196.9034	103.7399	180	0	180
629.1784	-0.0546875	0.8496094	0.001953125	-1	5.96875	1.03125	-0.1816406	1.103516	1.217773	6.1875	2.75	11.96875	0	0	0	0	0	0	99.59853	196.9034	103.7399	180	0	180
629.2106	0.09960938	0.9873047	-0.1591797	4.25	12.5	1.3125	-0.1816406	1.103516	1.217773	6.1875	2.75	11.96875	0	0	0	0	0	0	99.59853	196.9034	103.7399	180	0	180
629.2451	0.09960938	0.9873047	-0.1591797	4.25	12.5	1.3125	-0.1816406	1.103516	1.217773	6.1875	2.75	11.96875	0	0	0	0	0	0	99.59853	196.9034	103.7399	180	0	180
629.2786	0.078125	1.048828	-0.1806641	-2.8125	16.09375	-2.21875	-0.1816406	1.103516	1.217773	6.1875	2.75	11.96875	0	0	0	0	0	0	99.59853	196.9034	103.7399	180	0	180
629.3112	0.078125	1.048828	-0.1806641	-2.8125	16.09375	-2.21875	-0.1816406	1.103516	1.217773	6.1875	2.75	11.96875	0	0	0	0	0	0	99.59853	196.9034	103.7399	180	0	180
629.3456	0.078125	1.048828	-0.1806641	-2.8125	16.09375	-2.21875	0.1240234	1.044922	0.7431641	0.625	-38.40625	-7.84375	0	0	0	0	0	0	99.59853	196.9034	103.7399	180	0	180
629.3795	0.01855469	0.9052734	-0.2792969	2.125	13.34375	-1.84375	0.1240234	1.044922	0.7431641	0.625	-38.40625	-7.84375	0	0	0	0	0	0	99.59853	196.9034	103.7399	180	0	180
629.4118	0.01855469	0.9052734	-0.2792969	2.125	13.34375	-1.84375	0.1240234	1.044922	0.7431641	0.625	-38.40625	-7.84375	0	0	0	0	0	0	99.59853	196.9034	103.7399	180	0	180
629.4461	0.01855469	0.9052734	-0.2792969	2.125	13.34375	-1.84375	0.1240234	1.044922	0.7431641	0.625	-38.40625	-7.84375	0	0	0	0	0	0	99.59853	196.9034	103.7399	180	0	180
629.4794	0.078125	0.9345703	-0.2851563	6.09375	6.21875	0.53125	0.09375	1.094727	0.4648438	42.9375	2.84375	7.71875	0	0	0	0	0	0	112.6808	197.4528	102.5901	180	0	180
629.5123	0.078125	0.9345703	-0.2851563	6.09375	6.21875	0.53125	0.09375	1.094727	0.4648438	42.9375	2.84375	7.71875	0	0	0	0	0	0	112.6808	197.4528	102.5901	180	0	180
629.5461	0.078125	0.9345703	-0.2851563	6.09375	6.21875	0.53125	0.09375	1.094727	0.4648438	42.9375	2.84375	7.71875	0	0	0	0	0	0	112.6808	197.4528	102.5901	180	0	180
629.5798	-0.01464844	0.8847656	-0.05566406	10.125	4.8125	0.46875	0.09375	1.094727	0.4648438	42.9375	2.84375	7.71875	0	0	0	0	0	0	112.6808	197.4528	102.5901	180	0	180
629.6133	-0.01464844	0.8847656	-0.05566406	10.125	4.8125	0.46875	0.09375	1.094727	0.4648438	42.9375	2.84375	7.71875	0	0	0	0	0	0	112.6808	197.4528	102.5901	180	0	180
629.6471	-0.01464844	0.8847656	-0.05566406	10.125	4.8125	0.46875	0.09375	1.094727	0.4648438	42.9375	2.84375	7.71875	0	0	0	0	0	0	112.6808	197.4528	102.5901	180	0	180
629.6808	-0.01464844	0.8847656	-0.05566406	10.125	4.8125	0.46875	0.09375	1.094727	0.4648438	42.9375	2.84375	7.71875	0	0	0	0	0	0	112.6808	197.4528	102.5901	180	0	180
629.7136	-0.1044922	1.067383	-0.2324219	30.25	21.90625	11.875	0.09375	1.094727	0.4648438	42.9375	2.84375	7.71875	0	0	0	0	0	0	112.6808	197.4528	102.5901	180	0	180
629.7473	-0.1044922	1.067383	-0.2324219	30.25	21.90625	11.875	0.09375	1.094727	0.4648438	42.9375	2.84375	7.71875	0	0	0	0	0	0	112.6808	197.4528	102.5901	180	0	180
629.7815	0.1572266	0.9570313	-0.3476563	43.6875	23.0625	18.78125	0.09375	1.094727	0.4648438	42.9375	2.84375	7.71875	0	0	0	0	0	0	112.6808	197.4528	102.5901	180	0	180
629.8133	0.1572266	0.9570313	-0.3476563	43.6875	23.0625	18.78125	0.09375	1.094727	0.4648438	42.9375	2.84375	7.71875	0	0	0	0	0	0	112.6808	197.4528	102.5901	180	0	180
629.8475	0.1572266	0.9570313	-0.3476563	43.6875	23.0625	18.78125	0.09375	1.094727	0.4648438	42.9375	2.84375	7.71875	0	0	0	0	0	0	115.031	205.2936	99.11165	180	0	180
629.8817	0.07226563	1.199219	-0.4042969	31.84375	32.8125	5.46875	0.09375	1.094727	0.4648438	42.9375	2.84375	7.71875	0	0	0	0	0	0	115.031	205.2936	99.11165	180	0	180
629.9138	0.07226563	1.199219	-0.4042969	31.84375	32.8125	5.46875	0.09375	1.094727	0.4648438	42.9375	2.84375	7.71875	0	0	0	0	0	0	115.031	205.2936	99.11165	180	0	180
629.9482	0.07226563	1.199219	-0.4042969	31.84375	32.8125	5.46875	0.09375	1.094727	0.4648438	42.9375	2.84375	7.71875	0	0	0	0	0	0	115.031	205.2936	99.11165	180	0	180
629.9813	-0.006835938	1.039063	-0.2470703	6.03125	-2.9375	-6.59375	0.09375	1.094727	0.4648438	42.9375	2.84375	7.71875	0	0	0	0	0	0	115.031	205.2936	99.11165	180	0	180
630.0139	0.01367188	0.8222656	-0.3417969	7.5625	9.125	-4.28125	0.09375	1.094727	0.4648438	42.9375	2.84375	7.71875	0	0	0	0	0	0	115.031	205.2936	99.11165	180	0	180
630.048	0.01367188	0.8222656	-0.3417969	7.5625	9.125	-4.28125	0.09375	1.094727	0.4648438	42.9375	2.84375	7.71875	0	0	0	0	0	0	115.031	205.2936	99.11165	180	0	180
630.0818	-0.1972656	1.050781	-0.4423828	4.9375	-3.25	-2.625	0.09375	1.094727	0.4648438	42.9375	2.84375	7.71875	0	0	0	0	0	0	115.031	205.2936	99.11165	180	0	180
630.1139	-0.1972656	1.050781	-0.4423828	4.9375	-3.25	-2.625	0.09375	1.094727	0.4648438	42.9375	2.84375	7.71875	0	0	0	0	0	0	115.031	205.2936	99.11165	180	0	180
630.1483	-0.1972656	1.050781	-0.4423828	4.9375	-3.25	-2.625	0.09375	1.094727	0.4648438	42.9375	2.84375	7.71875	0	0	0	0	0	0	117.878	209.2054	93.71677	180	0	180
630.1819	0.0546875	1.019531	-0.2011719	-0.25	-15.03125	-7.8125	0.09375	1.094727	0.4648438	42.9375	2.84375	7.71875	0	0	0	0	0	0	117.878	209.2054	93.71677	180	0	180
630.2139	0.0546875	1.019531	-0.2011719	-0.25	-15.03125	-7.8125	0.09375	1.094727	0.4648438	42.9375	2.84375	7.71875	0	0	0	0	0	0	117.878	209.2054	93.71677	180	0	180
630.2478	0.0546875	1.019531	-0.2011719	-0.25	-15.03125	-7.8125	0.09375	1.094727	0.4648438	42.9375	2.84375	7.71875	0	0	0	0	0	0	117.878	209.2054	93.71677	180	0	180
630.2819	-0.078125	1.015625	-0.2529297	-18.3125	-15.03125	-11.1875	0.09375	1.094727	0.4648438	42.9375	2.84375	7.71875	0	0	0	0	0	0	117.878	209.2054	93.71677	180	0	180
630.314	-0.078125	1.015625	-0.2529297	-18.3125	-15.03125	-11.1875	0.09375	1.094727	0.4648438	42.9375	2.84375	7.71875	0	0	0	0	0	0	117.878	209.2054	93.71677	180	0	180
630.3482	-0.01464844	1.124023	-0.1865234	-26.5625	10.375	-23.9375	0.09375	1.094727	0.4648438	42.9375	2.84375	7.71875	0	0	0	0	0	0	117.878	209.2054	93.71677	180	0	180
630.3818	-0.01464844	1.124023	-0.1865234	-26.5625	10.375	-23.9375	0.09375	1.094727	0.4648438	42.9375	2.84375	7.71875	0	0	0	0	0	0	117.878	209.2054	93.71677	180	0	180
630.414	-0.01464844	1.124023	-0.1865234	-26.5625	10.375	-23.9375	0.09375	1.094727	0.4648438	42.9375	2.84375	7.71875	0	0	0	0	0	0	117.878	209.2054	93.71677	180	0	180
630.4482	-0.01464844	1.124023	-0.1865234	-26.5625	10.375	-23.9375	0.09375	1.094727	0.4648438	42.9375	2.84375	7.71875	0	0	0	0	0	0	117.878	209.2054	93.71677	180	0	180
630.4829	0.1757813	0.07910156	-0.5488281	-31.625	54	-15.15625	0.09375	1.094727	0.4648438	42.9375	2.84375	7.71875	0	0	0	0	0	0	117.878	209.2054	93.71677	180	0	180
630.5145	0.1757813	0.07910156	-0.5488281	-31.625	54	-15.15625	0.09375	1.094727	0.4648438	42.9375	2.84375	7.71875	0	0	0	0	0	0	117.878	209.2054	93.71677	180	0	180
630.5483	0.1757813	0.07910156	-0.5488281	-31.625	54	-15.15625	0.09375	1.094727	0.4648438	42.9375	2.84375	7.71875	0	0	0	0	0	0	117.878	209.2054	93.71677	180	0	180
630.5818	-0.1679688	1.019531	-0.3154297	-0.0625	18.84375	-6.84375	0.09375	1.094727	0.4648438	42.9375	2.84375	7.71875	0	0	0	0	0	0	117.878	209.2054	93.71677	180	0	180
630.6143	-0.1679688	1.019531	-0.3154297	-0.0625	18.84375	-6.84375	0.09375	1.094727	0.4648438	42.9375	2.84375	7.71875	0	0	0	0	0	0	117.878	209.2054	93.71677	180	0	180
630.6484	-0.1679688	1.019531	-0.3154297	-0.0625	18.84375	-6.84375	0.09375	1.094727	0.4648438	42.9375	2.84375	7.71875	0	0	0	0	0	0	117.878	209.2054	93.71677	180	0	180
630.7073	0.2402344	1.12793	-0.2724609	-4.34375	21.03125	15.90625	0.09375	1.094727	0.4648438	42.9375	2.84375	7.71875	0	0	0	0	0	0	117.878	209.2054	93.71677	180	0	180
630.7089	0.2402344	1.12793	-0.2724609	-4.34375	21.03125	15.90625	0.09375	1.094727	0.4648438	42.9375	2.84375	7.71875	0	0	0	0	0	0	117.878	209.2054	93.71677	180	0	180
630.7412	-0.1230469	1.355469	-0.2861328	-3.125	17.375	9.6875	0.09375	1.094727	0.4648438	42.9375	2.84375	7.71875	0	0	0	0	0	0	117.878	209.2054	93.71677	180	0	180
630.7745	-0.1230469	1.355469	-0.2861328	-3.125	17.375	9.6875	0.09375	1.094727	0.4648438	42.9375	2.84375	7.71875	0	0	0	0	0	0	117.878	209.2054	93.71677	180	0	180
630.8072	-0.1230469	1.355469	-0.2861328	-3.125	17.375	9.6875	0.09375	1.094727	0.4648438	42.9375	2.84375	7.71875	0	0	0	0	0	0	117.878	209.2054	93.71677	180	0	180
630.8414	0.06054688	0.7119141	-0.1953125	-11	-33.15625	-3.1875	0.09375	1.094727	0.4648438	42.9375	2.84375	7.71875	0	0	0	0	0	0	134.408	226.6432	80.57867	180	0	180
630.8746	0.06054688	0.7119141	-0.1953125	-11	-33.15625	-3.1875	0.09375	1.094727	0.4648438	42.9375	2.84375	7.71875	0	0	0	0	0	0	134.408	226.6432	80.57867	180	0	180
630.9075	0.06054688	0.7119141	-0.1953125	-11	-33.15625	-3.1875	0.09375	1.094727	0.4648438	42.9375	2.84375	7.71875	0	0	0	0	0	0	134.408	226.6432	80.57867	180	0	180
630.941	0.06054688	0.7119141	-0.1953125	-11	-33.15625	-3.1875	0.09375	1.094727	0.4648438	42.9375	2.84375	7.71875	0	0	0	0	0	0	134.408	226.6432	80.57867	180	0	180
630.9755	0.1142578	0.6337891	0.06054688	-27.59375	-10.34375	9.4375	0.09375	1.094727	0.4648438	42.9375	2.84375	7.71875	0	0	0	0	0	0	134.408	226.6432	80.57867	180	0	180
631.0074	0.1142578	0.6337891	0.06054688	-27.59375	-10.34375	9.4375	0.09375	1.094727	0.4648438	42.9375	2.84375	7.71875	0	0	0	0	0	0	134.408	226.6432	80.57867	180	0	180
631.0419	0.1142578	0.6337891	0.06054688	-27.59375	-10.34375	9.4375	0.09375	1.094727	0.4648438	42.9375	2.84375	7.71875	0	0	0	0	0	0	134.408	226.6432	80.57867	180	0	180
631.0753	-0.08105469	1.086914	-0.2158203	-5.21875	-18.5625	-13.9375	0.09375	1.094727	0.4648438	42.9375	2.84375	7.71875	0	0	0	0	0	0	147.1956	244.6145	63.15365	180	0	180
631.1077	-0.08105469	1.086914	-0.2158203	-5.21875	-18.5625	-13.9375	0.09375	1.094727	0.4648438	42.9375	2.84375	7.71875	0	0	0	0	0	0	147.1956	244.6145	63.15365	180	0	180
631.142	-0.1699219	1.158203	-0.2119141	-44.375	16.9375	-27.84375	0.09375	1.094727	0.4648438	42.9375	2.84375	7.71875	0	0	0	0	0	0	147.1956	244.6145	63.15365	180	0	180
631.1756	-0.1699219	1.158203	-0.2119141	-44.375	16.9375	-27.84375	0.09375	1.094727	0.4648438	42.9375	2.84375	7.71875	0	0	0	0	0	0	147.1956	244.6145	63.15365	180	0	180
631.2076	-0.1699219	1.158203	-0.2119141	-44.375	16.9375	-27.84375	0.09375	1.094727	0.4648438	42.9375	2.84375	7.71875	0	0	0	0	0	0	147.1956	244.6145	63.15365	180	0	180
631.2419	0.1679688	0.7666016	-0.3017578	-40.1875	33.90625	-23.5	0.09375	1.094727	0.4648438	42.9375	2.84375	7.71875	0	0	0	0	0	0	147.1956	244.6145	63.15365	180	0	180
631.2755	0.1679688	0.7666016	-0.3017578	-40.1875	33.90625	-23.5	0.09375	1.094727	0.4648438	42.9375	2.84375	7.71875	0	0	0	0	0	0	147.1956	244.6145	63.15365	180	0	180
631.3085	0.1679688	0.7666016	-0.3017578	-40.1875	33.90625	-23.5	0.09375	1.094727	0.4648438	42.9375	2.84375	7.71875	0	0	0	0	0	0	147.1956	244.6145	63.15365	180	0	180
631.3417	-0.1494141	0.9443359	-0.2451172	-14.96875	8.84375	-15.09375	0.09375	1.094727	0.4648438	42.9375	2.84375	7.71875	0	0	0	0	0	0	147.1956	244.6145	63.15365	180	0	180
631.3758	-0.1494141	0.9443359	-0.2451172	-14.96875	8.84375	-15.09375	0.09375	1.094727	0.4648438	42.9375	2.84375	7.71875	0	0	0	0	0	0	147.1956	244.6145	63.15365	180	0	180
631.4084	-0.1494141	0.9443359	-0.2451172	-14.96875	8.84375	-15.09375	0.09375	1.094727	0.4648438	42.9375	2.84375	7.71875	0	0	0	0	0	0	147.1956	244.6145	63.15365	180	0	180
631.4426	0.01269531	0.8964844	-0.2158203	-0.4375	10.25	13.53125	0.09375	1.094727	0.4648438	42.9375	2.84375	7.71875	0	0	0	0	0	0	147.1956	244.6145	63.15365	180	0	180
631.4768	0.01269531	0.8964844	-0.2158203	-0.4375	10.25	13.53125	0.09375	1.094727	0.4648438	42.9375	2.84375	7.71875	0	0	0	0	0	0	147.1956	244.6145	63.15365	180	0	180
631.5092	0.01269531	0.8964844	-0.2158203	-0.4375	10.25	13.53125	0.09375	1.094727	0.4648438	42.9375	2.84375	7.71875	0	0	0	0	0	0	147.1956	244.6145	63.15365	180	0	180
631.5432	-0.06738281	1.044922	-0.1386719	-35.125	-13.9375	-2.09375	0.09375	1.094727	0.4648438	42.9375	2.84375	7.71875	0	0	0	0	0	0	147.1956	244.6145	63.15365	180	0	180
631.5771	-0.06738281	1.044922	-0.1386719	-35.125	-13.9375	-2.09375	0.09375	1.094727	0.4648438	42.9375	2.84375	7.71875	0	0	0	0	0	0	147.1956	244.6145	63.15365	180	0	180
631.6097	0.08886719	0.828125	-0.5712891	-23.4375	-65.8125	13.28125	0.09375	1.094727	0.4648438	42.9375	2.84375	7.71875	0	0	0	0	0	0	147.1956	244.6145	63.15365	180	0	180
631.644	0.08886719	0.828125	-0.5712891	-23.4375	-65.8125	13.28125	0.09375	1.094727	0.4648438	42.9375	2.84375	7.71875	0	0	0	0	0	0	147.1956	244.6145	63.15365	180	0	180
631.678	0.08886719	0.828125	-0.5712891	-23.4375	-65.8125	13.28125	0.09375	1.094727	0.4648438	42.9375	2.84375	7.71875	0	0	0	0	0	0	147.1956	244.6145	63.15365	180	0	180
631.7101	0.08886719	0.828125	-0.5712891	-23.4375	-65.8125	13.28125	0.09375	1.094727	0.4648438	42.9375	2.84375	7.71875	0	0	0	0	0	0	147.1956	244.6145	63.15365	180	0	180
631.7444	-0.04101563	1.429688	-0.2675781	14.875	-15.03125	12	0.09375	1.094727	0.4648438	42.9375	2.84375	7.71875	0	0	0	0	0	0	147.1956	244.6145	63.15365	180	0	180
631.7783	-0.04101563	1.429688	-0.2675781	14.875	-15.03125	12	0.09375	1.094727	0.4648438	42.9375	2.84375	7.71875	0	0	0	0	0	0	147.1956	244.6145	63.15365	180	0	180
631.8104	-0.09570313	1.0625	-0.2324219	38.5	5.59375	-8.625	0.09375	1.094727	0.4648438	42.9375	2.84375	7.71875	0	0	0	0	0	0	147.1956	244.6145	63.15365	180	0	180
631.8442	-0.09570313	1.0625	-0.2324219	38.5	5.59375	-8.625	0.09375	1.094727	0.4648438	42.9375	2.84375	7.71875	0	0	0	0	0	0	147.1956	244.6145	63.15365	180	0	180
631.8785	-0.09570313	1.0625	-0.2324219	38.5	5.59375	-8.625	0.09375	1.094727	0.4648438	42.9375	2.84375	7.71875	0	0	0	0	0	0	147.1956	244.6145	63.15365	180	0	180
631.9105	-0.02636719	0.7705078	-0.03808594	-58.3125	36.96875	-32.4375	0.09375	1.094727	0.4648438	42.9375	2.84375	7.71875	0	0	0	0	0	0	147.1956	244.6145	63.15365	180	0	180
631.9443	-0.02636719	0.7705078	-0.03808594	-58.3125	36.96875	-32.4375	0.09375	1.094727	0.4648438	42.9375	2.84375	7.71875	0	0	0	0	0	0	147.1956	244.6145	63.15365	180	0	180
631.9777	-0.02636719	0.7705078	-0.03808594	-58.3125	36.96875	-32.4375	0.09375	1.094727	0.4648438	42.9375	2.84375	7.71875	0	0	0	0	0	0	147.1956	244.6145	63.15365	180	0	180
632.0104	0.3798828	1.320313	-0.5244141	45.875	77.625	-31.875	0.09375	1.094727	0.4648438	42.9375	2.84375	7.71875	0	0	0	0	0	0	147.1956	244.6145	63.15365	180	0	180
632.0443	0.3798828	1.320313	-0.5244141	45.875	77.625	-31.875	0.09375	1.094727	0.4648438	42.9375	2.84375	7.71875	0	0	0	0	0	0	126.1136	233.6694	72.78561	180	0	180
632.0779	0.3798828	1.320313	-0.5244141	45.875	77.625	-31.875	0.09375	1.094727	0.4648438	42.9375	2.84375	7.71875	0	0	0	0	0	0	126.1136	233.6694	72.78561	180	0	180
632.111	0.000976563	1.544922	-0.5244141	11.40625	75.96875	-5.4375	0.09375	1.094727	0.4648438	42.9375	2.84375	7.71875	0	0	0	0	0	0	126.1136	233.6694	72.78561	180	0	180
632.1445	0.000976563	1.544922	-0.5244141	11.40625	75.96875	-5.4375	0.09375	1.094727	0.4648438	42.9375	2.84375	7.71875	0	0	0	0	0	0	126.1136	233.6694	72.78561	180	0	180
632.1777	0.000976563	1.544922	-0.5244141	11.40625	75.96875	-5.4375	0.09375	1.094727	0.4648438	42.9375	2.84375	7.71875	0	0	0	0	0	0	126.1136	233.6694	72.78561	180	0	180
632.2111	-0.04199219	0.8261719	0.02734375	18.84375	-6.5	19.40625	0.09375	1.094727	0.4648438	42.9375	2.84375	7.71875	0	0	0	0	0	0	126.1136	233.6694	72.78561	180	0	180
632.2449	-0.04199219	0.8261719	0.02734375	18.84375	-6.5	19.40625	0.09375	1.094727	0.4648438	42.9375	2.84375	7.71875	0	0	0	0	0	0	126.1136	233.6694	72.78561	180	0	180
632.2783	-0.04199219	0.8261719	0.02734375	18.84375	-6.5	19.40625	0.09375	1.094727	0.4648438	42.9375	2.84375	7.71875	0	0	0	0	0	0	126.1136	233.6694	72.78561	180	0	180
632.3116	-0.04199219	0.8261719	0.02734375	18.84375	-6.5	19.40625	-0.5820313	0.8525391	1.214844	-42.09375	-78.125	-63.6875	0	0	0	0	0	0	126.1136	233.6694	72.78561	180	0	180
632.3449	-0.05664063	0.5546875	-0.1152344	-11.4375	-45.375	-10.625	-0.5820313	0.8525391	1.214844	-42.09375	-78.125	-63.6875	0	0	0	0	0	0	126.1136	233.6694	72.78561	180	0	180
632.3787	-0.05664063	0.5546875	-0.1152344	-11.4375	-45.375	-10.625	-0.5820313	0.8525391	1.214844	-42.09375	-78.125	-63.6875	0	0	0	0	0	0	126.1136	233.6694	72.78561	180	0	180
632.4118	-0.06835938	1.041016	-0.578125	24.15625	7.125	45.28125	-0.5820313	0.8525391	1.214844	-42.09375	-78.125	-63.6875	0	0	0	0	0	0	126.1136	233.6694	72.78561	180	0	180
632.4461	-0.06835938	1.041016	-0.578125	24.15625	7.125	45.28125	-0.5820313	0.8525391	1.214844	-42.09375	-78.125	-63.6875	0	0	0	0	0	0	126.1136	233.6694	72.78561	180	0	180
632.4794	-0.06835938	1.041016	-0.578125	24.15625	7.125	45.28125	-0.5820313	0.8525391	1.214844	-42.09375	-78.125	-63.6875	0	0	0	0	0	0	126.1136	233.6694	72.78561	180	0	180
632.5123	0.04003906	0.8613281	-0.3876953	-10.03125	-7.28125	-16.6875	-0.5820313	0.8525391	1.214844	-42.09375	-78.125	-63.6875	0	0	0	0	0	0	126.1136	233.6694	72.78561	180	0	180
632.5457	0.04003906	0.8613281	-0.3876953	-10.03125	-7.28125	-16.6875	-0.5820313	0.8525391	1.214844	-42.09375	-78.125	-63.6875	0	0	0	0	0	0	126.1136	233.6694	72.78561	180	0	180
632.5792	0.04003906	0.8613281	-0.3876953	-10.03125	-7.28125	-16.6875	-0.5820313	0.8525391	1.214844	-42.09375	-78.125	-63.6875	0	0	0	0	0	0	126.1136	233.6694	72.78561	180	0	180
632.6125	0.1005859	1	-0.1113281	-24.75	28.5625	-16.5	-0.5820313	0.8525391	1.214844	-42.09375	-78.125	-63.6875	0	0	0	0	0	0	126.1136	233.6694	72.78561	180	0	180
632.6463	0.1005859	1	-0.1113281	-24.75	28.5625	-16.5	-0.5820313	0.8525391	1.214844	-42.09375	-78.125	-63.6875	0	0	0	0	0	0	126.1136	233.6694	72.78561	180	0	180
632.6797	0.1005859	1	-0.1113281	-24.75	28.5625	-16.5	-0.5820313	0.8525391	1.214844	-42.09375	-78.125	-63.6875	0	0	0	0	0	0	126.1136	233.6694	72.78561	180	0	180
632.713	0.4160156	0.5195313	-0.3164063	-0.1875	80.6875	-30.40625	-0.5820313	0.8525391	1.214844	-42.09375	-78.125	-63.6875	0	0	0	0	0	0	126.1136	233.6694	72.78561	180	0	180
632.7466	0.4160156	0.5195313	-0.3164063	-0.1875	80.6875	-30.40625	-0.5820313	0.8525391	1.214844	-42.09375	-78.125	-63.6875	0	0	0	0	0	0	126.1136	233.6694	72.78561	180	0	180
632.7805	-0.05078125	1.144531	-0.125	-38.53125	13.59375	-20.71875	-0.5820313	0.8525391	1.214844	-42.09375	-78.125	-63.6875	0	0	0	0	0	0	126.1136	233.6694	72.78561	180	0	180
632.8134	-0.05078125	1.144531	-0.125	-38.53125	13.59375	-20.71875	-0.5820313	0.8525391	1.214844	-42.09375	-78.125	-63.6875	0	0	0	0	0	0	126.1136	233.6694	72.78561	180	0	180
632.8473	-0.05078125	1.144531	-0.125	-38.53125	13.59375	-20.71875	-0.5820313	0.8525391	1.214844	-42.09375	-78.125	-63.6875	0	0	0	0	0	0	126.1136	233.6694	72.78561	180	0	180
632.8805	0.04980469	0.8847656	-0.5009766	0	38.0625	-4.28125	-0.5820313	0.8525391	1.214844	-42.09375	-78.125	-63.6875	0	0	0	0	0	0	126.1136	233.6694	72.78561	180	0	180
632.9138	0.04980469	0.8847656	-0.5009766	0	38.0625	-4.28125	-0.5820313	0.8525391	1.214844	-42.09375	-78.125	-63.6875	0	0	0	0	0	0	126.1136	233.6694	72.78561	180	0	180
632.9473	0.04980469	0.8847656	-0.5009766	0	38.0625	-4.28125	-0.5820313	0.8525391	1.214844	-42.09375	-78.125	-63.6875	0	0	0	0	0	0	126.1136	233.6694	72.78561	180	0	180
632.9806	-0.07128906	0.796875	0.015625	-3.90625	41.65625	-11.125	-0.5820313	0.8525391	1.214844	-42.09375	-78.125	-63.6875	0	0	0	0	0	0	126.1136	233.6694	72.78561	180	0	180
633.0141	-0.07128906	0.796875	0.015625	-3.90625	41.65625	-11.125	-0.5820313	0.8525391	1.214844	-42.09375	-78.125	-63.6875	0	0	0	0	0	0	126.1136	233.6694	72.78561	180	0	180
633.0479	-0.07128906	0.796875	0.015625	-3.90625	41.65625	-11.125	-0.5820313	0.8525391	1.214844	-42.09375	-78.125	-63.6875	0	0	0	0	0	0	162.2408	279.6499	53.21326	180	0	180
633.0814	-0.07128906	0.796875	0.015625	-3.90625	41.65625	-11.125	-0.5820313	0.8525391	1.214844	-42.09375	-78.125	-63.6875	0	0	0	0	0	0	162.2408	279.6499	53.21326	180	0	180
633.1143	-0.1083984	0.9462891	-0.2060547	-6.0625	22.5	-29.125	-0.5820313	0.8525391	1.214844	-42.09375	-78.125	-63.6875	0	0	0	0	0	0	162.2408	279.6499	53.21326	180	0	180
633.1477	-0.1083984	0.9462891	-0.2060547	-6.0625	22.5	-29.125	-0.5820313	0.8525391	1.214844	-42.09375	-78.125	-63.6875	0	0	0	0	0	0	162.2408	279.6499	53.21326	180	0	180
633.1821	0.4541016	1.279297	-0.9414063	35.15625	65.09375	28.5625	-0.5820313	0.8525391	1.214844	-42.09375	-78.125	-63.6875	0	0	0	0	0	0	162.2408	279.6499	53.21326	180	0	180
633.2147	0.4541016	1.279297	-0.9414063	35.15625	65.09375	28.5625	-0.5820313	0.8525391	1.214844	-42.09375	-78.125	-63.6875	0	0	0	0	0	0	162.2408	279.6499	53.21326	180	0	180
633.2486	0.4541016	1.279297	-0.9414063	35.15625	65.09375	28.5625	-0.5820313	0.8525391	1.214844	-42.09375	-78.125	-63.6875	0	0	0	0	0	0	162.2408	279.6499	53.21326	180	0	180
633.2821	-0.08105469	1.15332	-0.5087891	32.5625	75.78125	-4.21875	-0.5820313	0.8525391	1.214844	-42.09375	-78.125	-63.6875	0	0	0	0	0	0	162.2408	279.6499	53.21326	180	0	180
633.3151	-0.08105469	1.15332	-0.5087891	32.5625	75.78125	-4.21875	-0.5820313	0.8525391	1.214844	-42.09375	-78.125	-63.6875	0	0	0	0	0	0	162.2408	279.6499	53.21326	180	0	180
633.3489	-0.07910156	0.8164063	-0.3925781	23.375	96.34375	-23.4375	-0.5820313	0.8525391	1.214844	-42.09375	-78.125	-63.6875	0	0	0	0	0	0	162.2408	279.6499	53.21326	180	0	180
633.3821	-0.07910156	0.8164063	-0.3925781	23.375	96.34375	-23.4375	-0.5820313	0.8525391	1.214844	-42.09375	-78.125	-63.6875	0	0	0	0	0	0	162.2408	279.6499	53.21326	180	0	180
633.4153	-0.07910156	0.8164063	-0.3925781	23.375	96.34375	-23.4375	-0.5820313	0.8525391	1.214844	-42.09375	-78.125	-63.6875	0	0	0	0	0	0	162.2408	279.6499	53.21326	180	0	180
633.4483	-0.07910156	0.8164063	-0.3925781	23.375	96.34375	-23.4375	-0.5820313	0.8525391	1.214844	-42.09375	-78.125	-63.6875	0	0	0	0	0	0	162.2408	279.6499	53.21326	180	0	180
633.4819	-0.02929688	0.7294922	-0.2089844	8.40625	100.625	-16.75	-0.5820313	0.8525391	1.214844	-42.09375	-78.125	-63.6875	0	0	0	0	0	0	162.2408	279.6499	53.21326	180	0	180
633.5479	-0.02929688	0.7294922	-0.2089844	8.40625	100.625	-16.75	-0.5820313	0.8525391	1.214844	-42.09375	-78.125	-63.6875	0	0	0	0	0	0	162.2408	279.6499	53.21326	180	0	180
633.5812	-0.02929688	0.7294922	-0.2089844	8.40625	100.625	-16.75	-0.5820313	0.8525391	1.214844	-42.09375	-78.125	-63.6875	0	0	0	0	0	0	162.2408	279.6499	53.21326	180	0	180
633.632	-0.02929688	0.7294922	-0.2089844	8.40625	100.625	-16.75	-0.5820313	0.8525391	1.214844	-42.09375	-78.125	-63.6875	0	0	0	0	0	0	162.2408	279.6499	53.21326	180	0	180
633.6342	-0.02929688	0.7294922	-0.2089844	8.40625	100.625	-16.75	-0.5820313	0.8525391	1.214844	-42.09375	-78.125	-63.6875	0	0	0	0	0	0	162.2408	279.6499	53.21326	180	0	180
633.6658	0.2685547	0.9824219	-0.4658203	1.6875	131.1563	-47.9375	-0.5820313	0.8525391	1.214844	-42.09375	-78.125	-63.6875	0	0	0	0	0	0	162.2408	279.6499	53.21326	180	0	180
633.7	0.4208984	1.280273	-0.3642578	19.75	80	-34.375	-0.5820313	0.8525391	1.214844	-42.09375	-78.125	-63.6875	0	0	0	0	0	0	162.2408	279.6499	53.21326	180	0	180
633.7332	0.4208984	1.280273	-0.3642578	19.75	80	-34.375	-0.5820313	0.8525391	1.214844	-42.09375	-78.125	-63.6875	0	0	0	0	0	0	162.2408	279.6499	53.21326	180	0	180
633.7664	0.4208984	1.280273	-0.3642578	19.75	80	-34.375	-0.5820313	0.8525391	1.214844	-42.09375	-78.125	-63.6875	0	0	0	0	0	0	162.2408	279.6499	53.21326	180	0	180
633.7999	0.1142578	0.9648438	-0.3125	12.9375	93.75	-18.25	-0.5820313	0.8525391	1.214844	-42.09375	-78.125	-63.6875	0	0	0	0	0	0	162.2408	279.6499	53.21326	180	0	180
633.8333	0.1142578	0.9648438	-0.3125	12.9375	93.75	-18.25	-0.5820313	0.8525391	1.214844	-42.09375	-78.125	-63.6875	0	0	0	0	0	0	162.2408	279.6499	53.21326	180	0	180
633.8665	0.1806641	0.8916016	-0.1982422	-21.125	90.625	-31.625	-0.5820313	0.8525391	1.214844	-42.09375	-78.125	-63.6875	0	0	0	0	0	0	162.2408	279.6499	53.21326	180	0	180
633.8999	0.1806641	0.8916016	-0.1982422	-21.125	90.625	-31.625	-0.5820313	0.8525391	1.214844	-42.09375	-78.125	-63.6875	0	0	0	0	0	0	162.2408	279.6499	53.21326	180	0	180
633.9332	-0.008789063	1.00293	-0.2548828	-22.65625	49.3125	-55.75	-0.5820313	0.8525391	1.214844	-42.09375	-78.125	-63.6875	0	0	0	0	0	0	162.2408	279.6499	53.21326	180	0	180
633.9667	-0.008789063	1.00293	-0.2548828	-22.65625	49.3125	-55.75	-0.5820313	0.8525391	1.214844	-42.09375	-78.125	-63.6875	0	0	0	0	0	0	162.2408	279.6499	53.21326	180	0	180
633.9999	-0.008789063	1.00293	-0.2548828	-22.65625	49.3125	-55.75	-0.5820313	0.8525391	1.214844	-42.09375	-78.125	-63.6875	0	0	0	0	0	0	162.2408	279.6499	53.21326	180	0	180
634.0333	0.6025391	1.21582	-0.90625	24.40625	48.1875	13.84375	-0.5820313	0.8525391	1.214844	-42.09375	-78.125	-63.6875	0	0	0	0	0	0	162.2408	279.6499	53.21326	180	0	180
634.0667	0.6025391	1.21582	-0.90625	24.40625	48.1875	13.84375	-0.5820313	0.8525391	1.214844	-42.09375	-78.125	-63.6875	0	0	0	0	0	0	162.2408	279.6499	53.21326	180	0	180
634.1001	0.6025391	1.21582	-0.90625	24.40625	48.1875	13.84375	-0.5820313	0.8525391	1.214844	-42.09375	-78.125	-63.6875	0	0	0	0	0	0	162.2408	279.6499	53.21326	180	0	180
634.1334	0.2148438	1.236328	-0.6552734	9.3125	107.7188	-17.84375	-0.5820313	0.8525391	1.214844	-42.09375	-78.125	-63.6875	0	0	0	0	0	0	162.2408	279.6499	53.21326	180	0	180
634.1669	0.2148438	1.236328	-0.6552734	9.3125	107.7188	-17.84375	-0.1679688	1.330078	1.179688	-147.6875	106.9063	-39.78125	0	0	0	0	0	0	162.2408	279.6499	53.21326	180	0	180
634.2003	0.2148438	1.236328	-0.6552734	9.3125	107.7188	-17.84375	-0.1679688	1.330078	1.179688	-147.6875	106.9063	-39.78125	0	0	0	0	0	0	162.2408	279.6499	53.21326	180	0	180
634.2335	0.01953125	1.058594	-0.3818359	24.75	98.75	-30.09375	-0.1679688	1.330078	1.179688	-147.6875	106.9063	-39.78125	0	0	0	0	0	0	162.2408	279.6499	53.21326	180	0	180
634.2669	0.01953125	1.058594	-0.3818359	24.75	98.75	-30.09375	-0.1679688	1.330078	1.179688	-147.6875	106.9063	-39.78125	0	0	0	0	0	0	162.2408	279.6499	53.21326	180	0	180
634.3002	0.01953125	1.058594	-0.3818359	24.75	98.75	-30.09375	-0.1679688	1.330078	1.179688	-147.6875	106.9063	-39.78125	0	0	0	0	0	0	162.2408	279.6499	53.21326	180	0	180
634.3334	-0.09960938	0.7949219	-0.3408203	8.46875	75.3125	-35.71875	-0.1679688	1.330078	1.179688	-147.6875	106.9063	-39.78125	0	0	0	0	0	0	162.2408	279.6499	53.21326	180	0	180
634.3668	-0.09960938	0.7949219	-0.3408203	8.46875	75.3125	-35.71875	-0.1679688	1.330078	1.179688	-147.6875	106.9063	-39.78125	0	0	0	0	0	0	162.2408	279.6499	53.21326	180	0	180
634.4002	0.08789063	1.105469	-0.2119141	-4.65625	61.1875	-27.78125	-0.1679688	1.330078	1.179688	-147.6875	106.9063	-39.78125	0	0	0	0	0	0	162.2408	279.6499	53.21326	180	0	180
634.4335	0.08789063	1.105469	-0.2119141	-4.65625	61.1875	-27.78125	-0.1679688	1.330078	1.179688	-147.6875	106.9063	-39.78125	0	0	0	0	0	0	162.2408	279.6499	53.21326	180	0	180
634.4669	0.08789063	1.105469	-0.2119141	-4.65625	61.1875	-27.78125	-0.1679688	1.330078	1.179688	-147.6875	106.9063	-39.78125	0	0	0	0	0	0	162.2408	279.6499	53.21326	180	0	180
634.5002	-0.2373047	0.9433594	-0.06445313	-16.0625	27.9375	-22.59375	-0.1679688	1.330078	1.179688	-147.6875	106.9063	-39.78125	0	0	0	0	0	0	162.2408	279.6499	53.21326	180	0	180
634.5337	-0.2373047	0.9433594	-0.06445313	-16.0625	27.9375	-22.59375	-0.1679688	1.330078	1.179688	-147.6875	106.9063	-39.78125	0	0	0	0	0	0	162.2408	279.6499	53.21326	180	0	180
634.567	-0.2373047	0.9433594	-0.06445313	-16.0625	27.9375	-22.59375	-0.1679688	1.330078	1.179688	-147.6875	106.9063	-39.78125	0	0	0	0	0	0	180	0.4875145	95.98403	180	0	180
634.6002	-0.2373047	0.9433594	-0.06445313	-16.0625	27.9375	-22.59375	-0.1679688	1.330078	1.179688	-147.6875	106.9063	-39.78125	0	0	0	0	0	0	180	0.4875145	95.98403	180	0	180
634.6338	0.4589844	1.061523	-0.5488281	20	34.90625	-32.96875	-0.1679688	1.330078	1.179688	-147.6875	106.9063	-39.78125	0	0	0	0	0	0	180	0.4875145	95.98403	180	0	180
634.6671	0.4589844	1.061523	-0.5488281	20	34.90625	-32.96875	-0.1679688	1.330078	1.179688	-147.6875	106.9063	-39.78125	0	0	0	0	0	0	180	0.4875145	95.98403	180	0	180
634.7008	0.2675781	1.352539	-0.5966797	16.59375	67.78125	1.875	-0.1679688	1.330078	1.179688	-147.6875	106.9063	-39.78125	0	0	0	0	0	0	180	0.4875145	95.98403	180	0	180
634.7337	0.2675781	1.352539	-0.5966797	16.59375	67.78125	1.875	-0.1679688	1.330078	1.179688	-147.6875	106.9063	-39.78125	0	0	0	0	0	0	180	0.4875145	95.98403	180	0	180
634.7676	0.2675781	1.352539	-0.5966797	16.59375	67.78125	1.875	-0.1679688	1.330078	1.179688	-147.6875	106.9063	-39.78125	0	0	0	0	0	0	180	0.4875145	95.98403	180	0	180
634.8013	-0.01367188	0.7275391	-0.3398438	8.96875	59.125	3.9375	-0.1679688	1.330078	1.179688	-147.6875	106.9063	-39.78125	0	0	0	0	0	0	180	0.4875145	95.98403	180	0	180
634.8342	-0.01367188	0.7275391	-0.3398438	8.96875	59.125	3.9375	-0.1679688	1.330078	1.179688	-147.6875	106.9063	-39.78125	0	0	0	0	0	0	180	0.4875145	95.98403	180	0	180
634.8678	-0.01367188	0.7275391	-0.3398438	8.96875	59.125	3.9375	-0.1679688	1.330078	1.179688	-147.6875	106.9063	-39.78125	0	0	0	0	0	0	180	0.4875145	95.98403	180	0	180
634.9009	0.09960938	1.069336	-0.08300781	-43.03125	7.1875	-17.84375	-0.1679688	1.330078	1.179688	-147.6875	106.9063	-39.78125	0	0	0	0	0	0	180	0.4875145	95.98403	180	0	180
634.9346	0.09960938	1.069336	-0.08300781	-43.03125	7.1875	-17.84375	-0.4648438	1.358398	1.431641	-90.25	2.0625	-109.5313	0	0	0	0	0	0	180	0.4875145	95.98403	180	0	180
634.9679	-0.08496094	0.8574219	0.1025391	-52.8125	3.84375	-29.9375	-0.4648438	1.358398	1.431641	-90.25	2.0625	-109.5313	0	0	0	0	0	0	180	0.4875145	95.98403	180	0	180
635.002	0.1591797	1.240234	-0.9677734	-2.34375	2.5625	33.5625	-0.4648438	1.358398	1.431641	-90.25	2.0625	-109.5313	0	0	0	0	0	0	180	0.4875145	95.98403	180	0	180
635.0349	0.1591797	1.240234	-0.9677734	-2.34375	2.5625	33.5625	-0.4648438	1.358398	1.431641	-90.25	2.0625	-109.5313	0	0	0	0	0	0	180	0.4875145	95.98403	180	0	180
635.0685	0.1591797	1.240234	-0.9677734	-2.34375	2.5625	33.5625	-0.4648438	1.358398	1.431641	-90.25	2.0625	-109.5313	0	0	0	0	0	0	180	0.4875145	95.98403	180	0	180
635.1021	0.1591797	1.240234	-0.9677734	-2.34375	2.5625	33.5625	-0.4648438	1.358398	1.431641	-90.25	2.0625	-109.5313	0	0	0	0	0	0	180	0.4875145	95.98403	180	0	180
635.1353	0.1015625	1.332031	-0.3789063	23.125	-7.15625	9.25	-0.4648438	1.358398	1.431641	-90.25	2.0625	-109.5313	0	0	0	0	0	0	180	0.4875145	95.98403	180	0	180
635.1689	0.1015625	1.332031	-0.3789063	23.125	-7.15625	9.25	-0.4648438	1.358398	1.431641	-90.25	2.0625	-109.5313	0	0	0	0	0	0	180	0.4875145	95.98403	180	0	180
635.2026	0.1015625	1.332031	-0.3789063	23.125	-7.15625	9.25	-0.4648438	1.358398	1.431641	-90.25	2.0625	-109.5313	0	0	0	0	0	0	180	0.4875145	95.98403	180	0	180
635.2356	-0.04785156	1.169922	-0.15625	11.40625	-5.03125	-6.125	-0.4648438	1.358398	1.431641	-90.25	2.0625	-109.5313	0	0	0	0	0	0	180	0.4875145	95.98403	180	0	180
635.2689	-0.08007813	1.00293	-0.1230469	-20.40625	4.9375	-10.8125	-0.4648438	1.358398	1.431641	-90.25	2.0625	-109.5313	0	0	0	0	0	0	180	0.4875145	95.98403	180	0	180
635.3029	-0.08007813	1.00293	-0.1230469	-20.40625	4.9375	-10.8125	-0.4648438	1.358398	1.431641	-90.25	2.0625	-109.5313	0	0	0	0	0	0	180	0.4875145	95.98403	180	0	180
635.3361	-0.08007813	1.00293	-0.1230469	-20.40625	4.9375	-10.8125	-0.4648438	1.358398	1.431641	-90.25	2.0625	-109.5313	0	0	0	0	0	0	180	0.4875145	95.98403	180	0	180
635.3694	-0.08007813	1.00293	-0.1230469	-20.40625	4.9375	-10.8125	-0.4648438	1.358398	1.431641	-90.25	2.0625	-109.5313	0	0	0	0	0	0	180	0.4875145	95.98403	180	0	180
635.4031	0.2734375	1.166016	-0.6474609	31.1875	54.78125	-22.40625	-0.4648438	1.358398	1.431641	-90.25	2.0625	-109.5313	0	0	0	0	0	0	180	0.4875145	95.98403	180	0	180
635.436	0.2734375	1.166016	-0.6474609	31.1875	54.78125	-22.40625	-0.4648438	1.358398	1.431641	-90.25	2.0625	-109.5313	0	0	0	0	0	0	180	0.4875145	95.98403	180	0	180
635.4694	0.2734375	1.166016	-0.6474609	31.1875	54.78125	-22.40625	-0.4648438	1.358398	1.431641	-90.25	2.0625	-109.5313	0	0	0	0	0	0	180	0.4875145	95.98403	180	0	180
635.5031	0.2734375	1.166016	-0.6474609	31.1875	54.78125	-22.40625	-0.4648438	1.358398	1.431641	-90.25	2.0625	-109.5313	0	0	0	0	0	0	180	0.4875145	95.98403	180	0	180
635.5361	-0.1152344	1.057617	-0.1103516	0	22.4375	7.1875	-0.4648438	1.358398	1.431641	-90.25	2.0625	-109.5313	0	0	0	0	0	0	180	0.4875145	95.98403	180	0	180
635.5696	-0.1152344	1.057617	-0.1103516	0	22.4375	7.1875	0.006835938	1.103516	0.5742188	-137.25	154.3438	-5.21875	0	0	0	0	0	0	180	0.4875145	95.98403	180	0	180
635.6035	0.04394531	0.9433594	-0.05078125	-6.3125	-3.5625	6.21875	0.006835938	1.103516	0.5742188	-137.25	154.3438	-5.21875	0	0	0	0	0	0	180	338.0518	117.5224	180	0	180
635.6362	0.04394531	0.9433594	-0.05078125	-6.3125	-3.5625	6.21875	0.006835938	1.103516	0.5742188	-137.25	154.3438	-5.21875	0	0	0	0	0	0	180	338.0518	117.5224	180	0	180
635.6698	0.04394531	0.9433594	-0.05078125	-6.3125	-3.5625	6.21875	0.006835938	1.103516	0.5742188	-137.25	154.3438	-5.21875	0	0	0	0	0	0	180	338.0518	117.5224	180	0	180
635.7033	0.0859375	0.7841797	-0.1542969	-24.5625	-33.9375	-8.375	0.006835938	1.103516	0.5742188	-137.25	154.3438	-5.21875	0	0	0	0	0	0	180	338.0518	117.5224	180	0	180
635.7366	0.0859375	0.7841797	-0.1542969	-24.5625	-33.9375	-8.375	0.006835938	1.103516	0.5742188	-137.25	154.3438	-5.21875	0	0	0	0	0	0	180	338.0518	117.5224	180	0	180
635.77	0.0859375	0.7841797	-0.1542969	-24.5625	-33.9375	-8.375	0.006835938	1.103516	0.5742188	-137.25	154.3438	-5.21875	0	0	0	0	0	0	180	338.0518	117.5224	180	0	180
635.8036	0.1357422	1.045898	-1.058594	0.59375	-17.90625	44.53125	0.006835938	1.103516	0.5742188	-137.25	154.3438	-5.21875	0	0	0	0	0	0	180	338.0518	117.5224	180	0	180
635.8365	0.1357422	1.045898	-1.058594	0.59375	-17.90625	44.53125	0.006835938	1.103516	0.5742188	-137.25	154.3438	-5.21875	0	0	0	0	0	0	180	338.0518	117.5224	180	0	180
635.8705	0.1396484	1.207031	-0.4160156	2.1875	-26.0625	-2.8125	0.006835938	1.103516	0.5742188	-137.25	154.3438	-5.21875	0	0	0	0	0	0	180	338.0518	117.5224	180	0	180
635.9039	0.1396484	1.207031	-0.4160156	2.1875	-26.0625	-2.8125	0.006835938	1.103516	0.5742188	-137.25	154.3438	-5.21875	0	0	0	0	0	0	180	338.0518	117.5224	180	0	180
635.937	0.1396484	1.207031	-0.4160156	2.1875	-26.0625	-2.8125	0.006835938	1.103516	0.5742188	-137.25	154.3438	-5.21875	0	0	0	0	0	0	180	338.0518	117.5224	180	0	180
635.9703	0.2255859	1.091797	-0.2597656	-4.90625	-5.375	-3.75	0.006835938	1.103516	0.5742188	-137.25	154.3438	-5.21875	0	0	0	0	0	0	180	338.0518	117.5224	180	0	180
636.0036	0.2255859	1.091797	-0.2597656	-4.90625	-5.375	-3.75	0.006835938	1.103516	0.5742188	-137.25	154.3438	-5.21875	0	0	0	0	0	0	180	338.0518	117.5224	180	0	180
636.0367	0.2255859	1.091797	-0.2597656	-4.90625	-5.375	-3.75	0.006835938	1.103516	0.5742188	-137.25	154.3438	-5.21875	0	0	0	0	0	0	180	338.0518	117.5224	180	0	180
636.0704	0.2558594	0.6914063	-0.08300781	-31.5625	41.4375	-16.25	0.006835938	1.103516	0.5742188	-137.25	154.3438	-5.21875	0	0	0	0	0	0	180	338.0518	117.5224	180	0	180
636.1038	0.2558594	0.6914063	-0.08300781	-31.5625	41.4375	-16.25	0.006835938	1.103516	0.5742188	-137.25	154.3438	-5.21875	0	0	0	0	0	0	180	338.0518	117.5224	180	0	180
636.1371	0.2558594	0.6914063	-0.08300781	-31.5625	41.4375	-16.25	0.006835938	1.103516	0.5742188	-137.25	154.3438	-5.21875	0	0	0	0	0	0	180	338.0518	117.5224	180	0	180
636.1703	0.02636719	1.114258	-0.3408203	-42.125	10.1875	-18.15625	0.006835938	1.103516	0.5742188	-137.25	154.3438	-5.21875	0	0	0	0	0	0	180	338.0518	117.5224	180	0	180
636.2039	0.02636719	1.114258	-0.3408203	-42.125	10.1875	-18.15625	0.006835938	1.103516	0.5742188	-137.25	154.3438	-5.21875	0	0	0	0	0	0	180	338.0518	117.5224	180	0	180
636.2369	-0.2861328	1.010742	-0.3144531	2.4375	8.71875	1.15625	0.006835938	1.103516	0.5742188	-137.25	154.3438	-5.21875	0	0	0	0	0	0	180	338.0518	117.5224	180	0	180
636.2703	-0.2861328	1.010742	-0.3144531	2.4375	8.71875	1.15625	0.006835938	1.103516	0.5742188	-137.25	154.3438	-5.21875	0	0	0	0	0	0	180	338.0518	117.5224	180	0	180
636.3039	-0.2861328	1.010742	-0.3144531	2.4375	8.71875	1.15625	0.006835938	1.103516	0.5742188	-137.25	154.3438	-5.21875	0	0	0	0	0	0	180	338.0518	117.5224	180	0	180
636.3373	-0.2861328	1.010742	-0.3144531	2.4375	8.71875	1.15625	0.006835938	1.103516	0.5742188	-137.25	154.3438	-5.21875	0	0	0	0	0	0	180	338.0518	117.5224	180	0	180
636.3709	0.2822266	1.117188	-0.09765625	-19.0625	7.4375	-7.15625	0.006835938	1.103516	0.5742188	-137.25	154.3438	-5.21875	0	0	0	0	0	0	180	338.0518	117.5224	180	0	180
636.4044	0.2822266	1.117188	-0.09765625	-19.0625	7.4375	-7.15625	0.006835938	1.103516	0.5742188	-137.25	154.3438	-5.21875	0	0	0	0	0	0	180	338.0518	117.5224	180	0	180
636.4595	0.4482422	1.210938	-0.4482422	22.125	-29.0625	12.375	0.006835938	1.103516	0.5742188	-137.25	154.3438	-5.21875	0	0	0	0	0	0	180	338.0518	117.5224	180	0	180
636.4616	0.4482422	1.210938	-0.4482422	22.125	-29.0625	12.375	0.006835938	1.103516	0.5742188	-137.25	154.3438	-5.21875	0	0	0	0	0	0	180	338.0518	117.5224	180	0	180
636.4936	0.4482422	1.210938	-0.4482422	22.125	-29.0625	12.375	0.006835938	1.103516	0.5742188	-137.25	154.3438	-5.21875	0	0	0	0	0	0	180	338.0518	117.5224	180	0	180
636.5267	0.4482422	1.210938	-0.4482422	22.125	-29.0625	12.375	0.006835938	1.103516	0.5742188	-137.25	154.3438	-5.21875	0	0	0	0	0	0	180	338.0518	117.5224	180	0	180
636.5602	-0.1787109	1.296875	-0.3837891	62.4375	19.9375	15.3125	0.006835938	1.103516	0.5742188	-137.25	154.3438	-5.21875	0	0	0	0	0	0	180	338.0518	117.5224	180	0	180
636.5936	-0.1787109	1.296875	-0.3837891	62.4375	19.9375	15.3125	0.006835938	1.103516	0.5742188	-137.25	154.3438	-5.21875	0	0	0	0	0	0	180	338.0518	117.5224	180	0	180
636.6266	-0.1787109	1.296875	-0.3837891	62.4375	19.9375	15.3125	0.03222656	1.999023	0.7314453	-19.25	63.03125	2.84375	0	0	0	0	0	0	180	338.0518	117.5224	180	0	180
636.66	-0.1787109	1.296875	-0.3837891	62.4375	19.9375	15.3125	0.03222656	1.999023	0.7314453	-19.25	63.03125	2.84375	0	0	0	0	0	0	180	338.0518	117.5224	180	0	180
636.6937	-0.1787109	1.296875	-0.3837891	62.4375	19.9375	15.3125	0.03222656	1.999023	0.7314453	-19.25	63.03125	2.84375	0	0	0	0	0	0	180	338.0518	117.5224	180	0	180
636.7267	-0.02734375	0.7695313	-0.03027344	7.8125	25	-23.28125	0.03222656	1.999023	0.7314453	-19.25	63.03125	2.84375	0	0	0	0	0	0	180	338.0518	117.5224	180	0	180
636.7603	-0.02734375	0.7695313	-0.03027344	7.8125	25	-23.28125	0.03222656	1.999023	0.7314453	-19.25	63.03125	2.84375	0	0	0	0	0	0	180	338.0518	117.5224	180	0	180
636.7938	-0.1611328	0.5693359	-0.2724609	-12.09375	62.59375	-22.78125	0.03222656	1.999023	0.7314453	-19.25	63.03125	2.84375	0	0	0	0	0	0	180	338.0518	117.5224	180	0	180
636.8271	-0.1611328	0.5693359	-0.2724609	-12.09375	62.59375	-22.78125	0.03222656	1.999023	0.7314453	-19.25	63.03125	2.84375	0	0	0	0	0	0	180	338.0518	117.5224	180	0	180
636.8602	0.2470703	1.041992	-0.4169922	-4.40625	61.15625	-38.21875	0.03222656	1.999023	0.7314453	-19.25	63.03125	2.84375	0	0	0	0	0	0	180	338.0518	117.5224	180	0	180
636.894	0.2470703	1.041992	-0.4169922	-4.40625	61.15625	-38.21875	0.03222656	1.999023	0.7314453	-19.25	63.03125	2.84375	0	0	0	0	0	0	180	338.0518	117.5224	180	0	180
636.9269	0.02734375	1.049805	-0.1181641	-10.5625	83.34375	-13.0625	0.03222656	1.999023	0.7314453	-19.25	63.03125	2.84375	0	0	0	0	0	0	180	338.0518	117.5224	180	0	180
636.9601	0.02734375	1.049805	-0.1181641	-10.5625	83.34375	-13.0625	0.03222656	1.999023	0.7314453	-19.25	63.03125	2.84375	0	0	0	0	0	0	180	338.0518	117.5224	180	0	180
636.9941	0.02734375	1.049805	-0.1181641	-10.5625	83.34375	-13.0625	-0.3671875	0.8339844	1.329102	-42.4375	-24.125	-51.0625	0	0	0	0	0	0	180	338.0518	117.5224	180	0	180
637.0273	0.1279297	1.229492	-0.05078125	-1.1875	43.125	-12.71875	-0.3671875	0.8339844	1.329102	-42.4375	-24.125	-51.0625	0	0	0	0	0	0	180	338.0518	117.5224	180	0	180
637.0603	0.1279297	1.229492	-0.05078125	-1.1875	43.125	-12.71875	-0.3671875	0.8339844	1.329102	-42.4375	-24.125	-51.0625	0	0	0	0	0	0	180	338.0518	117.5224	180	0	180
637.0942	0.1279297	1.229492	-0.05078125	-1.1875	43.125	-12.71875	-0.3671875	0.8339844	1.329102	-42.4375	-24.125	-51.0625	0	0	0	0	0	0	180	338.0518	117.5224	180	0	180
637.1273	0.1279297	1.229492	-0.05078125	-1.1875	43.125	-12.71875	-0.3671875	0.8339844	1.329102	-42.4375	-24.125	-51.0625	0	0	0	0	0	0	180	338.0518	117.5224	180	0	180
637.1605	-0.2119141	1.173828	-0.5322266	-14.40625	-20.21875	-11.84375	-0.3671875	0.8339844	1.329102	-42.4375	-24.125	-51.0625	0	0	0	0	0	0	180	338.0518	117.5224	180	0	180
637.1942	-0.2119141	1.173828	-0.5322266	-14.40625	-20.21875	-11.84375	-0.3671875	0.8339844	1.329102	-42.4375	-24.125	-51.0625	0	0	0	0	0	0	180	338.0518	117.5224	180	0	180
637.2271	-0.03027344	1.525391	-0.2890625	16.90625	60.71875	3.03125	-0.3671875	0.8339844	1.329102	-42.4375	-24.125	-51.0625	0	0	0	0	0	0	180	338.0518	117.5224	180	0	180
637.2604	-0.03027344	1.525391	-0.2890625	16.90625	60.71875	3.03125	-0.3671875	0.8339844	1.329102	-42.4375	-24.125	-51.0625	0	0	0	0	0	0	180	338.0518	117.5224	180	0	180
637.2946	-0.03027344	1.525391	-0.2890625	16.90625	60.71875	3.03125	-0.3671875	0.8339844	1.329102	-42.4375	-24.125	-51.0625	0	0	0	0	0	0	180	338.0518	117.5224	180	0	180
637.3275	-0.04199219	0.9570313	-0.1337891	9.6875	51.625	-16.8125	-0.3671875	0.8339844	1.329102	-42.4375	-24.125	-51.0625	0	0	0	0	0	0	180	198.024	165.8068	180	0	180
637.3609	-0.04199219	0.9570313	-0.1337891	9.6875	51.625	-16.8125	-0.3671875	0.8339844	1.329102	-42.4375	-24.125	-51.0625	0	0	0	0	0	0	180	198.024	165.8068	180	0	180
637.3946	-0.04199219	0.9570313	-0.1337891	9.6875	51.625	-16.8125	-0.3671875	0.8339844	1.329102	-42.4375	-24.125	-51.0625	0	0	0	0	0	0	180	198.024	165.8068	180	0	180
637.4277	0.08300781	0.7080078	-0.4384766	12.3125	79.15625	-23.6875	-0.3671875	0.8339844	1.329102	-42.4375	-24.125	-51.0625	0	0	0	0	0	0	180	198.024	165.8068	180	0	180
637.4609	0.08300781	0.7080078	-0.4384766	12.3125	79.15625	-23.6875	-0.3671875	0.8339844	1.329102	-42.4375	-24.125	-51.0625	0	0	0	0	0	0	180	198.024	165.8068	180	0	180
637.4945	-0.1611328	0.8105469	-0.3652344	22.8125	44.84375	-27.90625	-0.3671875	0.8339844	1.329102	-42.4375	-24.125	-51.0625	0	0	0	0	0	0	180	198.024	165.8068	180	0	180
637.5277	-0.1611328	0.8105469	-0.3652344	22.8125	44.84375	-27.90625	-0.3671875	0.8339844	1.329102	-42.4375	-24.125	-51.0625	0	0	0	0	0	0	180	198.024	165.8068	180	0	180
637.561	-0.1611328	0.8105469	-0.3652344	22.8125	44.84375	-27.90625	-0.3671875	0.8339844	1.329102	-42.4375	-24.125	-51.0625	0	0	0	0	0	0	180	198.024	165.8068	180	0	180
637.5946	-0.1611328	0.8105469	-0.3652344	22.8125	44.84375	-27.90625	-0.3671875	0.8339844	1.329102	-42.4375	-24.125	-51.0625	0	0	0	0	0	0	180	198.024	165.8068	180	0	180
637.6278	0.08007813	1.008789	-0.25	-6.0625	76.09375	-11.71875	-0.3671875	0.8339844	1.329102	-42.4375	-24.125	-51.0625	0	0	0	0	0	0	180	198.024	165.8068	180	0	180
637.6612	0.08007813	1.008789	-0.25	-6.0625	76.09375	-11.71875	-0.3671875	0.8339844	1.329102	-42.4375	-24.125	-51.0625	0	0	0	0	0	0	180	198.024	165.8068	180	0	180
637.6946	0.08007813	1.008789	-0.25	-6.0625	76.09375	-11.71875	-0.3671875	0.8339844	1.329102	-42.4375	-24.125	-51.0625	0	0	0	0	0	0	180	198.024	165.8068	180	0	180
637.7278	0.2197266	0.84375	-0.3857422	-15.9375	76.78125	-10.75	-0.3671875	0.8339844	1.329102	-42.4375	-24.125	-51.0625	0	0	0	0	0	0	180	198.024	165.8068	180	0	180
637.7615	0.2197266	0.84375	-0.3857422	-15.9375	76.78125	-10.75	-0.3671875	0.8339844	1.329102	-42.4375	-24.125	-51.0625	0	0	0	0	0	0	180	198.024	165.8068	180	0	180
637.7951	0.4472656	0.9550781	-0.7050781	14.15625	43.375	-23.34375	-0.3671875	0.8339844	1.329102	-42.4375	-24.125	-51.0625	0	0	0	0	0	0	180	198.024	165.8068	180	0	180
637.8282	0.4472656	0.9550781	-0.7050781	14.15625	43.375	-23.34375	-0.3671875	0.8339844	1.329102	-42.4375	-24.125	-51.0625	0	0	0	0	0	0	180	198.024	165.8068	180	0	180
637.8621	0.4472656	0.9550781	-0.7050781	14.15625	43.375	-23.34375	-0.3671875	0.8339844	1.329102	-42.4375	-24.125	-51.0625	0	0	0	0	0	0	180	198.024	165.8068	180	0	180
637.8961	-0.01074219	1.179688	-0.4345703	44.46875	73.21875	1.875	-0.3671875	0.8339844	1.329102	-42.4375	-24.125	-51.0625	0	0	0	0	0	0	180	198.024	165.8068	180	0	180
637.9294	-0.01074219	1.179688	-0.4345703	44.46875	73.21875	1.875	-0.3671875	0.8339844	1.329102	-42.4375	-24.125	-51.0625	0	0	0	0	0	0	180	198.024	165.8068	180	0	180
637.9631	-0.01074219	1.179688	-0.4345703	44.46875	73.21875	1.875	-0.3671875	0.8339844	1.329102	-42.4375	-24.125	-51.0625	0	0	0	0	0	0	180	198.024	165.8068	180	0	180
637.9965	-0.05273438	0.8681641	-0.03125	18.53125	67.125	-17.34375	-0.3671875	0.8339844	1.329102	-42.4375	-24.125	-51.0625	0	0	0	0	0	0	180	198.024	165.8068	180	0	180
638.0295	-0.05273438	0.8681641	-0.03125	18.53125	67.125	-17.34375	-0.3671875	0.8339844	1.329102	-42.4375	-24.125	-51.0625	0	0	0	0	0	0	180	198.024	165.8068	180	0	180
638.0632	-0.05273438	0.8681641	-0.03125	18.53125	67.125	-17.34375	-0.3671875	0.8339844	1.329102	-42.4375	-24.125	-51.0625	0	0	0	0	0	0	180	198.024	165.8068	180	0	180
638.0973	-0.05175781	0.7802734	-0.2197266	-1.59375	69.375	-24	-0.3671875	0.8339844	1.329102	-42.4375	-24.125	-51.0625	0	0	0	0	0	0	180	240.5465	180	180	0	180
638.1303	-0.05175781	0.7802734	-0.2197266	-1.59375	69.375	-24	-0.3671875	0.8339844	1.329102	-42.4375	-24.125	-51.0625	0	0	0	0	0	0	180	240.5465	180	180	0	180
638.1637	-0.05175781	0.7802734	-0.2197266	-1.59375	69.375	-24	-0.3671875	0.8339844	1.329102	-42.4375	-24.125	-51.0625	0	0	0	0	0	0	180	240.5465	180	180	0	180
638.197	-0.004882813	0.8115234	-0.3798828	2.59375	92.09375	-33.78125	-0.3671875	0.8339844	1.329102	-42.4375	-24.125	-51.0625	0	0	0	0	0	0	180	240.5465	180	180	0	180
638.2303	-0.004882813	0.8115234	-0.3798828	2.59375	92.09375	-33.78125	-0.3671875	0.8339844	1.329102	-42.4375	-24.125	-51.0625	0	0	0	0	0	0	180	240.5465	180	180	0	180
638.2643	-0.004882813	0.8115234	-0.3798828	2.59375	92.09375	-33.78125	-0.3671875	0.8339844	1.329102	-42.4375	-24.125	-51.0625	0	0	0	0	0	0	180	240.5465	180	180	0	180
638.2977	-0.2333984	1.015625	-0.3261719	9.4375	85	-36.5	-0.3671875	0.8339844	1.329102	-42.4375	-24.125	-51.0625	0	0	0	0	0	0	180	240.5465	180	180	0	180
638.3306	-0.2333984	1.015625	-0.3261719	9.4375	85	-36.5	-0.3671875	0.8339844	1.329102	-42.4375	-24.125	-51.0625	0	0	0	0	0	0	180	240.5465	180	180	0	180
638.3643	-0.2333984	1.015625	-0.3261719	9.4375	85	-36.5	-0.3671875	0.8339844	1.329102	-42.4375	-24.125	-51.0625	0	0	0	0	0	0	180	240.5465	180	180	0	180
638.3976	-0.3925781	1.084961	-0.5087891	2.1875	73.34375	-24.78125	-0.3671875	0.8339844	1.329102	-42.4375	-24.125	-51.0625	0	0	0	0	0	0	180	240.5465	180	180	0	180
638.4309	-0.3925781	1.084961	-0.5087891	2.1875	73.34375	-24.78125	-0.3671875	0.8339844	1.329102	-42.4375	-24.125	-51.0625	0	0	0	0	0	0	180	240.5465	180	180	0	180
638.4643	-0.2314453	0.8027344	-0.4765625	15.65625	71.75	-4.03125	-0.3671875	0.8339844	1.329102	-42.4375	-24.125	-51.0625	0	0	0	0	0	0	180	240.5465	180	180	0	180
638.498	-0.2314453	0.8027344	-0.4765625	15.65625	71.75	-4.03125	-0.3671875	0.8339844	1.329102	-42.4375	-24.125	-51.0625	0	0	0	0	0	0	180	240.5465	180	180	0	180
638.5308	-0.2314453	0.8027344	-0.4765625	15.65625	71.75	-4.03125	-0.3671875	0.8339844	1.329102	-42.4375	-24.125	-51.0625	0	0	0	0	0	0	180	240.5465	180	180	0	180
638.5644	-0.2314453	0.8027344	-0.4765625	15.65625	71.75	-4.03125	-0.3671875	0.8339844	1.329102	-42.4375	-24.125	-51.0625	0	0	0	0	0	0	180	240.5465	180	180	0	180
638.5975	0.078125	0.8242188	-0.1748047	23	31.40625	2.5625	-0.3671875	0.8339844	1.329102	-42.4375	-24.125	-51.0625	0	0	0	0	0	0	180	240.5465	180	180	0	180
638.6308	0.078125	0.8242188	-0.1748047	23	31.40625	2.5625	-0.3671875	0.8339844	1.329102	-42.4375	-24.125	-51.0625	0	0	0	0	0	0	180	240.5465	180	180	0	180
638.6643	0.4052734	0.7519531	-0.4394531	29.40625	57.84375	1.15625	-0.3671875	0.8339844	1.329102	-42.4375	-24.125	-51.0625	0	0	0	0	0	0	180	240.5465	180	180	0	180
638.6976	0.4052734	0.7519531	-0.4394531	29.40625	57.84375	1.15625	-0.3671875	0.8339844	1.329102	-42.4375	-24.125	-51.0625	0	0	0	0	0	0	180	240.5465	180	180	0	180
638.7308	0.4052734	0.7519531	-0.4394531	29.40625	57.84375	1.15625	-0.3671875	0.8339844	1.329102	-42.4375	-24.125	-51.0625	0	0	0	0	0	0	180	240.5465	180	180	0	180
638.7648	0.3623047	0.7470703	-0.5849609	43.375	64.9375	-7.65625	-0.3671875	0.8339844	1.329102	-42.4375	-24.125	-51.0625	0	0	0	0	0	0	180	240.5465	180	180	0	180
638.7982	0.3623047	0.7470703	-0.5849609	43.375	64.9375	-7.65625	-0.3671875	0.8339844	1.329102	-42.4375	-24.125	-51.0625	0	0	0	0	0	0	180	240.5465	180	180	0	180
638.8311	0.3623047	0.7470703	-0.5849609	43.375	64.9375	-7.65625	-0.3671875	0.8339844	1.329102	-42.4375	-24.125	-51.0625	0	0	0	0	0	0	180	240.5465	180	180	0	180
638.8649	0.2314453	0.6503906	-0.6113281	66.34375	19.15625	0.40625	-0.3671875	0.8339844	1.329102	-42.4375	-24.125	-51.0625	0	0	0	0	0	0	180	240.5465	180	180	0	180
638.8986	0.2314453	0.6503906	-0.6113281	66.34375	19.15625	0.40625	-0.3671875	0.8339844	1.329102	-42.4375	-24.125	-51.0625	0	0	0	0	0	0	180	240.5465	180	180	0	180
638.9313	-0.0625	0.7099609	-0.5986328	71.625	13.96875	-6.125	-0.3671875	0.8339844	1.329102	-42.4375	-24.125	-51.0625	0	0	0	0	0	0	180	240.5465	180	180	0	180
638.9652	-0.0625	0.7099609	-0.5986328	71.625	13.96875	-6.125	-0.3671875	0.8339844	1.329102	-42.4375	-24.125	-51.0625	0	0	0	0	0	0	180	240.5465	180	180	0	180
638.9991	-0.0625	0.7099609	-0.5986328	71.625	13.96875	-6.125	-0.3671875	0.8339844	1.329102	-42.4375	-24.125	-51.0625	0	0	0	0	0	0	180	294.897	180	180	0	180
639.0318	-0.0625	0.7099609	-0.5986328	71.625	13.96875	-6.125	-0.3671875	0.8339844	1.329102	-42.4375	-24.125	-51.0625	0	0	0	0	0	0	180	294.897	180	180	0	180
639.0652	0.4248047	0.4599609	-0.6396484	56.25	34.40625	-10.40625	-0.3671875	0.8339844	1.329102	-42.4375	-24.125	-51.0625	0	0	0	0	0	0	180	294.897	180	180	0	180
639.0994	0.4248047	0.4599609	-0.6396484	56.25	34.40625	-10.40625	-0.3671875	0.8339844	1.329102	-42.4375	-24.125	-51.0625	0	0	0	0	0	0	180	294.897	180	180	0	180
639.1323	0.4248047	0.4599609	-0.6396484	56.25	34.40625	-10.40625	-0.3671875	0.8339844	1.329102	-42.4375	-24.125	-51.0625	0	0	0	0	0	0	180	294.897	180	180	0	180
639.1661	0.3554688	0.6015625	-0.6201172	40.34375	17.125	-23.5	-0.3671875	0.8339844	1.329102	-42.4375	-24.125	-51.0625	0	0	0	0	0	0	180	294.897	180	180	0	180
639.2001	0.3554688	0.6015625	-0.6201172	40.34375	17.125	-23.5	-0.3671875	0.8339844	1.329102	-42.4375	-24.125	-51.0625	0	0	0	0	0	0	180	294.897	180	180	0	180
639.2328	0.0625	0.6591797	-0.9296875	30.0625	10.46875	-19.59375	-0.3671875	0.8339844	1.329102	-42.4375	-24.125	-51.0625	0	0	0	0	0	0	180	294.897	180	180	0	180
639.2663	0.0625	0.6591797	-0.9296875	30.0625	10.46875	-19.59375	-0.3671875	0.8339844	1.329102	-42.4375	-24.125	-51.0625	0	0	0	0	0	0	180	294.897	180	180	0	180
639.2999	0.0625	0.6591797	-0.9296875	30.0625	10.46875	-19.59375	-0.3671875	0.8339844	1.329102	-42.4375	-24.125	-51.0625	0	0	0	0	0	0	180	294.897	180	180	0	180
639.3326	0.3408203	0.6464844	-0.9306641	6.5625	17.5	-20.9375	-0.3671875	0.8339844	1.329102	-42.4375	-24.125	-51.0625	0	0	0	0	0	0	180	294.897	180	180	0	180
639.3667	0.3408203	0.6464844	-0.9306641	6.5625	17.5	-20.9375	-0.3671875	0.8339844	1.329102	-42.4375	-24.125	-51.0625	0	0	0	0	0	0	180	294.897	180	180	0	180
639.431	0.2734375	0.5078125	-0.8789063	-12.03125	6.625	-19.5	-0.3671875	0.8339844	1.329102	-42.4375	-24.125	-51.0625	0	0	0	0	0	0	180	294.897	180	180	0	180
639.4324	0.2734375	0.5078125	-0.8789063	-12.03125	6.625	-19.5	-0.3671875	0.8339844	1.329102	-42.4375	-24.125	-51.0625	0	0	0	0	0	0	180	294.897	180	180	0	180
639.4648	0.2734375	0.5078125	-0.8789063	-12.03125	6.625	-19.5	-0.3671875	0.8339844	1.329102	-42.4375	-24.125	-51.0625	0	0	0	0	0	0	180	294.897	180	180	0	180
639.4982	0.2734375	0.5078125	-0.8789063	-12.03125	6.625	-19.5	-0.3671875	0.8339844	1.329102	-42.4375	-24.125	-51.0625	0	0	0	0	0	0	180	294.897	180	180	0	180
639.5312	0.2734375	0.5078125	-0.8789063	-12.03125	6.625	-19.5	-0.3671875	0.8339844	1.329102	-42.4375	-24.125	-51.0625	0	0	0	0	0	0	180	294.897	180	180	0	180
639.5649	0.2216797	0.6669922	-0.6445313	-53.3125	17.375	-24.78125	-0.3671875	0.8339844	1.329102	-42.4375	-24.125	-51.0625	0	0	0	0	0	0	180	322.6721	180	180	0	180
639.5984	0.2216797	0.6669922	-0.6445313	-53.3125	17.375	-24.78125	-0.3671875	0.8339844	1.329102	-42.4375	-24.125	-51.0625	0	0	0	0	0	0	180	322.6721	180	180	0	180
639.6313	0.2216797	0.6669922	-0.6445313	-53.3125	17.375	-24.78125	-0.3671875	0.8339844	1.329102	-42.4375	-24.125	-51.0625	0	0	0	0	0	0	180	322.6721	180	180	0	180
639.6649	0.2431641	1.24707	-1.083008	-100.5938	24.40625	-28.875	-0.3671875	0.8339844	1.329102	-42.4375	-24.125	-51.0625	0	0	0	0	0	0	180	322.6721	180	180	0	180
639.6986	0.2431641	1.24707	-1.083008	-100.5938	24.40625	-28.875	-0.3671875	0.8339844	1.329102	-42.4375	-24.125	-51.0625	0	0	0	0	0	0	180	322.6721	180	180	0	180
639.7316	-0.078125	0.6025391	-0.05957031	-64.59375	14.09375	-9.84375	-0.3671875	0.8339844	1.329102	-42.4375	-24.125	-51.0625	0	0	0	0	0	0	180	322.6721	180	180	0	180
639.7656	-0.078125	0.6025391	-0.05957031	-64.59375	14.09375	-9.84375	-0.3671875	0.8339844	1.329102	-42.4375	-24.125	-51.0625	0	0	0	0	0	0	180	322.6721	180	180	0	180
639.799	0.1738281	0.9326172	-0.3505859	-64.21875	-2.28125	-20.34375	-0.3671875	0.8339844	1.329102	-42.4375	-24.125	-51.0625	0	0	0	0	0	0	180	322.6721	180	180	0	180
639.832	-0.01269531	1.023438	-0.2294922	-61.1875	-0.875	-24.90625	-0.3671875	0.8339844	1.329102	-42.4375	-24.125	-51.0625	0	0	0	0	0	0	180	322.6721	180	180	0	180
639.8657	-0.01269531	1.023438	-0.2294922	-61.1875	-0.875	-24.90625	-0.3671875	0.8339844	1.329102	-42.4375	-24.125	-51.0625	0	0	0	0	0	0	180	322.6721	180	180	0	180
639.8997	-0.01269531	1.023438	-0.2294922	-61.1875	-0.875	-24.90625	-0.3671875	0.8339844	1.329102	-42.4375	-24.125	-51.0625	0	0	0	0	0	0	180	322.6721	180	180	0	180
639.9324	0.046875	0.8125	-0.2080078	-50.375	-6.375	-18.875	-0.3671875	0.8339844	1.329102	-42.4375	-24.125	-51.0625	0	0	0	0	0	0	180	322.6721	180	180	0	180
639.9661	0.046875	0.8125	-0.2080078	-50.375	-6.375	-18.875	-0.3671875	0.8339844	1.329102	-42.4375	-24.125	-51.0625	0	0	0	0	0	0	180	322.6721	180	180	0	180
639.9996	0.046875	0.8125	-0.2080078	-50.375	-6.375	-18.875	-0.3671875	0.8339844	1.329102	-42.4375	-24.125	-51.0625	0	0	0	0	0	0	180	322.6721	180	180	0	180
640.0328	0.046875	0.8125	-0.2080078	-50.375	-6.375	-18.875	-0.3671875	0.8339844	1.329102	-42.4375	-24.125	-51.0625	0	0	0	0	0	0	180	262.728	180	180	0	180
640.0665	0.046875	0.8125	-0.2080078	-50.375	-6.375	-18.875	-0.3671875	0.8339844	1.329102	-42.4375	-24.125	-51.0625	0	0	0	0	0	0	180	262.728	180	180	0	180
640.0997	-0.02050781	1.124023	-0.2539063	-22.125	-6.1875	-17.78125	-0.3671875	0.8339844	1.329102	-42.4375	-24.125	-51.0625	0	0	0	0	0	0	180	262.728	180	180	0	180
640.1328	0.1767578	1.110352	-0.2148438	-8.6875	-2.875	-5.03125	-0.3671875	0.8339844	1.329102	-42.4375	-24.125	-51.0625	0	0	0	0	0	0	180	262.728	180	180	0	180
640.1666	0.1767578	1.110352	-0.2148438	-8.6875	-2.875	-5.03125	-0.3671875	0.8339844	1.329102	-42.4375	-24.125	-51.0625	0	0	0	0	0	0	180	262.728	180	180	0	180
640.1998	0.1767578	1.110352	-0.2148438	-8.6875	-2.875	-5.03125	-0.3671875	0.8339844	1.329102	-42.4375	-24.125	-51.0625	0	0	0	0	0	0	180	262.728	180	180	0	180
640.2332	0.06347656	1.048828	-0.1142578	-15.53125	-9.0625	-8.125	-0.3671875	0.8339844	1.329102	-42.4375	-24.125	-51.0625	0	0	0	0	0	0	180	262.728	180	180	0	180
640.2666	0.06347656	1.048828	-0.1142578	-15.53125	-9.0625	-8.125	-0.3671875	0.8339844	1.329102	-42.4375	-24.125	-51.0625	0	0	0	0	0	0	180	262.728	180	180	0	180
640.2999	0.06347656	1.048828	-0.1142578	-15.53125	-9.0625	-8.125	-0.3671875	0.8339844	1.329102	-42.4375	-24.125	-51.0625	0	0	0	0	0	0	180	262.728	180	180	0	180
640.3329	0.001953125	0.9267578	-0.02832031	-14.71875	-1.125	-7.28125	-0.3671875	0.8339844	1.329102	-42.4375	-24.125	-51.0625	0	0	0	0	0	0	180	262.728	180	180	0	180
640.3669	0.001953125	0.9267578	-0.02832031	-14.71875	-1.125	-7.28125	-0.3671875	0.8339844	1.329102	-42.4375	-24.125	-51.0625	0	0	0	0	0	0	180	262.728	180	180	0	180
640.4	0.00390625	0.9199219	-0.07519531	-31.6875	-2.53125	-7.21875	-0.3671875	0.8339844	1.329102	-42.4375	-24.125	-51.0625	0	0	0	0	0	0	180	262.728	180	180	0	180
640.4332	0.00390625	0.9199219	-0.07519531	-31.6875	-2.53125	-7.21875	-0.3671875	0.8339844	1.329102	-42.4375	-24.125	-51.0625	0	0	0	0	0	0	180	262.728	180	180	0	180
640.4666	0.00390625	0.9199219	-0.07519531	-31.6875	-2.53125	-7.21875	-0.3671875	0.8339844	1.329102	-42.4375	-24.125	-51.0625	0	0	0	0	0	0	180	262.728	180	180	0	180
640.4999	0.1835938	0.9130859	-0.0390625	-22	-3.1875	-9.15625	-0.3671875	0.8339844	1.329102	-42.4375	-24.125	-51.0625	0	0	0	0	0	0	180	262.728	180	180	0	180
640.5331	0.1835938	0.9130859	-0.0390625	-22	-3.1875	-9.15625	-0.3671875	0.8339844	1.329102	-42.4375	-24.125	-51.0625	0	0	0	0	0	0	180	262.728	180	180	0	180
640.5667	0.1835938	0.9130859	-0.0390625	-22	-3.1875	-9.15625	-0.3671875	0.8339844	1.329102	-42.4375	-24.125	-51.0625	0	0	0	0	0	0	180	262.728	180	180	0	180
640.6009	0.1835938	0.9130859	-0.0390625	-22	-3.1875	-9.15625	-0.3671875	0.8339844	1.329102	-42.4375	-24.125	-51.0625	0	0	0	0	0	0	180	262.728	180	180	0	180
640.6342	-0.06152344	0.9052734	-0.0859375	-12.46875	-5.6875	-3.6875	-0.3671875	0.8339844	1.329102	-42.4375	-24.125	-51.0625	0	0	0	0	0	0	180	262.728	180	180	0	180
640.6679	-0.06152344	0.9052734	-0.0859375	-12.46875	-5.6875	-3.6875	-0.3671875	0.8339844	1.329102	-42.4375	-24.125	-51.0625	0	0	0	0	0	0	180	262.728	180	180	0	180
640.701	-0.04785156	0.9394531	-0.01171875	-10.875	2.375	-4.09375	-0.3671875	0.8339844	1.329102	-42.4375	-24.125	-51.0625	0	0	0	0	0	0	180	262.728	180	180	0	180
640.7343	-0.04785156	0.9394531	-0.01171875	-10.875	2.375	-4.09375	-0.7431641	0.2646484	1.082031	-59.34375	1.28125	-22.8125	0	0	0	0	0	0	180	262.728	180	180	0	180
640.7676	-0.04785156	0.9394531	-0.01171875	-10.875	2.375	-4.09375	-0.7431641	0.2646484	1.082031	-59.34375	1.28125	-22.8125	0	0	0	0	0	0	180	262.728	180	180	0	180
640.801	-0.2363281	0.8212891	-0.1123047	-9.15625	3.46875	-4.34375	-0.7431641	0.2646484	1.082031	-59.34375	1.28125	-22.8125	0	0	0	0	0	0	180	262.728	180	180	0	180
640.834	-0.2363281	0.8212891	-0.1123047	-9.15625	3.46875	-4.34375	-0.7431641	0.2646484	1.082031	-59.34375	1.28125	-22.8125	0	0	0	0	0	0	180	262.728	180	180	0	180
640.8676	-0.2363281	0.8212891	-0.1123047	-9.15625	3.46875	-4.34375	-0.7431641	0.2646484	1.082031	-59.34375	1.28125	-22.8125	0	0	0	0	0	0	180	262.728	180	180	0	180
640.9017	-0.02050781	1.115234	-0.1005859	-4.96875	6.28125	-3.1875	-0.7431641	0.2646484	1.082031	-59.34375	1.28125	-22.8125	0	0	0	0	0	0	180	262.728	180	180	0	180
640.9346	-0.02050781	1.115234	-0.1005859	-4.96875	6.28125	-3.1875	-0.7431641	0.2646484	1.082031	-59.34375	1.28125	-22.8125	0	0	0	0	0	0	180	262.728	180	180	0	180
640.9683	-0.02050781	1.115234	-0.1005859	-4.96875	6.28125	-3.1875	-0.7431641	0.2646484	1.082031	-59.34375	1.28125	-22.8125	0	0	0	0	0	0	180	262.728	180	180	0	180
641.0017	-0.1757813	1.113281	-0.1464844	-7.65625	4.3125	-3	-0.7431641	0.2646484	1.082031	-59.34375	1.28125	-22.8125	0	0	0	0	0	0	180	262.728	180	180	0	180
641.0346	-0.1757813	1.113281	-0.1464844	-7.65625	4.3125	-3	-0.5546875	-0.05175781	1.710938	-79.875	-50.84375	-34.84375	0	0	0	0	0	0	180	262.728	180	180	0	180
641.0684	-0.1757813	1.113281	-0.1464844	-7.65625	4.3125	-3	-0.5546875	-0.05175781	1.710938	-79.875	-50.84375	-34.84375	0	0	0	0	0	0	180	268.4706	89.95399	180	0	180
641.1023	0.01269531	1.033203	0.004882813	-4.46875	3.40625	-1.90625	-0.5546875	-0.05175781	1.710938	-79.875	-50.84375	-34.84375	0	0	0	0	0	0	180	268.4706	89.95399	180	0	180
641.1354	0.01269531	1.033203	0.004882813	-4.46875	3.40625	-1.90625	-0.5546875	-0.05175781	1.710938	-79.875	-50.84375	-34.84375	0	0	0	0	0	0	180	268.4706	89.95399	180	0	180
641.1688	0.01269531	1.033203	0.004882813	-4.46875	3.40625	-1.90625	-0.5546875	-0.05175781	1.710938	-79.875	-50.84375	-34.84375	0	0	0	0	0	0	180	268.4706	89.95399	180	0	180
641.2028	-0.05664063	0.8837891	-0.1416016	-5.15625	5.125	-2.21875	-0.5546875	-0.05175781	1.710938	-79.875	-50.84375	-34.84375	0	0	0	0	0	0	180	268.4706	89.95399	180	0	180
641.2362	-0.05664063	0.8837891	-0.1416016	-5.15625	5.125	-2.21875	-0.5546875	-0.05175781	1.710938	-79.875	-50.84375	-34.84375	0	0	0	0	0	0	180	268.4706	89.95399	180	0	180
641.2701	-0.04589844	0.9990234	-0.1230469	-3.875	-0.125	-2.875	-0.5546875	-0.05175781	1.710938	-79.875	-50.84375	-34.84375	0	0	0	0	0	0	180	268.4706	89.95399	180	0	180
641.3043	-0.04589844	0.9990234	-0.1230469	-3.875	-0.125	-2.875	-0.5546875	-0.05175781	1.710938	-79.875	-50.84375	-34.84375	0	0	0	0	0	0	180	268.4706	89.95399	180	0	180
641.3365	-0.04589844	0.9990234	-0.1230469	-3.875	-0.125	-2.875	-0.5546875	-0.05175781	1.710938	-79.875	-50.84375	-34.84375	0	0	0	0	0	0	180	268.4706	89.95399	180	0	180
641.3699	-0.1523438	1.225586	-0.02734375	-1.53125	-1.46875	-0.4375	-0.5546875	-0.05175781	1.710938	-79.875	-50.84375	-34.84375	0	0	0	0	0	0	180	268.4706	89.95399	180	0	180
641.4039	-0.1523438	1.225586	-0.02734375	-1.53125	-1.46875	-0.4375	-0.5546875	-0.05175781	1.710938	-79.875	-50.84375	-34.84375	0	0	0	0	0	0	180	268.4706	89.95399	180	0	180
641.4364	-0.1523438	1.225586	-0.02734375	-1.53125	-1.46875	-0.4375	-0.5546875	-0.05175781	1.710938	-79.875	-50.84375	-34.84375	0	0	0	0	0	0	180	268.4706	89.95399	180	0	180
641.4698	0.05664063	0.9755859	-0.05566406	-2.46875	-1.71875	0.21875	-0.5546875	-0.05175781	1.710938	-79.875	-50.84375	-34.84375	0	0	0	0	0	0	180	268.4706	89.95399	180	0	180
