663.8207	0.015625	0.9824219	0.046875	7.125	0.34375	-1.84375	0.000976563	0.1865234	0.9853516	-2.34375	-3.375	-3.5	-0.1181641	1.109375	-0.3652344	-0.0625	-0.375	0	109.7366	264.8523	159.2108	86.78269	110.7513	169.9338
663.845	0.015625	0.9824219	0.046875	7.125	0.34375	-1.84375	0.000976563	0.1865234	0.9853516	-2.34375	-3.375	-3.5	-0.09765625	1.009766	-0.1728516	0.09375	-0.125	0.34375	109.7366	264.8523	159.2108	86.78269	110.7513	169.9338
663.8693	0.015625	0.9824219	0.046875	7.125	0.34375	-1.84375	0.000976563	0.1865234	0.9853516	-2.34375	-3.375	-3.5	-0.09765625	1.009766	-0.1728516	0.09375	-0.125	0.34375	109.7366	264.8523	159.2108	86.86055	110.4895	169.3935
663.9028	0.015625	0.9824219	0.046875	7.125	0.34375	-1.84375	0.000976563	0.1865234	0.9853516	-2.34375	-3.375	-3.5	-0.09765625	1.009766	-0.1728516	0.09375	-0.125	0.34375	109.5928	265.1927	159.3102	86.86055	110.4895	169.3935
663.9554	0.0234375	0.9257813	-0.01074219	-2.53125	-1.46875	-0.125	-0.09667969	0.2578125	1.115234	-2.03125	-0.5625	-3.5	0.02734375	0.9169922	-0.359375	-0.5625	-0.875	0.21875	109.5928	265.1927	159.3102	86.86055	110.4895	169.3935
663.9568	0.0234375	0.9257813	-0.01074219	-2.53125	-1.46875	-0.125	-0.09667969	0.2578125	1.115234	-2.03125	-0.5625	-3.5	0.02734375	0.9169922	-0.359375	-0.5625	-0.875	0.21875	109.5928	265.1927	159.3102	86.86055	110.4895	169.3935
663.9864	0.0234375	0.9257813	-0.01074219	-2.53125	-1.46875	-0.125	-0.09667969	0.2578125	1.115234	-2.03125	-0.5625	-3.5	0.02734375	0.9169922	-0.359375	-0.5625	-0.875	0.21875	109.5928	265.1927	159.3102	86.03036	111.0453	168.9864
664.0203	0.0234375	0.9257813	-0.01074219	-2.53125	-1.46875	-0.125	-0.09667969	0.2578125	1.115234	-2.03125	-0.5625	-3.5	0.05175781	0.8916016	-0.3212891	0	1.375	-0.4375	109.5928	265.1927	159.3102	86.03036	111.0453	168.9864
664.0534	0.0234375	0.9257813	-0.01074219	-2.53125	-1.46875	-0.125	-0.09667969	0.2578125	1.115234	-2.03125	-0.5625	-3.5	0.05175781	0.8916016	-0.3212891	0	1.375	-0.4375	109.5928	265.1927	159.3102	86.03036	111.0453	168.9864
664.0864	0.0234375	0.9257813	-0.01074219	-2.53125	-1.46875	-0.125	-0.09667969	0.2578125	1.115234	-2.03125	-0.5625	-3.5	0.05175781	0.8916016	-0.3212891	0	1.375	-0.4375	109.5928	265.1927	159.3102	86.04605	111.1243	169.2127
664.12	0.0234375	0.9257813	-0.01074219	-2.53125	-1.46875	-0.125	-0.09667969	0.2578125	1.115234	-2.03125	-0.5625	-3.5	0.002929688	1.077148	-0.2587891	-0.8125	0.90625	-0.1875	109.5928	265.1927	159.3102	86.04605	111.1243	169.2127
664.1531	0.0234375	0.9257813	-0.01074219	-2.53125	-1.46875	-0.125	-0.09667969	0.2578125	1.115234	-2.03125	-0.5625	-3.5	0.002929688	1.077148	-0.2587891	-0.8125	0.90625	-0.1875	109.5928	265.1927	159.3102	86.04605	111.1243	169.2127
664.1863	0.0234375	0.9257813	-0.01074219	-2.53125	-1.46875	-0.125	-0.09667969	0.2578125	1.115234	-2.03125	-0.5625	-3.5	0.002929688	1.077148	-0.2587891	-0.8125	0.90625	-0.1875	109.5928	265.1927	159.3102	85.9221	111.0512	168.9828
664.2202	0.0234375	0.9257813	-0.01074219	-2.53125	-1.46875	-0.125	-0.09667969	0.2578125	1.115234	-2.03125	-0.5625	-3.5	0.04101563	0.9248047	-0.2226563	-0.5625	0.53125	-0.375	109.2563	266.0085	160.2133	85.9221	111.0512	168.9828
664.2531	0.0234375	0.9257813	-0.01074219	-2.53125	-1.46875	-0.125	-0.09667969	0.2578125	1.115234	-2.03125	-0.5625	-3.5	0.04101563	0.9248047	-0.2226563	-0.5625	0.53125	-0.375	109.2563	266.0085	160.2133	85.9221	111.0512	168.9828
664.2862	0.0234375	0.9257813	-0.01074219	-2.53125	-1.46875	-0.125	-0.03222656	0.4726563	0.9130859	1.375	-0.3125	0.78125	0.04101563	0.9248047	-0.2226563	-0.5625	0.53125	-0.375	109.2563	266.0085	160.2133	84.98682	111.6129	169.2674
664.3203	0.0234375	0.9257813	-0.01074219	-2.53125	-1.46875	-0.125	-0.03222656	0.4726563	0.9130859	1.375	-0.3125	0.78125	0.01074219	0.953125	-0.4130859	-0.1875	0.71875	-0.1875	109.5273	266.1731	160.598	84.98682	111.6129	169.2674
664.3541	0.0234375	0.9257813	-0.01074219	-2.53125	-1.46875	-0.125	-0.03222656	0.4726563	0.9130859	1.375	-0.3125	0.78125	0.01074219	0.953125	-0.4130859	-0.1875	0.71875	-0.1875	109.5273	266.1731	160.598	84.98682	111.6129	169.2674
664.3865	-0.09179688	0.9511719	0.09667969	-3.875	-3.1875	0.71875	-0.1152344	0.3457031	0.8789063	0.53125	-0.125	0.15625	0.04199219	0.9208984	-0.3662109	-0.3125	-0.0625	0	109.5273	266.1731	160.598	85.47841	111.0893	169.3427
664.4205	-0.09179688	0.9511719	0.09667969	-3.875	-3.1875	0.71875	-0.1152344	0.3457031	0.8789063	0.53125	-0.125	0.15625	0.04199219	0.9208984	-0.3662109	-0.3125	-0.0625	0	109.5273	266.1731	160.598	85.47841	111.0893	169.3427
664.453	-0.09179688	0.9511719	0.09667969	-3.875	-3.1875	0.71875	-0.1152344	0.3457031	0.8789063	0.53125	-0.125	0.15625	0.04199219	0.9208984	-0.3662109	-0.3125	-0.0625	0	109.5273	266.1731	160.598	85.47841	111.0893	169.3427
664.4863	-0.09179688	0.9511719	0.09667969	-3.875	-3.1875	0.71875	-0.1152344	0.3457031	0.8789063	0.53125	-0.125	0.15625	0.1386719	1.030273	-0.1162109	-0.4375	0.09375	0.34375	109.5273	266.1731	160.598	85.70975	111.0381	169.8586
664.5198	0.01757813	0.8291016	0.03417969	-2.53125	-1	-1.53125	-0.1152344	0.3457031	0.8789063	0.53125	-0.125	0.15625	0.1386719	1.030273	-0.1162109	-0.4375	0.09375	0.34375	109.9251	266.9803	160.3394	85.70975	111.0381	169.8586
664.553	0.01757813	0.8291016	0.03417969	-2.53125	-1	-1.53125	-0.1152344	0.3457031	0.8789063	0.53125	-0.125	0.15625	0.1386719	1.030273	-0.1162109	-0.4375	0.09375	0.34375	109.9251	266.9803	160.3394	85.70975	111.0381	169.8586
664.5861	0.01757813	0.8291016	0.03417969	-2.53125	-1	-1.53125	0.0234375	0.3359375	0.9951172	1.28125	-0.5	0.34375	0.1386719	1.030273	-0.1162109	-0.4375	0.09375	0.34375	109.9251	266.9803	160.3394	86.67601	109.8035	169.5112
664.6201	0.01757813	0.8291016	0.03417969	-2.53125	-1	-1.53125	0.0234375	0.3359375	0.9951172	1.28125	-0.5	0.34375	-0.07324219	0.8701172	-0.3525391	0.28125	1.875	-0.5625	110.3425	268.146	160.1308	86.67601	109.8035	169.5112
664.6528	0.01757813	0.8291016	0.03417969	-2.53125	-1	-1.53125	-0.1425781	0.4052734	0.9824219	1.625	0.65625	-0.5625	-0.07324219	0.8701172	-0.3525391	0.28125	1.875	-0.5625	110.3425	268.146	160.1308	86.67601	109.8035	169.5112
664.6862	0.01757813	0.8291016	0.03417969	-2.53125	-1	-1.53125	-0.1425781	0.4052734	0.9824219	1.625	0.65625	-0.5625	0.2089844	0.859375	-0.2041016	0.09375	-0.1875	-0.6875	110.3425	268.146	160.1308	86.78069	109.2101	168.8536
664.72	0.01757813	0.8291016	0.03417969	-2.53125	-1	-1.53125	-0.1425781	0.4052734	0.9824219	1.625	0.65625	-0.5625	0.2089844	0.859375	-0.2041016	0.09375	-0.1875	-0.6875	110.3425	268.146	160.1308	86.78069	109.2101	168.8536
664.7524	-0.03222656	0.9599609	0.02539063	-1.96875	-1.1875	0.84375	-0.1425781	0.4052734	0.9824219	1.625	0.65625	-0.5625	0.2089844	0.859375	-0.2041016	0.09375	-0.1875	-0.6875	110.3425	268.146	160.1308	86.78069	109.2101	168.8536
664.7862	-0.03222656	0.9599609	0.02539063	-1.96875	-1.1875	0.84375	-0.1425781	0.4052734	0.9824219	1.625	0.65625	-0.5625	0.04101563	0.9785156	-0.3095703	-0.375	0.40625	0.34375	110.46	267.754	160.5294	87.08179	108.9681	169.0578
664.8198	-0.03222656	0.9599609	0.02539063	-1.96875	-1.1875	0.84375	-0.1425781	0.4052734	0.9824219	1.625	0.65625	-0.5625	0.04101563	0.9785156	-0.3095703	-0.375	0.40625	0.34375	110.46	267.754	160.5294	87.08179	108.9681	169.0578
664.8527	-0.03222656	0.9599609	0.02539063	-1.96875	-1.1875	0.84375	-0.1425781	0.4052734	0.9824219	1.625	0.65625	-0.5625	0.04101563	0.9785156	-0.3095703	-0.375	0.40625	0.34375	110.46	267.754	160.5294	87.08179	108.9681	169.0578
664.8857	-0.03222656	0.9599609	0.02539063	-1.96875	-1.1875	0.84375	-0.1425781	0.4052734	0.9824219	1.625	0.65625	-0.5625	-0.03125	0.8994141	-0.2158203	0.65625	0.34375	0.28125	110.4893	267.4087	160.8152	88.20564	108.1478	169.6473
664.9203	-0.03222656	0.9599609	0.02539063	-1.96875	-1.1875	0.84375	-0.1425781	0.4052734	0.9824219	1.625	0.65625	-0.5625	-0.03125	0.8994141	-0.2158203	0.65625	0.34375	0.28125	110.4893	267.4087	160.8152	88.20564	108.1478	169.6473
664.9526	-0.03222656	0.9599609	0.02539063	-1.96875	-1.1875	0.84375	0.03222656	0.3232422	0.8925781	-0.75	-1.1875	-0.125	-0.03125	0.8994141	-0.2158203	0.65625	0.34375	0.28125	110.4893	267.4087	160.8152	88.20564	108.1478	169.6473
664.9868	-0.03222656	0.9599609	0.02539063	-1.96875	-1.1875	0.84375	0.03222656	0.3232422	0.8925781	-0.75	-1.1875	-0.125	-0.05957031	0.9990234	-0.2548828	0.59375	0.40625	1.3125	110.4893	267.4087	160.8152	87.75063	108.9874	170.0503
665.0195	-0.03222656	0.9599609	0.02539063	-1.96875	-1.1875	0.84375	0.03222656	0.3232422	0.8925781	-0.75	-1.1875	-0.125	-0.05957031	0.9990234	-0.2548828	0.59375	0.40625	1.3125	110.276	267.0552	160.7346	86.91656	109.6619	169.7425
665.0526	-0.03222656	0.9599609	0.02539063	-1.96875	-1.1875	0.84375	0.03222656	0.3232422	0.8925781	-0.75	-1.1875	-0.125	-0.05957031	0.9990234	-0.2548828	0.59375	0.40625	1.3125	110.276	267.0552	160.7346	86.91656	109.6619	169.7425
665.0861	-0.03222656	0.9599609	0.02539063	-1.96875	-1.1875	0.84375	0.03222656	0.3232422	0.8925781	-0.75	-1.1875	-0.125	0.05566406	0.8857422	-0.2353516	0.90625	0.53125	-0.375	110.276	267.0552	160.7346	86.91656	109.6619	169.7425
665.1198	-0.03222656	0.9599609	0.02539063	-1.96875	-1.1875	0.84375	0.03222656	0.3232422	0.8925781	-0.75	-1.1875	-0.125	0.05566406	0.8857422	-0.2353516	0.90625	0.53125	-0.375	110.276	267.0552	160.7346	86.91656	109.6619	169.7425
665.1523	-0.03222656	0.9599609	0.02539063	-1.96875	-1.1875	0.84375	0.03222656	0.3232422	0.8925781	-0.75	-1.1875	-0.125	0.05566406	0.8857422	-0.2353516	0.90625	0.53125	-0.375	110.276	267.0552	160.7346	86.91656	109.6619	169.7425
665.1865	-0.03222656	0.9599609	0.02539063	-1.96875	-1.1875	0.84375	0.03222656	0.3232422	0.8925781	-0.75	-1.1875	-0.125	-0.006835938	0.9736328	-0.2587891	0.34375	0.09375	0.15625	110.276	267.0552	160.7346	87.0779	109.2383	169.6016
665.2194	0.03613281	0.9492188	0.1445313	3.78125	-0.5	0.28125	0.03222656	0.3232422	0.8925781	-0.75	-1.1875	-0.125	-0.006835938	0.9736328	-0.2587891	0.34375	0.09375	0.15625	110.276	267.0552	160.7346	86.57446	109.7826	169.554
665.2521	0.03613281	0.9492188	0.1445313	3.78125	-0.5	0.28125	-0.1816406	0.3662109	0.8808594	-1.84375	1.03125	0.09375	-0.006835938	0.9736328	-0.2587891	0.34375	0.09375	0.15625	110.276	267.0552	160.7346	86.57446	109.7826	169.554
665.2862	0.03613281	0.9492188	0.1445313	3.78125	-0.5	0.28125	-0.1816406	0.3662109	0.8808594	-1.84375	1.03125	0.09375	0.07910156	0.8339844	-0.3369141	-0.875	0	-0.5	109.9955	266.7217	159.9613	86.57446	109.7826	169.554
665.3192	0.03613281	0.9492188	0.1445313	3.78125	-0.5	0.28125	-0.1816406	0.3662109	0.8808594	-1.84375	1.03125	0.09375	0.07910156	0.8339844	-0.3369141	-0.875	0	-0.5	109.9955	266.7217	159.9613	86.06032	110.0918	169.1775
665.3524	0.03613281	0.9492188	0.1445313	3.78125	-0.5	0.28125	-0.1816406	0.3662109	0.8808594	-1.84375	1.03125	0.09375	0.1953125	0.7988281	-0.3505859	-0.1875	-0.375	-1.46875	109.9955	266.7217	159.9613	86.06032	110.0918	169.1775
665.3859	0.03613281	0.9492188	0.1445313	3.78125	-0.5	0.28125	-0.1816406	0.3662109	0.8808594	-1.84375	1.03125	0.09375	0.1953125	0.7988281	-0.3505859	-0.1875	-0.375	-1.46875	109.9955	266.7217	159.9613	86.06032	110.0918	169.1775
665.4196	-0.04980469	0.9414063	0.078125	1.21875	-0.5	0.71875	-0.1816406	0.3662109	0.8808594	-1.84375	1.03125	0.09375	0.00390625	0.8212891	-0.3320313	-0.375	1.3125	-0.25	109.9955	266.7217	159.9613	84.91048	111.8422	169.7442
665.4521	-0.04980469	0.9414063	0.078125	1.21875	-0.5	0.71875	-0.1503906	0.3125	0.9951172	1.6875	0.84375	-0.1875	0.00390625	0.8212891	-0.3320313	-0.375	1.3125	-0.25	109.9955	266.7217	159.9613	84.91048	111.8422	169.7442
665.4855	-0.04980469	0.9414063	0.078125	1.21875	-0.5	0.71875	-0.1503906	0.3125	0.9951172	1.6875	0.84375	-0.1875	0.00390625	0.8212891	-0.3320313	-0.375	1.3125	-0.25	109.9955	266.7217	159.9613	84.91048	111.8422	169.7442
665.5198	-0.02441406	1.076172	0.07910156	1.03125	-1.125	-0.5	-0.1503906	0.3125	0.9951172	1.6875	0.84375	-0.1875	0.1865234	0.9384766	-0.25	0.09375	0.78125	0.28125	109.5906	265.5274	159.7015	84.57365	112.4216	169.9637
665.5522	-0.02441406	1.076172	0.07910156	1.03125	-1.125	-0.5	-0.05371094	0.2109375	1.019531	-0.4375	0	0.03125	0.1865234	0.9384766	-0.25	0.09375	0.78125	0.28125	109.5906	265.5274	159.7015	84.57365	112.4216	169.9637
665.5857	-0.02441406	1.076172	0.07910156	1.03125	-1.125	-0.5	-0.05371094	0.2109375	1.019531	-0.4375	0	0.03125	0.2099609	0.9375	-0.1992188	-0.25	-0.75	-1	109.6231	265.6811	159.3031	84.57365	112.4216	169.9637
665.6195	-0.02441406	1.076172	0.07910156	1.03125	-1.125	-0.5	-0.05371094	0.2109375	1.019531	-0.4375	0	0.03125	0.2099609	0.9375	-0.1992188	-0.25	-0.75	-1	109.6231	265.6811	159.3031	84.71061	111.9823	169.5971
665.6522	-0.03710938	1.012695	0.0859375	1.03125	-0.8125	0.15625	-0.05371094	0.2109375	1.019531	-0.4375	0	0.03125	0.2099609	0.9375	-0.1992188	-0.25	-0.75	-1	109.6231	265.6811	159.3031	84.71061	111.9823	169.5971
665.6858	-0.03710938	1.012695	0.0859375	1.03125	-0.8125	0.15625	-0.05371094	0.2109375	1.019531	-0.4375	0	0.03125	-0.1044922	1.083008	-0.2451172	0.09375	0.53125	0.03125	109.6231	265.6811	159.3031	84.90506	111.5556	169.346
665.7193	-0.03710938	1.012695	0.0859375	1.03125	-0.8125	0.15625	-0.05371094	0.2109375	1.019531	-0.4375	0	0.03125	-0.1044922	1.083008	-0.2451172	0.09375	0.53125	0.03125	109.6231	265.6811	159.3031	84.90506	111.5556	169.346
665.7524	-0.03710938	1.012695	0.0859375	1.03125	-0.8125	0.15625	-0.05664063	0.1455078	0.9179688	0.21875	0.46875	0.03125	-0.03417969	1.110352	-0.2685547	0.71875	-0.125	0.28125	109.6231	265.6811	159.3031	84.90506	111.5556	169.346
665.7855	-0.03710938	1.012695	0.0859375	1.03125	-0.8125	0.15625	-0.05664063	0.1455078	0.9179688	0.21875	0.46875	0.03125	-0.03417969	1.110352	-0.2685547	0.71875	-0.125	0.28125	109.6231	265.6811	159.3031	84.90506	111.5556	169.346
665.8198	-0.03710938	1.012695	0.0859375	1.03125	-0.8125	0.15625	-0.05664063	0.1455078	0.9179688	0.21875	0.46875	0.03125	-0.03417969	1.110352	-0.2685547	0.71875	-0.125	0.28125	109.6738	265.5615	159.5224	85.19777	111.4426	169.6322
665.8522	-0.08203125	1.001953	-0.009765625	-0.125	-1.125	1.03125	0.000976563	0.3300781	0.9980469	1.75	-0.125	0.40625	-0.03417969	1.110352	-0.2685547	0.71875	-0.125	0.28125	109.6738	265.5615	159.5224	85.19777	111.4426	169.6322
665.8854	-0.04199219	0.8798828	0.06933594	-0.1875	-0.625	-0.3125	0.000976563	0.3300781	0.9980469	1.75	-0.125	0.40625	0.0546875	0.7900391	-0.1748047	0.21875	-1	-0.25	109.6738	265.5615	159.5224	85.95927	110.1713	169.1101
665.9194	-0.04199219	0.8798828	0.06933594	-0.1875	-0.625	-0.3125	0.000976563	0.3300781	0.9980469	1.75	-0.125	0.40625	0.0546875	0.7900391	-0.1748047	0.21875	-1	-0.25	109.7383	265.9703	159.2538	85.95927	110.1713	169.1101
665.9522	-0.04199219	0.8798828	0.06933594	-0.1875	-0.625	-0.3125	0.000976563	0.3300781	0.9980469	1.75	-0.125	0.40625	0.09179688	1.055664	-0.2578125	0.21875	0.09375	0.59375	109.7383	265.9703	159.2538	85.95927	110.1713	169.1101
665.9857	-0.04199219	0.8798828	0.06933594	-0.1875	-0.625	-0.3125	0.000976563	0.3300781	0.9980469	1.75	-0.125	0.40625	0.09179688	1.055664	-0.2578125	0.21875	0.09375	0.59375	109.7383	265.9703	159.2538	86.1334	109.6802	168.8967
666.0189	-0.04199219	0.8798828	0.06933594	-0.1875	-0.625	-0.3125	0.000976563	0.3300781	0.9980469	1.75	-0.125	0.40625	0.09179688	1.055664	-0.2578125	0.21875	0.09375	0.59375	109.7383	265.9703	159.2538	86.1334	109.6802	168.8967
666.0522	-0.04199219	0.8798828	0.06933594	-0.1875	-0.625	-0.3125	-0.03125	0.3300781	0.8574219	-0.125	-0.8125	0	-0.0390625	0.9521484	-0.3427734	-0.6875	0.15625	1.4375	109.7383	265.9703	159.2538	86.1334	109.6802	168.8967
666.0856	-0.04199219	0.8798828	0.06933594	-0.1875	-0.625	-0.3125	-0.03125	0.3300781	0.8574219	-0.125	-0.8125	0	-0.0390625	0.9521484	-0.3427734	-0.6875	0.15625	1.4375	109.7383	265.9703	159.2538	86.1334	109.6802	168.8967
666.1194	-0.04199219	0.8798828	0.06933594	-0.1875	-0.625	-0.3125	-0.03125	0.3300781	0.8574219	-0.125	-0.8125	0	-0.0390625	0.9521484	-0.3427734	-0.6875	0.15625	1.4375	110.0627	266.5632	158.9279	86.37499	109.2271	168.3964
666.1543	-0.04199219	0.8798828	0.06933594	-0.1875	-0.625	-0.3125	-0.03125	0.3300781	0.8574219	-0.125	-0.8125	0	0.01757813	1.050781	-0.3164063	-0.1875	-0.9375	-0.75	110.0627	266.5632	158.9279	86.37499	109.2271	168.3964
666.1854	-0.04199219	0.8798828	0.06933594	-0.1875	-0.625	-0.3125	-0.03125	0.3300781	0.8574219	-0.125	-0.8125	0	0.01757813	1.050781	-0.3164063	-0.1875	-0.9375	-0.75	110.0627	266.5632	158.9279	86.43481	109.4514	168.785
666.2189	-0.04199219	0.8798828	0.06933594	-0.1875	-0.625	-0.3125	-0.1230469	0.3925781	0.984375	0.15625	0.03125	0.09375	0.1523438	0.8173828	-0.3447266	-0.25	-0.25	0.09375	110.0627	266.5632	158.9279	86.43481	109.4514	168.785
666.2515	-0.04199219	0.8798828	0.06933594	-0.1875	-0.625	-0.3125	-0.1230469	0.3925781	0.984375	0.15625	0.03125	0.09375	0.1523438	0.8173828	-0.3447266	-0.25	-0.25	0.09375	110.0627	266.5632	158.9279	86.43481	109.4514	168.785
666.2855	-0.04199219	0.8798828	0.06933594	-0.1875	-0.625	-0.3125	-0.1230469	0.3925781	0.984375	0.15625	0.03125	0.09375	0.1523438	0.8173828	-0.3447266	-0.25	-0.25	0.09375	110.0627	266.5632	158.9279	86.4159	109.4139	168.8174
666.3192	-0.04199219	0.8798828	0.06933594	-0.1875	-0.625	-0.3125	-0.1230469	0.3925781	0.984375	0.15625	0.03125	0.09375	0.1523438	0.8173828	-0.3447266	-0.25	-0.25	0.09375	110.0627	266.5632	158.9279	86.4159	109.4139	168.8174
666.3519	-0.1083984	0.9306641	0.1142578	-0.875	0.21875	0	-0.1230469	0.3925781	0.984375	0.15625	0.03125	0.09375	0.1748047	0.8505859	-0.3808594	-0.0625	-0.625	-0.0625	110.0627	266.5632	158.9279	86.4159	109.4139	168.8174
666.3851	-0.1083984	0.9306641	0.1142578	-0.875	0.21875	0	-0.1230469	0.3925781	0.984375	0.15625	0.03125	0.09375	0.1748047	0.8505859	-0.3808594	-0.0625	-0.625	-0.0625	110.0627	266.5632	158.9279	85.75446	110.3101	169.0485
666.4191	-0.1083984	0.9306641	0.1142578	-0.875	0.21875	0	-0.1230469	0.3925781	0.984375	0.15625	0.03125	0.09375	0.1748047	0.8505859	-0.3808594	-0.0625	-0.625	-0.0625	110.0627	266.5632	158.9279	85.75446	110.3101	169.0485
666.4524	-0.1083984	0.9306641	0.1142578	-0.875	0.21875	0	-0.1230469	0.3925781	0.984375	0.15625	0.03125	0.09375	0.04589844	0.8808594	-0.4189453	0.53125	0.59375	-0.0625	110.0627	266.5632	158.9279	85.75446	110.3101	169.0485
666.4856	-0.1083984	0.9306641	0.1142578	-0.875	0.21875	0	-0.06152344	0.3574219	0.9980469	-0.0625	-0.25	-0.125	0.04589844	0.8808594	-0.4189453	0.53125	0.59375	-0.0625	109.954	266.0663	158.9909	85.75446	110.3101	169.0485
666.5191	-0.1083984	0.9306641	0.1142578	-0.875	0.21875	0	-0.06152344	0.3574219	0.9980469	-0.0625	-0.25	-0.125	0.1064453	0.8232422	-0.3349609	-0.5625	-1.125	0.09375	110.2682	267.0036	158.7485	86.23893	110.2764	169.7222
666.5518	0.05664063	0.8964844	0.109375	-0.8125	0.15625	-0.1875	-0.06152344	0.3574219	0.9980469	-0.0625	-0.25	-0.125	0.1064453	0.8232422	-0.3349609	-0.5625	-1.125	0.09375	110.2682	267.0036	158.7485	86.23893	110.2764	169.7222
666.5853	0.05664063	0.8964844	0.109375	-0.8125	0.15625	-0.1875	-0.1132813	0.3671875	0.8544922	-1.25	-0.1875	0.03125	0.1064453	0.8232422	-0.3349609	-0.5625	-1.125	0.09375	110.2682	267.0036	158.7485	86.48499	109.6678	169.2338
666.6187	-0.04882813	0.90625	-0.015625	-1.34375	0.71875	0.53125	-0.1132813	0.3671875	0.8544922	-1.25	-0.1875	0.03125	0.1064453	0.8232422	-0.3349609	-0.5625	-1.125	0.09375	110.2682	267.0036	158.7485	86.48499	109.6678	169.2338
666.6518	-0.04882813	0.90625	-0.015625	-1.34375	0.71875	0.53125	-0.1132813	0.3671875	0.8544922	-1.25	-0.1875	0.03125	0.09960938	0.9716797	-0.3691406	0.46875	2.1875	-0.5	110.2682	267.0036	158.7485	86.48499	109.6678	169.2338
666.6846	-0.04882813	0.90625	-0.015625	-1.34375	0.71875	0.53125	-0.1132813	0.3671875	0.8544922	-1.25	-0.1875	0.03125	0.09960938	0.9716797	-0.3691406	0.46875	2.1875	-0.5	110.2682	267.0036	158.7485	85.77415	110.4619	169.3473
666.7188	-0.04882813	0.90625	-0.015625	-1.34375	0.71875	0.53125	-0.1132813	0.3671875	0.8544922	-1.25	-0.1875	0.03125	0.0859375	0.8574219	-0.2763672	0.78125	1.21875	-1	110.2682	267.0036	158.7485	85.77415	110.4619	169.3473
666.752	0.002929688	0.9326172	0.09277344	-0.5625	-0.875	0.59375	-0.1132813	0.3671875	0.8544922	-1.25	-0.1875	0.03125	0.0859375	0.8574219	-0.2763672	0.78125	1.21875	-1	110.2682	267.0036	158.7485	85.77415	110.4619	169.3473
666.7851	0.002929688	0.9326172	0.09277344	-0.5625	-0.875	0.59375	-0.1132813	0.3671875	0.8544922	-1.25	-0.1875	0.03125	0.0859375	0.8574219	-0.2763672	0.78125	1.21875	-1	110.7522	267.8532	159.1103	86.62234	109.5854	169.6956
666.8186	0.002929688	0.9326172	0.09277344	-0.5625	-0.875	0.59375	-0.1132813	0.3671875	0.8544922	-1.25	-0.1875	0.03125	0.015625	0.9267578	-0.3398438	0.09375	0.90625	1.875	110.7522	267.8532	159.1103	86.62234	109.5854	169.6956
666.8715	0.002929688	0.9326172	0.09277344	-0.5625	-0.875	0.59375	-0.001953125	0.4511719	0.9990234	0.34375	0.46875	0.34375	0.015625	0.9267578	-0.3398438	0.09375	0.90625	1.875	110.7522	267.8532	159.1103	86.62234	109.5854	169.6956
666.9014	0.002929688	0.9326172	0.09277344	-0.5625	-0.875	0.59375	-0.001953125	0.4511719	0.9990234	0.34375	0.46875	0.34375	0.07519531	0.8818359	-0.3017578	0.96875	1.15625	0.71875	110.7522	267.8532	159.1103	87.61993	108.1463	169.4319
666.9351	0.002929688	0.9326172	0.09277344	-0.5625	-0.875	0.59375	-0.001953125	0.4511719	0.9990234	0.34375	0.46875	0.34375	0.07519531	0.8818359	-0.3017578	0.96875	1.15625	0.71875	110.7522	267.8532	159.1103	87.61993	108.1463	169.4319
666.9675	0.002929688	0.9326172	0.09277344	-0.5625	-0.875	0.59375	-0.001953125	0.4511719	0.9990234	0.34375	0.46875	0.34375	0.07519531	0.8818359	-0.3017578	0.96875	1.15625	0.71875	110.7522	267.8532	159.1103	88.12615	107.9768	170.1103
667.0013	-0.1630859	0.9335938	0.1210938	0.03125	0.53125	0.34375	-0.001953125	0.4511719	0.9990234	0.34375	0.46875	0.34375	0.1220703	0.7998047	-0.2519531	1.625	1.4375	0.53125	110.6486	267.7447	158.9564	88.12615	107.9768	170.1103
667.0346	-0.1630859	0.9335938	0.1210938	0.03125	0.53125	0.34375	-0.1923828	0.1972656	0.9130859	1.875	0.03125	0	0.1220703	0.7998047	-0.2519531	1.625	1.4375	0.53125	110.6486	267.7447	158.9564	88.12615	107.9768	170.1103
667.0674	-0.1171875	0.9931641	0.1650391	-1.40625	-0.8125	1.3125	-0.1923828	0.1972656	0.9130859	1.875	0.03125	0	0.1220703	0.7998047	-0.2519531	1.625	1.4375	0.53125	110.6486	267.7447	158.9564	88.12615	107.9768	170.1103
667.101	-0.1171875	0.9931641	0.1650391	-1.40625	-0.8125	1.3125	-0.1923828	0.1972656	0.9130859	1.875	0.03125	0	0.1220703	0.7998047	-0.2519531	1.625	1.4375	0.53125	110.6486	267.7447	158.9564	87.94267	108.4959	170.5999
667.1348	-0.1171875	0.9931641	0.1650391	-1.40625	-0.8125	1.3125	-0.1923828	0.1972656	0.9130859	1.875	0.03125	0	-0.03027344	0.9609375	-0.4199219	-1.125	4.75	-1.90625	110.3824	266.852	159.2462	87.94267	108.4959	170.5999
667.1676	-0.1171875	0.9931641	0.1650391	-1.40625	-0.8125	1.3125	-0.1220703	0.2294922	0.9160156	0	-0.125	-0.375	-0.03027344	0.9609375	-0.4199219	-1.125	4.75	-1.90625	110.3824	266.852	159.2462	87.94267	108.4959	170.5999
667.2006	-0.1171875	0.9931641	0.1650391	-1.40625	-0.8125	1.3125	-0.1220703	0.2294922	0.9160156	0	-0.125	-0.375	-0.03613281	0.9306641	-0.2275391	-0.25	10.84375	-1.84375	110.3824	266.852	159.2462	86.93624	110.1746	171.5383
667.2341	-0.1171875	0.9931641	0.1650391	-1.40625	-0.8125	1.3125	-0.1220703	0.2294922	0.9160156	0	-0.125	-0.375	-0.03613281	0.9306641	-0.2275391	-0.25	10.84375	-1.84375	110.3824	266.852	159.2462	86.93624	110.1746	171.5383
667.2672	-0.04199219	0.8896484	0.06152344	3.53125	-0.375	-0.125	-0.1220703	0.2294922	0.9160156	0	-0.125	-0.375	-0.03613281	0.9306641	-0.2275391	-0.25	10.84375	-1.84375	110.3824	266.852	159.2462	86.59258	110.1025	171.7938
667.3004	-0.04199219	0.8896484	0.06152344	3.53125	-0.375	-0.125	-0.1220703	0.2294922	0.9160156	0	-0.125	-0.375	0.2255859	1.010742	-0.1972656	6.625	13.34375	5	110.3824	266.852	159.2462	86.59258	110.1025	171.7938
667.3343	-0.04199219	0.8896484	0.06152344	3.53125	-0.375	-0.125	-0.1220703	0.2294922	0.9160156	0	-0.125	-0.375	0.2255859	1.010742	-0.1972656	6.625	13.34375	5	110.2436	266.3948	159.2137	86.59258	110.1025	171.7938
667.3676	-0.04199219	0.8896484	0.06152344	3.53125	-0.375	-0.125	-0.1826172	0.3486328	0.8046875	0.59375	1.4375	-0.875	0.2255859	1.010742	-0.1972656	6.625	13.34375	5	110.2436	266.3948	159.2137	86.62784	110.8226	173.3331
667.401	-0.04199219	0.8896484	0.06152344	3.53125	-0.375	-0.125	-0.1826172	0.3486328	0.8046875	0.59375	1.4375	-0.875	0.1972656	0.8251953	-0.28125	20.75	4.4375	-3.5625	110.2436	266.3948	159.2137	86.62784	110.8226	173.3331
667.4341	-0.04199219	0.8896484	0.06152344	3.53125	-0.375	-0.125	-0.1826172	0.3486328	0.8046875	0.59375	1.4375	-0.875	0.1972656	0.8251953	-0.28125	20.75	4.4375	-3.5625	109.8886	265.7029	159.0951	86.62784	110.8226	173.3331
667.4676	-0.04199219	0.8896484	0.06152344	3.53125	-0.375	-0.125	-0.1826172	0.3486328	0.8046875	0.59375	1.4375	-0.875	0.1972656	0.8251953	-0.28125	20.75	4.4375	-3.5625	109.8886	265.7029	159.0951	82.95875	116.0556	174.304
667.5016	-0.04199219	0.8896484	0.06152344	3.53125	-0.375	-0.125	-0.06738281	0.3398438	0.8886719	0.03125	0.53125	0.71875	0.1699219	1.058594	-0.2480469	16.21875	3.90625	-5.75	109.8886	265.7029	159.0951	82.95875	116.0556	174.304
667.5345	-0.04199219	0.8896484	0.06152344	3.53125	-0.375	-0.125	-0.06738281	0.3398438	0.8886719	0.03125	0.53125	0.71875	0.1699219	1.058594	-0.2480469	16.21875	3.90625	-5.75	109.8886	265.7029	159.0951	82.95875	116.0556	174.304
667.5675	-0.04199219	0.8896484	0.06152344	3.53125	-0.375	-0.125	-0.06738281	0.3398438	0.8886719	0.03125	0.53125	0.71875	0.1699219	1.058594	-0.2480469	16.21875	3.90625	-5.75	109.8886	265.7029	159.0951	80.967	119.4633	175.2955
667.6008	-0.04199219	0.8896484	0.06152344	3.53125	-0.375	-0.125	-0.06738281	0.3398438	0.8886719	0.03125	0.53125	0.71875	-0.1103516	0.8916016	-0.5273438	16.15625	4.4375	-20.59375	109.8886	265.7029	159.0951	80.967	119.4633	175.2955
667.6343	-0.03613281	0.875	-0.015625	18.78125	-0.1875	-5.9375	-0.06738281	0.3398438	0.8886719	0.03125	0.53125	0.71875	-0.1103516	0.8916016	-0.5273438	16.15625	4.4375	-20.59375	109.8886	265.7029	159.0951	80.967	119.4633	175.2955
667.6672	-0.03613281	0.875	-0.015625	18.78125	-0.1875	-5.9375	-0.06738281	0.3398438	0.8886719	0.03125	0.53125	0.71875	0.2207031	0.8251953	-0.4394531	19.875	-15.9375	-5.5625	110.0755	265.9595	159.0339	75.1401	124.6821	173.3656
667.7008	-0.03613281	0.875	-0.015625	18.78125	-0.1875	-5.9375	-0.06738281	0.3398438	0.8886719	0.03125	0.53125	0.71875	0.2207031	0.8251953	-0.4394531	19.875	-15.9375	-5.5625	110.0755	265.9595	159.0339	75.1401	124.6821	173.3656
667.7343	-0.03613281	0.875	-0.015625	18.78125	-0.1875	-5.9375	-0.1552734	0.1757813	1.081055	1.4375	0.03125	3.90625	0.2207031	0.8251953	-0.4394531	19.875	-15.9375	-5.5625	110.0755	265.9595	159.0339	75.1401	124.6821	173.3656
667.7673	-0.03613281	0.875	-0.015625	18.78125	-0.1875	-5.9375	-0.1552734	0.1757813	1.081055	1.4375	0.03125	3.90625	0.2207031	0.8251953	-0.4394531	19.875	-15.9375	-5.5625	110.0755	265.9595	159.0339	72.9132	127.078	173.0051
667.8011	-0.03613281	0.875	-0.015625	18.78125	-0.1875	-5.9375	-0.1552734	0.1757813	1.081055	1.4375	0.03125	3.90625	-0.1259766	0.6894531	-0.1777344	22.75	-21.3125	-3.1875	110.072	265.7223	158.6133	72.9132	127.078	173.0051
667.834	-0.03613281	0.875	-0.015625	18.78125	-0.1875	-5.9375	-0.1552734	0.1757813	1.081055	1.4375	0.03125	3.90625	-0.1259766	0.6894531	-0.1777344	22.75	-21.3125	-3.1875	110.072	265.7223	158.6133	72.9132	127.078	173.0051
667.8671	-0.03613281	0.875	-0.015625	18.78125	-0.1875	-5.9375	-0.1552734	0.1757813	1.081055	1.4375	0.03125	3.90625	0.1142578	1.058594	-0.0390625	56.1875	-35.96875	-9.28125	110.072	265.7223	158.6133	71.30457	126.0376	169.763
667.901	-0.03613281	0.875	-0.015625	18.78125	-0.1875	-5.9375	-0.1552734	0.1757813	1.081055	1.4375	0.03125	3.90625	0.1142578	1.058594	-0.0390625	56.1875	-35.96875	-9.28125	110.072	265.7223	158.6133	71.30457	126.0376	169.763
667.9342	-0.03613281	0.875	-0.015625	18.78125	-0.1875	-5.9375	-0.1552734	0.1757813	1.081055	1.4375	0.03125	3.90625	0.1142578	1.058594	-0.0390625	56.1875	-35.96875	-9.28125	110.9706	266.1849	158.2185	73.83356	121.9455	167.1404
667.9669	-0.03613281	0.875	-0.015625	18.78125	-0.1875	-5.9375	-0.1552734	0.1757813	1.081055	1.4375	0.03125	3.90625	0.1142578	1.058594	-0.0390625	56.1875	-35.96875	-9.28125	110.9706	266.1849	158.2185	73.83356	121.9455	167.1404
668.0009	-0.03613281	0.875	-0.015625	18.78125	-0.1875	-5.9375	0.05957031	0.2978516	1.129883	15.71875	0.15625	11.75	-0.2060547	1.452148	0.1914063	-8.3125	-15.40625	56.75	110.9706	266.1849	158.2185	73.83356	121.9455	167.1404
668.0348	-0.2050781	0.7548828	-0.3613281	98.3125	21.34375	-35.90625	0.05957031	0.2978516	1.129883	15.71875	0.15625	11.75	-0.2060547	1.452148	0.1914063	-8.3125	-15.40625	56.75	110.9706	266.1849	158.2185	73.83356	121.9455	167.1404
668.067	-0.2050781	0.7548828	-0.3613281	98.3125	21.34375	-35.90625	0.05957031	0.2978516	1.129883	15.71875	0.15625	11.75	-0.2060547	1.452148	0.1914063	-8.3125	-15.40625	56.75	111.5094	269.422	157.2909	90.57941	102.7863	163.0383
668.1006	-0.2050781	0.7548828	-0.3613281	98.3125	21.34375	-35.90625	0.1494141	0.3642578	0.9228516	68.28125	34.46875	-9.96875	-0.2666016	0.9951172	-0.09082031	-195.8125	-44.8125	53.34375	111.5094	269.422	157.2909	90.57941	102.7863	163.0383
668.1343	-0.2050781	0.7548828	-0.3613281	98.3125	21.34375	-35.90625	0.1494141	0.3642578	0.9228516	68.28125	34.46875	-9.96875	-0.2666016	0.9951172	-0.09082031	-195.8125	-44.8125	53.34375	111.5094	269.422	157.2909	90.57941	102.7863	163.0383
668.1667	-0.2050781	0.7548828	-0.3613281	98.3125	21.34375	-35.90625	0.1494141	0.3642578	0.9228516	68.28125	34.46875	-9.96875	0.2021484	0.5957031	-0.5732422	-182.6875	-54.53125	26.28125	111.5094	269.422	157.2909	107.0244	75.3985	154.1826
668.2008	-0.2050781	0.7548828	-0.3613281	98.3125	21.34375	-35.90625	0.1494141	0.3642578	0.9228516	68.28125	34.46875	-9.96875	0.2021484	0.5957031	-0.5732422	-182.6875	-54.53125	26.28125	111.5094	269.422	157.2909	107.0244	75.3985	154.1826
668.2336	-0.2050781	0.7548828	-0.3613281	98.3125	21.34375	-35.90625	0.1494141	0.3642578	0.9228516	68.28125	34.46875	-9.96875	0.2021484	0.5957031	-0.5732422	-182.6875	-54.53125	26.28125	111.5094	269.422	157.2909	114.1213	68.96571	152.3297
668.2674	-0.3105469	0.7753906	-0.9658203	33.4375	-3.125	-12.15625	0.1494141	0.3642578	0.9228516	68.28125	34.46875	-9.96875	0.08789063	-0.1835938	-1.43457	101.5625	30.75	6.5	111.5094	269.422	157.2909	114.1213	68.96571	152.3297
668.2999	-0.3105469	0.7753906	-0.9658203	33.4375	-3.125	-12.15625	0.1494141	0.3642578	0.9228516	68.28125	34.46875	-9.96875	0.08789063	-0.1835938	-1.43457	101.5625	30.75	6.5	111.5094	269.422	157.2909	114.1213	68.96571	152.3297
668.3331	-0.3105469	0.7753906	-0.9658203	33.4375	-3.125	-12.15625	0.1494141	0.3642578	0.9228516	68.28125	34.46875	-9.96875	0.08789063	-0.1835938	-1.43457	101.5625	30.75	6.5	133.0121	291.9396	169.4929	104.7248	82.23328	159.5928
668.366	-0.3105469	0.7753906	-0.9658203	33.4375	-3.125	-12.15625	-0.01074219	0.7119141	0.6982422	92.5	-33.53125	-34.9375	0.28125	0.6259766	-0.8789063	119	79.15625	24.21875	133.0121	291.9396	169.4929	104.7248	82.23328	159.5928
668.3995	-0.3105469	0.7753906	-0.9658203	33.4375	-3.125	-12.15625	-0.01074219	0.7119141	0.6982422	92.5	-33.53125	-34.9375	0.28125	0.6259766	-0.8789063	119	79.15625	24.21875	133.0121	291.9396	169.4929	104.7248	82.23328	159.5928
668.4332	-0.3105469	0.7753906	-0.9658203	33.4375	-3.125	-12.15625	0.1123047	1.074219	0.75	104.4063	45.625	-13.4375	0.28125	0.6259766	-0.8789063	119	79.15625	24.21875	133.0121	291.9396	169.4929	112.1248	67.5374	173.5398
668.4664	-0.3105469	0.7753906	-0.9658203	33.4375	-3.125	-12.15625	0.1123047	1.074219	0.75	104.4063	45.625	-13.4375	-0.6982422	0.9560547	-0.3759766	38.4375	80.0625	-5.3125	133.0121	291.9396	169.4929	112.1248	67.5374	173.5398
668.5002	-0.3105469	0.7753906	-0.9658203	33.4375	-3.125	-12.15625	0.1123047	1.074219	0.75	104.4063	45.625	-13.4375	-0.6982422	0.9560547	-0.3759766	38.4375	80.0625	-5.3125	133.0121	291.9396	169.4929	112.1248	67.5374	173.5398
668.5338	-0.3105469	0.7753906	-0.9658203	33.4375	-3.125	-12.15625	-0.8359375	0.6962891	0.4208984	-49.8125	-26.03125	-22.46875	-0.6982422	0.9560547	-0.3759766	38.4375	80.0625	-5.3125	133.0121	291.9396	169.4929	107.5155	69.12505	177.7316
668.5664	-0.3105469	0.7753906	-0.9658203	33.4375	-3.125	-12.15625	-0.8359375	0.6962891	0.4208984	-49.8125	-26.03125	-22.46875	-0.2119141	0.9794922	-0.2373047	35.1875	42.15625	-3.5625	133.0121	291.9396	169.4929	107.5155	69.12505	177.7316
668.6006	-0.5986328	0.3730469	-0.3515625	-40.40625	-11.71875	41.25	-0.8359375	0.6962891	0.4208984	-49.8125	-26.03125	-22.46875	-0.2119141	0.9794922	-0.2373047	35.1875	42.15625	-3.5625	133.0121	291.9396	169.4929	107.5155	69.12505	177.7316
668.6333	-0.5986328	0.3730469	-0.3515625	-40.40625	-11.71875	41.25	-0.8359375	0.6962891	0.4208984	-49.8125	-26.03125	-22.46875	-0.2119141	0.9794922	-0.2373047	35.1875	42.15625	-3.5625	133.0121	291.9396	169.4929	106.2378	71.34895	178.3088
668.6669	-0.5986328	0.3730469	-0.3515625	-40.40625	-11.71875	41.25	-0.8359375	0.6962891	0.4208984	-49.8125	-26.03125	-22.46875	-0.1357422	1.257813	0.03027344	76.03125	-55.9375	1.5625	133.0121	291.9396	169.4929	106.2378	71.34895	178.3088
668.7006	-0.5986328	0.3730469	-0.3515625	-40.40625	-11.71875	41.25	-0.8359375	0.6962891	0.4208984	-49.8125	-26.03125	-22.46875	-0.1357422	1.257813	0.03027344	76.03125	-55.9375	1.5625	133.0121	291.9396	169.4929	106.2378	71.34895	178.3088
668.7347	-0.5986328	0.3730469	-0.3515625	-40.40625	-11.71875	41.25	-0.8359375	0.6962891	0.4208984	-49.8125	-26.03125	-22.46875	-0.1357422	1.257813	0.03027344	76.03125	-55.9375	1.5625	133.0121	291.9396	169.4929	104.9567	78.21526	175.7445
668.7669	-0.5986328	0.3730469	-0.3515625	-40.40625	-11.71875	41.25	-0.8359375	0.6962891	0.4208984	-49.8125	-26.03125	-22.46875	-0.4169922	1.642578	0.2783203	225.25	-37.75	-26.3125	132.5664	290.4628	172.5616	104.9567	78.21526	175.7445
668.8	-0.5986328	0.3730469	-0.3515625	-40.40625	-11.71875	41.25	0.1220703	0.6640625	1.017578	-8.3125	-44.6875	1.3125	-0.4169922	1.642578	0.2783203	225.25	-37.75	-26.3125	132.5664	290.4628	172.5616	94.72759	94.07327	175.3085
668.8334	-0.5986328	0.3730469	-0.3515625	-40.40625	-11.71875	41.25	0.1220703	0.6640625	1.017578	-8.3125	-44.6875	1.3125	0.5996094	0.7412109	-1.114258	56.9375	-25.40625	-18.21875	132.5664	290.4628	172.5616	94.72759	94.07327	175.3085
668.8663	-0.5986328	0.3730469	-0.3515625	-40.40625	-11.71875	41.25	0.1220703	0.6640625	1.017578	-8.3125	-44.6875	1.3125	0.5996094	0.7412109	-1.114258	56.9375	-25.40625	-18.21875	132.5664	290.4628	172.5616	94.72759	94.07327	175.3085
668.9001	-0.5986328	0.3730469	-0.3515625	-40.40625	-11.71875	41.25	0.1220703	0.6640625	1.017578	-8.3125	-44.6875	1.3125	0.5996094	0.7412109	-1.114258	56.9375	-25.40625	-18.21875	132.5664	290.4628	172.5616	91.77782	110.436	173.5358
668.9333	-0.5986328	0.3730469	-0.3515625	-40.40625	-11.71875	41.25	0.1220703	0.6640625	1.017578	-8.3125	-44.6875	1.3125	-0.3330078	0.3710938	-0.9521484	-274.5	21.34375	82.5	132.5664	290.4628	172.5616	91.77782	110.436	173.5358
668.9664	-0.1054688	1.108398	-1.027344	-24.3125	-34.6875	-16.6875	-0.3408203	0.2294922	0.2675781	112.3438	-101.5625	-46.09375	-0.3330078	0.3710938	-0.9521484	-274.5	21.34375	82.5	132.5664	290.4628	172.5616	91.77782	110.436	173.5358
669.001	-0.1054688	1.108398	-1.027344	-24.3125	-34.6875	-16.6875	-0.3408203	0.2294922	0.2675781	112.3438	-101.5625	-46.09375	-0.3330078	0.3710938	-0.9521484	-274.5	21.34375	82.5	132.5664	290.4628	172.5616	91.77782	110.436	173.5358
669.0333	0.01269531	1.179688	-0.0703125	1.6875	-16.625	5.90625	-0.3408203	0.2294922	0.2675781	112.3438	-101.5625	-46.09375	-0.1308594	0.7363281	-1.299805	-369.0313	-48.59375	139.625	132.5664	290.4628	172.5616	110.414	72.4332	173.4081
669.0665	0.01269531	1.179688	-0.0703125	1.6875	-16.625	5.90625	0.2021484	1.37793	-0.2900391	81.90625	-71.5625	-40.96875	-0.1308594	0.7363281	-1.299805	-369.0313	-48.59375	139.625	147.8773	297.9322	178.9911	110.414	72.4332	173.4081
669.0998	0.01269531	1.179688	-0.0703125	1.6875	-16.625	5.90625	0.2021484	1.37793	-0.2900391	81.90625	-71.5625	-40.96875	-0.1308594	0.7363281	-1.299805	-369.0313	-48.59375	139.625	147.8773	297.9322	178.9911	152.4955	47.32603	175.5159
669.1328	0.01269531	1.179688	-0.0703125	1.6875	-16.625	5.90625	0.2021484	1.37793	-0.2900391	81.90625	-71.5625	-40.96875	0.2431641	0.07128906	-1.139648	64.3125	111.6875	-6.65625	147.8773	297.9322	178.9911	152.4955	47.32603	175.5159
669.166	0.01269531	1.179688	-0.0703125	1.6875	-16.625	5.90625	0.2021484	1.37793	-0.2900391	81.90625	-71.5625	-40.96875	0.2431641	0.07128906	-1.139648	64.3125	111.6875	-6.65625	147.8773	297.9322	178.9911	152.4955	47.32603	175.5159
669.2001	0.01269531	1.179688	-0.0703125	1.6875	-16.625	5.90625	0.2021484	1.37793	-0.2900391	81.90625	-71.5625	-40.96875	0.2431641	0.07128906	-1.139648	64.3125	111.6875	-6.65625	147.8773	297.9322	178.9911	145.2971	47.96032	179.1785
669.2336	0.01269531	1.179688	-0.0703125	1.6875	-16.625	5.90625	0.2021484	1.37793	-0.2900391	81.90625	-71.5625	-40.96875	-0.7597656	0.4570313	-1.213867	169.0625	111.8125	-8.1875	147.8773	297.9322	178.9911	145.2971	47.96032	179.1785
669.2664	0.01269531	1.179688	-0.0703125	1.6875	-16.625	5.90625	0.2021484	1.37793	-0.2900391	81.90625	-71.5625	-40.96875	-0.7597656	0.4570313	-1.213867	169.0625	111.8125	-8.1875	183.7727	314.5265	196.6825	145.2971	47.96032	179.1785
669.3001	0.01269531	1.179688	-0.0703125	1.6875	-16.625	5.90625	0.06835938	1.575195	0.5605469	89.15625	-134.5938	-23.6875	-0.7597656	0.4570313	-1.213867	169.0625	111.8125	-8.1875	183.7727	314.5265	196.6825	145.2971	47.96032	179.1785
669.3337	0.01269531	1.179688	-0.0703125	1.6875	-16.625	5.90625	0.1191406	1.570313	0.2675781	-157.0625	67.0625	14.9375	0.5439453	0.6777344	-0.7216797	70.3125	-38.46875	1.21875	183.7727	314.5265	196.6825	162.4115	18.51532	194.2659
669.3663	0.01269531	1.179688	-0.0703125	1.6875	-16.625	5.90625	0.1191406	1.570313	0.2675781	-157.0625	67.0625	14.9375	0.5439453	0.6777344	-0.7216797	70.3125	-38.46875	1.21875	183.7727	314.5265	196.6825	158.5022	16.77438	195.3081
669.4001	0.01269531	1.179688	-0.0703125	1.6875	-16.625	5.90625	0.1191406	1.570313	0.2675781	-157.0625	67.0625	14.9375	0.7910156	0.7880859	-0.1835938	27.4375	-69.28125	1.375	183.7727	314.5265	196.6825	149.7113	10.4411	192.9179
669.4333	-0.1982422	0.6894531	-0.2070313	-27.53125	75.25	22.25	0.1191406	1.570313	0.2675781	-157.0625	67.0625	14.9375	0.7910156	0.7880859	-0.1835938	27.4375	-69.28125	1.375	183.7727	314.5265	196.6825	149.7113	10.4411	192.9179
669.4661	-0.1982422	0.6894531	-0.2070313	-27.53125	75.25	22.25	0.1191406	1.570313	0.2675781	-157.0625	67.0625	14.9375	0.7910156	0.7880859	-0.1835938	27.4375	-69.28125	1.375	183.7727	314.5265	196.6825	149.7113	10.4411	192.9179
669.4997	0.1894531	0.4023438	-0.08105469	-16	-72.9375	1.6875	0.1191406	1.570313	0.2675781	-157.0625	67.0625	14.9375	0.7910156	0.7880859	-0.1835938	27.4375	-69.28125	1.375	152.5126	307.7843	184.113	149.7113	10.4411	192.9179
669.5333	0.1894531	0.4023438	-0.08105469	-16	-72.9375	1.6875	0.1191406	1.570313	0.2675781	-157.0625	67.0625	14.9375	0.1865234	0.9453125	0.3164063	94.46875	-77.78125	-2.875	152.5126	307.7843	184.113	118.6197	21.81941	188.9145
669.566	0.1894531	0.4023438	-0.08105469	-16	-72.9375	1.6875	0.1191406	1.570313	0.2675781	-157.0625	67.0625	14.9375	0.1865234	0.9453125	0.3164063	94.46875	-77.78125	-2.875	152.5126	307.7843	184.113	118.6197	21.81941	188.9145
669.5997	0.1894531	0.4023438	-0.08105469	-16	-72.9375	1.6875	0.1191406	1.570313	0.2675781	-157.0625	67.0625	14.9375	0.1865234	0.9453125	0.3164063	94.46875	-77.78125	-2.875	152.5126	307.7843	184.113	118.6197	21.81941	188.9145
669.6326	0.1894531	0.4023438	-0.08105469	-16	-72.9375	1.6875	0.1191406	1.570313	0.2675781	-157.0625	67.0625	14.9375	-0.6875	1.561523	0.6269531	228.125	-52.5	-27.78125	152.5126	307.7843	184.113	114.3543	31.22108	185.5351
669.6657	0.1894531	0.4023438	-0.08105469	-16	-72.9375	1.6875	0.1191406	1.570313	0.2675781	-157.0625	67.0625	14.9375	-0.6875	1.561523	0.6269531	228.125	-52.5	-27.78125	152.5126	307.7843	184.113	114.3543	31.22108	185.5351
669.6998	-0.4580078	1.999023	0.1787109	-60.875	23.1875	6.5625	0.1191406	1.570313	0.2675781	-157.0625	67.0625	14.9375	1.999023	1.999023	-1.578125	114.3125	-232.6875	-32.125	147.3654	306.8353	173.8074	102.0282	69.6216	177.9143
669.7327	-0.4580078	1.999023	0.1787109	-60.875	23.1875	6.5625	0.328125	1.041016	0.8828125	61.75	-33.53125	25.4375	1.999023	1.999023	-1.578125	114.3125	-232.6875	-32.125	147.3654	306.8353	173.8074	102.0282	69.6216	177.9143
669.786	-0.4580078	1.999023	0.1787109	-60.875	23.1875	6.5625	-0.009765625	-0.3144531	-0.4355469	-35.96875	-32.84375	-22.65625	1.999023	1.999023	-1.578125	114.3125	-232.6875	-32.125	147.3654	306.8353	173.8074	102.0282	69.6216	177.9143
669.7879	-0.4580078	1.999023	0.1787109	-60.875	23.1875	6.5625	-0.009765625	-0.3144531	-0.4355469	-35.96875	-32.84375	-22.65625	1.999023	1.999023	-1.578125	114.3125	-232.6875	-32.125	147.3654	306.8353	173.8074	92.08743	104.6928	167.2039
669.8159	-0.4580078	1.999023	0.1787109	-60.875	23.1875	6.5625	-0.009765625	-0.3144531	-0.4355469	-35.96875	-32.84375	-22.65625	0.1494141	0.3564453	-1.003906	-233.1563	67.3125	-4.46875	147.3654	306.8353	173.8074	92.08743	104.6928	167.2039
669.8492	0.00390625	1.060547	0.1640625	4.1875	57	-13.0625	-0.009765625	-0.3144531	-0.4355469	-35.96875	-32.84375	-22.65625	0.1494141	0.3564453	-1.003906	-233.1563	67.3125	-4.46875	147.3654	306.8353	173.8074	92.08743	104.6928	167.2039
669.8829	0.00390625	1.060547	0.1640625	4.1875	57	-13.0625	-0.009765625	-0.3144531	-0.4355469	-35.96875	-32.84375	-22.65625	-0.1025391	0.2089844	-1.681641	-457.0313	103.75	41.71875	147.3654	306.8353	173.8074	107.5605	62.44904	169.4127
669.9163	0.00390625	1.060547	0.1640625	4.1875	57	-13.0625	-0.009765625	-0.3144531	-0.4355469	-35.96875	-32.84375	-22.65625	-0.1025391	0.2089844	-1.681641	-457.0313	103.75	41.71875	147.3654	306.8353	173.8074	107.5605	62.44904	169.4127
669.9493	0.00390625	1.060547	0.1640625	4.1875	57	-13.0625	-0.009765625	-0.3144531	-0.4355469	-35.96875	-32.84375	-22.65625	-0.1025391	0.2089844	-1.681641	-457.0313	103.75	41.71875	147.3654	306.8353	173.8074	107.5605	62.44904	169.4127
669.983	0.00390625	1.060547	0.1640625	4.1875	57	-13.0625	0.1103516	1.398438	0.1074219	209.2813	13.03125	1.28125	-0.1025391	0.2089844	-1.681641	-457.0313	103.75	41.71875	147.3654	306.8353	173.8074	133.831	25.68169	172.8827
670.0162	0.00390625	1.060547	0.1640625	4.1875	57	-13.0625	0.1103516	1.398438	0.1074219	209.2813	13.03125	1.28125	-0.1025391	0.2089844	-1.681641	-457.0313	103.75	41.71875	147.3654	306.8353	173.8074	133.831	25.68169	172.8827
670.0493	0.00390625	1.060547	0.1640625	4.1875	57	-13.0625	0.1103516	1.398438	0.1074219	209.2813	13.03125	1.28125	0.6855469	-0.6806641	-1.091797	-40.46875	232.4063	21.59375	147.3654	306.8353	173.8074	133.831	25.68169	172.8827
670.0824	0.00390625	1.060547	0.1640625	4.1875	57	-13.0625	0.1103516	1.398438	0.1074219	209.2813	13.03125	1.28125	0.6855469	-0.6806641	-1.091797	-40.46875	232.4063	21.59375	193.7681	320.727	199.6999	180.7216	350.185	184.5141
670.1161	0.00390625	1.060547	0.1640625	4.1875	57	-13.0625	0.1103516	1.398438	0.1074219	209.2813	13.03125	1.28125	0.3496094	0.71875	-1.058594	178.3438	-15.09375	32.75	193.7681	320.727	199.6999	180.7216	350.185	184.5141
670.1492	0.00390625	1.060547	0.1640625	4.1875	57	-13.0625	0.3388672	1.541992	0.6054688	-76	32.5625	-7.9375	0.3496094	0.71875	-1.058594	178.3438	-15.09375	32.75	193.7681	320.727	199.6999	180.7216	350.185	184.5141
670.1826	0.00390625	1.060547	0.1640625	4.1875	57	-13.0625	0.3388672	1.541992	0.6054688	-76	32.5625	-7.9375	1.563477	0.8486328	-0.9267578	72.75	2.90625	-11.0625	193.7681	320.727	199.6999	164.108	340.2075	181.7854
670.2169	0.00390625	1.060547	0.1640625	4.1875	57	-13.0625	0.3388672	1.541992	0.6054688	-76	32.5625	-7.9375	1.563477	0.8486328	-0.9267578	72.75	2.90625	-11.0625	193.7681	320.727	199.6999	164.108	340.2075	181.7854
670.2491	0.00390625	1.060547	0.1640625	4.1875	57	-13.0625	0.3388672	1.541992	0.6054688	-76	32.5625	-7.9375	1.563477	0.8486328	-0.9267578	72.75	2.90625	-11.0625	193.7681	320.727	199.6999	164.108	340.2075	181.7854
670.2825	0.00390625	1.060547	0.1640625	4.1875	57	-13.0625	0.5527344	1.582031	-0.4462891	-255.3125	-25.46875	22.625	0.3027344	0.6904297	-0.1416016	18.34375	-40.1875	6.15625	193.7681	320.727	199.6999	153.2645	337.8875	178.7079
670.3159	0.00390625	1.060547	0.1640625	4.1875	57	-13.0625	0.5527344	1.582031	-0.4462891	-255.3125	-25.46875	22.625	0.2236328	0.9111328	-0.1806641	26.90625	13.59375	-8	193.7681	320.727	199.6999	153.2645	337.8875	178.7079
670.3488	0.00390625	1.060547	0.1640625	4.1875	57	-13.0625	0.5527344	1.582031	-0.4462891	-255.3125	-25.46875	22.625	0.2236328	0.9111328	-0.1806641	26.90625	13.59375	-8	193.7681	320.727	199.6999	153.2645	337.8875	178.7079
670.3842	0.1748047	0.6298828	-0.1328125	-52.09375	-28.9375	-2.21875	0.5527344	1.582031	-0.4462891	-255.3125	-25.46875	22.625	0.2236328	0.9111328	-0.1806641	26.90625	13.59375	-8	153.0667	308.4748	183.793	113.6306	324.772	186.536
670.4169	0.1748047	0.6298828	-0.1328125	-52.09375	-28.9375	-2.21875	0.5527344	1.582031	-0.4462891	-255.3125	-25.46875	22.625	0.2197266	1.061523	0.1308594	71.59375	-16	-37.75	153.0667	308.4748	183.793	113.9655	320.8594	184.1176
670.4492	0.1748047	0.6298828	-0.1328125	-52.09375	-28.9375	-2.21875	0.5527344	1.582031	-0.4462891	-255.3125	-25.46875	22.625	0.2197266	1.061523	0.1308594	71.59375	-16	-37.75	153.0667	308.4748	183.793	113.9655	320.8594	184.1176
670.4824	0.1748047	0.6298828	-0.1328125	-52.09375	-28.9375	-2.21875	-0.1308594	-0.1591797	-0.6884766	9.5625	39.71875	39	-1.929688	1.999023	0.5234375	238.1563	-73.8125	-99.25	154.3727	300.149	176.8472	113.9655	320.8594	184.1176
670.5175	0.1748047	0.6298828	-0.1328125	-52.09375	-28.9375	-2.21875	-0.1308594	-0.1591797	-0.6884766	9.5625	39.71875	39	-1.929688	1.999023	0.5234375	238.1563	-73.8125	-99.25	154.3727	300.149	176.8472	113.9655	320.8594	184.1176
670.5489	0.4941406	0.1396484	-0.1210938	3.21875	128.0313	-16.3125	-0.1308594	-0.1591797	-0.6884766	9.5625	39.71875	39	-1.929688	1.999023	0.5234375	238.1563	-73.8125	-99.25	154.3727	300.149	176.8472	113.9655	320.8594	184.1176
670.5823	0.4941406	0.1396484	-0.1210938	3.21875	128.0313	-16.3125	-0.1308594	-0.1591797	-0.6884766	9.5625	39.71875	39	-1.929688	1.999023	0.5234375	238.1563	-73.8125	-99.25	154.3727	300.149	176.8472	100.3775	11.22405	168.1782
670.616	0.4941406	0.1396484	-0.1210938	3.21875	128.0313	-16.3125	-0.1308594	-0.1591797	-0.6884766	9.5625	39.71875	39	0.6074219	1.56543	-1.203125	-39.875	353.625	-253.6875	154.3727	300.149	176.8472	100.3775	11.22405	168.1782
670.6489	0.4941406	0.1396484	-0.1210938	3.21875	128.0313	-16.3125	-0.1308594	-0.1591797	-0.6884766	9.5625	39.71875	39	0.6074219	1.56543	-1.203125	-39.875	353.625	-253.6875	154.3727	300.149	176.8472	100.3775	11.22405	168.1782
670.682	0.4941406	0.1396484	-0.1210938	3.21875	128.0313	-16.3125	-0.953125	0.8623047	-1.072266	-224.4375	14.6875	-76.4375	0.6074219	1.56543	-1.203125	-39.875	353.625	-253.6875	154.3727	300.149	176.8472	100.947	297.6079	179.3854
670.7159	0.4941406	0.1396484	-0.1210938	3.21875	128.0313	-16.3125	-0.953125	0.8623047	-1.072266	-224.4375	14.6875	-76.4375	1.045898	0.2910156	-1.647461	-278.1563	157.3438	-219.125	154.3727	300.149	176.8472	118.9285	296.1912	184.789
670.7485	0.4941406	0.1396484	-0.1210938	3.21875	128.0313	-16.3125	-0.953125	0.8623047	-1.072266	-224.4375	14.6875	-76.4375	1.045898	0.2910156	-1.647461	-278.1563	157.3438	-219.125	154.3727	300.149	176.8472	118.9285	296.1912	184.789
670.7824	0.4941406	0.1396484	-0.1210938	3.21875	128.0313	-16.3125	-0.953125	0.8623047	-1.072266	-224.4375	14.6875	-76.4375	0.06152344	0.7832031	-1.495117	-311.3438	250.9063	3.46875	154.3727	300.149	176.8472	118.9285	296.1912	184.789
670.8157	0.4941406	0.1396484	-0.1210938	3.21875	128.0313	-16.3125	-0.953125	0.8623047	-1.072266	-224.4375	14.6875	-76.4375	0.06152344	0.7832031	-1.495117	-311.3438	250.9063	3.46875	154.3727	300.149	176.8472	141.4692	292.1313	208.5614
670.8489	0.4941406	0.1396484	-0.1210938	3.21875	128.0313	-16.3125	-0.953125	0.8623047	-1.072266	-224.4375	14.6875	-76.4375	0.06152344	0.7832031	-1.495117	-311.3438	250.9063	3.46875	154.3727	300.149	176.8472	141.4692	292.1313	208.5614
670.8821	-0.1445313	0.7216797	-0.1201172	-2.46875	137.375	-23.5	-0.953125	0.8623047	-1.072266	-224.4375	14.6875	-76.4375	0.2519531	0.3632813	-1.331055	-106.8125	135.4688	68.84375	154.3727	300.149	176.8472	141.4692	292.1313	208.5614
670.9162	-0.1445313	0.7216797	-0.1201172	-2.46875	137.375	-23.5	-0.953125	0.8623047	-1.072266	-224.4375	14.6875	-76.4375	0.2519531	0.3632813	-1.331055	-106.8125	135.4688	68.84375	154.3727	300.149	176.8472	143.0021	323.0114	222.8013
670.9487	0.2275391	0.9384766	0.2539063	7.8125	29.21875	-34.625	-0.953125	0.8623047	-1.072266	-224.4375	14.6875	-76.4375	0.2519531	0.3632813	-1.331055	-106.8125	135.4688	68.84375	154.3727	300.149	176.8472	143.0021	323.0114	222.8013
670.9818	0.2275391	0.9384766	0.2539063	7.8125	29.21875	-34.625	0.3867188	1.091797	0.3046875	105.0313	3.40625	-45.0625	0.2519531	0.3632813	-1.331055	-106.8125	135.4688	68.84375	154.3727	300.149	176.8472	143.0021	323.0114	222.8013
671.0154	0.2275391	0.9384766	0.2539063	7.8125	29.21875	-34.625	0.3867188	1.091797	0.3046875	105.0313	3.40625	-45.0625	-1.411133	1.999023	-0.7714844	116.9375	227.1563	-156.5625	154.3727	300.149	176.8472	141.401	302.7515	216.6903
671.0486	0.2275391	0.9384766	0.2539063	7.8125	29.21875	-34.625	0.3867188	1.091797	0.3046875	105.0313	3.40625	-45.0625	-1.411133	1.999023	-0.7714844	116.9375	227.1563	-156.5625	154.3727	300.149	176.8472	141.401	302.7515	216.6903
671.0817	0.2275391	0.9384766	0.2539063	7.8125	29.21875	-34.625	0.3867188	1.091797	0.3046875	105.0313	3.40625	-45.0625	1.999023	1.017578	-0.7304688	56	-175.8438	16.34375	193.4805	324.0642	196.1279	141.401	302.7515	216.6903
671.1157	0.2275391	0.9384766	0.2539063	7.8125	29.21875	-34.625	0.01269531	1.336914	-0.1240234	-223.9688	127	-103.7813	1.999023	1.017578	-0.7304688	56	-175.8438	16.34375	193.4805	324.0642	196.1279	163.8355	287.7079	185.8796
671.149	0.1474609	1.475586	-0.2558594	-15.8125	185.7188	9.75	0.01269531	1.336914	-0.1240234	-223.9688	127	-103.7813	-0.6494141	0.9306641	-0.4853516	14.75	-108.8438	13.34375	193.4805	324.0642	196.1279	163.8355	287.7079	185.8796
671.1819	0.1474609	1.475586	-0.2558594	-15.8125	185.7188	9.75	0.01269531	1.336914	-0.1240234	-223.9688	127	-103.7813	-0.6494141	0.9306641	-0.4853516	14.75	-108.8438	13.34375	193.4805	324.0642	196.1279	163.8355	287.7079	185.8796
671.2156	0.1474609	1.475586	-0.2558594	-15.8125	185.7188	9.75	0.01269531	1.336914	-0.1240234	-223.9688	127	-103.7813	-0.6494141	0.9306641	-0.4853516	14.75	-108.8438	13.34375	193.4805	324.0642	196.1279	163.9664	291.3809	181.11
671.2483	0.1894531	0.4697266	-0.3300781	-9.28125	165.75	-23.5	0.01269531	1.336914	-0.1240234	-223.9688	127	-103.7813	-0.6494141	0.9306641	-0.4853516	14.75	-108.8438	13.34375	193.4805	324.0642	196.1279	163.9664	291.3809	181.11
671.2825	0.1894531	0.4697266	-0.3300781	-9.28125	165.75	-23.5	0.01269531	1.336914	-0.1240234	-223.9688	127	-103.7813	-0.3994141	0.9091797	-0.4609375	24.46875	26.28125	-15.03125	161.4365	288.0003	166.0924	163.9664	291.3809	181.11
671.3157	0.1894531	0.4697266	-0.3300781	-9.28125	165.75	-23.5	0.01269531	1.336914	-0.1240234	-223.9688	127	-103.7813	-0.3994141	0.9091797	-0.4609375	24.46875	26.28125	-15.03125	162.8718	260.5027	154.8069	123.6636	307.7389	196.8245
671.3491	0.1894531	0.4697266	-0.3300781	-9.28125	165.75	-23.5	0.01269531	1.336914	-0.1240234	-223.9688	127	-103.7813	-0.4765625	1.141602	0.1708984	122.5313	32.6875	-41.15625	162.8718	260.5027	154.8069	123.6636	307.7389	196.8245
671.3817	0.1894531	0.4697266	-0.3300781	-9.28125	165.75	-23.5	-0.2382813	0.9267578	0.1816406	-71.96875	148.25	94.84375	-0.4765625	1.141602	0.1708984	122.5313	32.6875	-41.15625	162.8718	260.5027	154.8069	131.7211	59.05142	192.939
671.4151	-0.2539063	1.189453	0.1298828	-20.09375	78.21875	-13.125	-0.2382813	0.9267578	0.1816406	-71.96875	148.25	94.84375	-0.4765625	1.141602	0.1708984	122.5313	32.6875	-41.15625	162.8718	260.5027	154.8069	131.7211	59.05142	192.939
671.448	-0.2539063	1.189453	0.1298828	-20.09375	78.21875	-13.125	-0.2382813	0.9267578	0.1816406	-71.96875	148.25	94.84375	0.4287109	1.829102	-0.09277344	224.8438	-79.46875	-84.5625	162.8718	260.5027	154.8069	131.7211	59.05142	192.939
671.4814	-0.2539063	1.189453	0.1298828	-20.09375	78.21875	-13.125	-0.2382813	0.9267578	0.1816406	-71.96875	148.25	94.84375	0.4287109	1.829102	-0.09277344	224.8438	-79.46875	-84.5625	159.8696	295.5473	148.8263	131.7211	59.05142	192.939
671.5152	-0.2539063	1.189453	0.1298828	-20.09375	78.21875	-13.125	-0.2382813	0.9267578	0.1816406	-71.96875	148.25	94.84375	0.4287109	1.829102	-0.09277344	224.8438	-79.46875	-84.5625	159.8696	295.5473	148.8263	108.6124	57.29963	178.3472
671.5488	-0.2539063	1.189453	0.1298828	-20.09375	78.21875	-13.125	1.761719	1.999023	0.6328125	67.78125	210.6875	-147.6563	0.4287109	1.829102	-0.09277344	224.8438	-79.46875	-84.5625	159.8696	295.5473	148.8263	108.6124	57.29963	178.3472
671.5815	0.5576172	0.9199219	-0.6748047	8.78125	142.25	18.0625	1.761719	1.999023	0.6328125	67.78125	210.6875	-147.6563	0.6123047	1.172852	-1.09082	-73.0625	142.5	-41.03125	159.8696	295.5473	148.8263	108.6124	57.29963	178.3472
671.6155	0.5576172	0.9199219	-0.6748047	8.78125	142.25	18.0625	1.761719	1.999023	0.6328125	67.78125	210.6875	-147.6563	0.6123047	1.172852	-1.09082	-73.0625	142.5	-41.03125	159.8696	295.5473	148.8263	111.2125	23.54448	186.6675
671.6479	0.5576172	0.9199219	-0.6748047	8.78125	142.25	18.0625	1.761719	1.999023	0.6328125	67.78125	210.6875	-147.6563	0.04492188	0.2304688	-1.087891	-346.0313	4.5	9.03125	159.8696	295.5473	148.8263	111.2125	23.54448	186.6675
671.6814	0.5576172	0.9199219	-0.6748047	8.78125	142.25	18.0625	1.761719	1.999023	0.6328125	67.78125	210.6875	-147.6563	0.04492188	0.2304688	-1.087891	-346.0313	4.5	9.03125	159.8696	295.5473	148.8263	140.8947	41.15303	182.5875
671.7149	0.5576172	0.9199219	-0.6748047	8.78125	142.25	18.0625	1.761719	1.999023	0.6328125	67.78125	210.6875	-147.6563	0.04492188	0.2304688	-1.087891	-346.0313	4.5	9.03125	182.5598	309.5849	172.1129	140.8947	41.15303	182.5875
671.7482	-0.009765625	0.515625	-0.2226563	1.375	143.7188	-0.0625	1.761719	1.999023	0.6328125	67.78125	210.6875	-147.6563	0.078125	0.9892578	-1.291992	-384.2188	-60.1875	158.3125	182.5598	309.5849	172.1129	140.8947	41.15303	182.5875
671.7813	-0.009765625	0.515625	-0.2226563	1.375	143.7188	-0.0625	0.3691406	0.6416016	0.06445313	125.9688	49.3125	-59.53125	0.078125	0.9892578	-1.291992	-384.2188	-60.1875	158.3125	182.5598	309.5849	172.1129	199.1615	21.54002	203.9976
671.815	-0.009765625	0.515625	-0.2226563	1.375	143.7188	-0.0625	0.3691406	0.6416016	0.06445313	125.9688	49.3125	-59.53125	0.078125	0.9892578	-1.291992	-384.2188	-60.1875	158.3125	182.5598	309.5849	172.1129	199.1615	21.54002	203.9976
671.8481	-0.009765625	0.515625	-0.2226563	1.375	143.7188	-0.0625	0.3691406	0.6416016	0.06445313	125.9688	49.3125	-59.53125	-0.9501953	1.417969	-0.5556641	209.3438	161.5313	1.09375	182.5598	309.5849	172.1129	199.1615	21.54002	203.9976
671.8812	-0.2421875	0.5556641	0.05566406	43	10.125	5.34375	-0.2666016	0.9501953	-0.1865234	154.2188	49.96875	-25.09375	-0.9501953	1.417969	-0.5556641	209.3438	161.5313	1.09375	195.1214	319.0893	177.7448	203.7999	357.4854	203.3456
671.9149	-0.2421875	0.5556641	0.05566406	43	10.125	5.34375	-0.2666016	0.9501953	-0.1865234	154.2188	49.96875	-25.09375	-0.9501953	1.417969	-0.5556641	209.3438	161.5313	1.09375	195.1214	319.0893	177.7448	203.7999	357.4854	203.3456
671.9478	-0.2421875	0.5556641	0.05566406	43	10.125	5.34375	-0.2666016	0.9501953	-0.1865234	154.2188	49.96875	-25.09375	-0.04492188	1.049805	-1.628906	159.7188	269.5313	30.6875	195.1214	319.0893	177.7448	203.7999	357.4854	203.3456
671.981	-0.2421875	0.5556641	0.05566406	43	10.125	5.34375	-0.2666016	0.9501953	-0.1865234	154.2188	49.96875	-25.09375	-0.04492188	1.049805	-1.628906	159.7188	269.5313	30.6875	195.1214	319.0893	177.7448	183.3745	345.5573	199.8354
672.0146	-0.2421875	0.5556641	0.05566406	43	10.125	5.34375	-0.2666016	0.9501953	-0.1865234	154.2188	49.96875	-25.09375	-0.04492188	1.049805	-1.628906	159.7188	269.5313	30.6875	198.8163	317.5755	181.9799	183.3745	345.5573	199.8354
672.0479	-0.2421875	0.5556641	0.05566406	43	10.125	5.34375	-0.2666016	0.9501953	-0.1865234	154.2188	49.96875	-25.09375	-1.018555	1.5	-0.4277344	37.28125	183.3438	-6.84375	198.8163	317.5755	181.9799	183.3745	345.5573	199.8354
672.0807	-0.2421875	0.5556641	0.05566406	43	10.125	5.34375	-0.2666016	0.9501953	-0.1865234	154.2188	49.96875	-25.09375	-1.018555	1.5	-0.4277344	37.28125	183.3438	-6.84375	198.8163	317.5755	181.9799	182.3728	345.3654	199.6344
672.1146	-0.2421875	0.5556641	0.05566406	43	10.125	5.34375	-0.2666016	0.9501953	-0.1865234	154.2188	49.96875	-25.09375	-1.018555	1.5	-0.4277344	37.28125	183.3438	-6.84375	198.8163	317.5755	181.9799	182.3728	345.3654	199.6344
672.148	-0.1064453	0.8769531	-0.4863281	-7.21875	28.625	11.40625	-0.2666016	0.9501953	-0.1865234	154.2188	49.96875	-25.09375	0.07910156	0.8056641	0.1953125	63.8125	60.15625	2.5	198.8163	317.5755	181.9799	182.3728	345.3654	199.6344
672.181	-0.1064453	0.8769531	-0.4863281	-7.21875	28.625	11.40625	-0.2666016	0.9501953	-0.1865234	154.2188	49.96875	-25.09375	0.07910156	0.8056641	0.1953125	63.8125	60.15625	2.5	198.8163	317.5755	181.9799	182.5105	350.562	205.5453
672.2146	-0.06738281	1.494141	0.1650391	22.25	70.1875	-23.03125	-0.2666016	0.9501953	-0.1865234	154.2188	49.96875	-25.09375	0.2441406	1.15332	0.09082031	152.2188	-65.875	-1.59375	198.8163	317.5755	181.9799	182.5105	350.562	205.5453
672.2477	-0.06738281	1.494141	0.1650391	22.25	70.1875	-23.03125	-0.2666016	0.9501953	-0.1865234	154.2188	49.96875	-25.09375	0.2441406	1.15332	0.09082031	152.2188	-65.875	-1.59375	198.8163	317.5755	181.9799	172.1436	351.4096	200.9896
672.2811	-0.06738281	1.494141	0.1650391	22.25	70.1875	-23.03125	-0.2666016	0.9501953	-0.1865234	154.2188	49.96875	-25.09375	0.2441406	1.15332	0.09082031	152.2188	-65.875	-1.59375	162.978	306.4333	155.2533	172.1436	351.4096	200.9896
672.3147	-0.06738281	1.494141	0.1650391	22.25	70.1875	-23.03125	-0.2666016	0.9501953	-0.1865234	154.2188	49.96875	-25.09375	-2	1.999023	0.2441406	236.625	-317.4063	0.09375	162.978	306.4333	155.2533	172.1436	351.4096	200.9896
672.3475	-0.06738281	1.494141	0.1650391	22.25	70.1875	-23.03125	-0.3427734	0.02929688	-0.6083984	-88.875	-0.9375	63.8125	-2	1.999023	0.2441406	236.625	-317.4063	0.09375	162.978	306.4333	155.2533	120.2985	69.72977	184.9095
672.3809	-0.06738281	1.494141	0.1650391	22.25	70.1875	-23.03125	-0.7050781	1.740234	1.999023	135.5313	43.9375	-4.53125	-2	1.999023	0.2441406	236.625	-317.4063	0.09375	162.978	306.4333	155.2533	120.2985	69.72977	184.9095
672.4148	-0.06738281	1.494141	0.1650391	22.25	70.1875	-23.03125	-0.7050781	1.740234	1.999023	135.5313	43.9375	-4.53125	-2	1.999023	0.2441406	236.625	-317.4063	0.09375	162.978	306.4333	155.2533	120.2985	69.72977	184.9095
672.4476	-0.3095703	1.746094	0.1357422	-23.5	52.46875	-2.625	-0.7050781	1.740234	1.999023	135.5313	43.9375	-4.53125	0.2080078	1.442383	-0.6210938	-43.46875	56.625	-45.59375	162.978	306.4333	155.2533	120.2985	69.72977	184.9095
672.4811	-0.3095703	1.746094	0.1357422	-23.5	52.46875	-2.625	-0.7050781	1.740234	1.999023	135.5313	43.9375	-4.53125	0.2080078	1.442383	-0.6210938	-43.46875	56.625	-45.59375	162.978	306.4333	155.2533	120.2985	69.72977	184.9095
672.5146	0.1025391	0.9833984	-0.5947266	38.375	31.46875	-10.625	-0.7050781	1.740234	1.999023	135.5313	43.9375	-4.53125	0.2080078	1.442383	-0.6210938	-43.46875	56.625	-45.59375	172.0548	313.5992	148.0201	124.373	54.1343	189.5689
672.5471	0.1025391	0.9833984	-0.5947266	38.375	31.46875	-10.625	-0.7050781	1.740234	1.999023	135.5313	43.9375	-4.53125	0.2841797	-0.5019531	-1.189453	-380.5	-56.90625	56.0625	172.0548	313.5992	148.0201	159.5078	42.18632	172.6832
672.5807	0.1025391	0.9833984	-0.5947266	38.375	31.46875	-10.625	0.3466797	0.1142578	-0.4951172	79.5	56.6875	38.0625	0.2841797	-0.5019531	-1.189453	-380.5	-56.90625	56.0625	172.0548	313.5992	148.0201	159.5078	42.18632	172.6832
672.6143	0.1025391	0.9833984	-0.5947266	38.375	31.46875	-10.625	0.3466797	0.1142578	-0.4951172	79.5	56.6875	38.0625	-0.4365234	0.4980469	-0.6318359	-305.0625	150.1875	17.0625	172.0548	313.5992	148.0201	159.5078	42.18632	172.6832
672.6471	0.1025391	0.9833984	-0.5947266	38.375	31.46875	-10.625	0.3466797	0.1142578	-0.4951172	79.5	56.6875	38.0625	-0.4365234	0.4980469	-0.6318359	-305.0625	150.1875	17.0625	172.0548	313.5992	148.0201	182.6628	26.01434	171.4208
672.6807	0.07714844	0.2861328	-0.1748047	5.0625	58.59375	10.125	0.3466797	0.1142578	-0.4951172	79.5	56.6875	38.0625	-0.4365234	0.4980469	-0.6318359	-305.0625	150.1875	17.0625	172.0548	313.5992	148.0201	182.6628	26.01434	171.4208
672.7143	0.07714844	0.2861328	-0.1748047	5.0625	58.59375	10.125	0.3466797	0.1142578	-0.4951172	79.5	56.6875	38.0625	-0.3183594	1.155273	-0.7695313	197.625	268.1875	-9.21875	172.0548	313.5992	148.0201	182.6628	26.01434	171.4208
672.7651	0.07714844	0.2861328	-0.1748047	5.0625	58.59375	10.125	0.3466797	0.1142578	-0.4951172	79.5	56.6875	38.0625	-0.3183594	1.155273	-0.7695313	197.625	268.1875	-9.21875	172.0548	313.5992	148.0201	182.6628	26.01434	171.4208
672.7966	-0.1308594	0.8164063	0.03320313	56.5	-46.34375	-4.71875	0.3466797	0.1142578	-0.4951172	79.5	56.6875	38.0625	-1.09082	0.9482422	-0.6005859	112.2188	216.9063	45.625	172.0548	313.5992	148.0201	171.5107	9.922705	171.7381
672.8304	-0.1308594	0.8164063	0.03320313	56.5	-46.34375	-4.71875	0.3466797	0.1142578	-0.4951172	79.5	56.6875	38.0625	-1.09082	0.9482422	-0.6005859	112.2188	216.9063	45.625	201.8121	311.1679	164.7411	171.5107	9.922705	171.7381
672.8633	-0.1308594	0.8164063	0.03320313	56.5	-46.34375	-4.71875	0.5185547	1.625977	0.2988281	-8.3125	-129.9688	-15.28125	-1.09082	0.9482422	-0.6005859	112.2188	216.9063	45.625	206.935	312.5515	169.666	188.433	356.3594	179.3753
672.8971	-0.1308594	0.8164063	0.03320313	56.5	-46.34375	-4.71875	0.5185547	1.625977	0.2988281	-8.3125	-129.9688	-15.28125	-0.6464844	0.9658203	-0.5058594	55.46875	93.375	7.125	206.935	312.5515	169.666	188.433	356.3594	179.3753
672.9301	-0.1308594	0.8164063	0.03320313	56.5	-46.34375	-4.71875	0.5185547	1.625977	0.2988281	-8.3125	-129.9688	-15.28125	-0.6464844	0.9658203	-0.5058594	55.46875	93.375	7.125	206.935	312.5515	169.666	188.433	356.3594	179.3753
672.9642	0.1796875	0.8720703	-0.5546875	-12.46875	5.34375	45.34375	0.5185547	1.625977	0.2988281	-8.3125	-129.9688	-15.28125	-0.6464844	0.9658203	-0.5058594	55.46875	93.375	7.125	206.935	312.5515	169.666	188.433	356.3594	179.3753
672.9975	0.1796875	0.8720703	-0.5546875	-12.46875	5.34375	45.34375	0.5185547	1.625977	0.2988281	-8.3125	-129.9688	-15.28125	-0.2001953	1.106445	0.006835938	52.40625	20.75	3.53125	206.935	312.5515	169.666	178.4074	347.1975	177.9428
673.0303	0.1796875	0.8720703	-0.5546875	-12.46875	5.34375	45.34375	-0.140625	1.933594	-0.3769531	-223.4063	84.46875	72.0625	-0.2001953	1.106445	0.006835938	52.40625	20.75	3.53125	206.935	312.5515	169.666	178.4074	347.1975	177.9428
673.0633	0.1796875	0.8720703	-0.5546875	-12.46875	5.34375	45.34375	-0.140625	1.933594	-0.3769531	-223.4063	84.46875	72.0625	-0.2001953	1.106445	0.006835938	52.40625	20.75	3.53125	206.935	312.5515	169.666	176.4698	350.3993	178.6916
673.0968	0.1796875	0.8720703	-0.5546875	-12.46875	5.34375	45.34375	-0.140625	1.933594	-0.3769531	-223.4063	84.46875	72.0625	-0.2001953	1.139648	-0.02539063	122.25	51.625	-17.90625	206.935	312.5515	169.666	176.4698	350.3993	178.6916
673.1302	0.1796875	0.8720703	-0.5546875	-12.46875	5.34375	45.34375	-0.140625	1.933594	-0.3769531	-223.4063	84.46875	72.0625	-0.2001953	1.139648	-0.02539063	122.25	51.625	-17.90625	206.935	312.5515	169.666	176.4698	350.3993	178.6916
673.163	0.1796875	0.8720703	-0.5546875	-12.46875	5.34375	45.34375	-0.140625	1.933594	-0.3769531	-223.4063	84.46875	72.0625	-0.2001953	1.139648	-0.02539063	122.25	51.625	-17.90625	206.935	312.5515	169.666	168.6181	347.5818	174.4604
673.1967	0.1796875	0.8720703	-0.5546875	-12.46875	5.34375	45.34375	-0.140625	1.933594	-0.3769531	-223.4063	84.46875	72.0625	-1.128906	1.897461	-0.2050781	223	-423.2813	27.03125	170.4403	319.9921	151.4745	168.6181	347.5818	174.4604
673.2306	-0.6123047	1.470703	0.005859375	-9.84375	82.75	-4.96875	-0.140625	1.933594	-0.3769531	-223.4063	84.46875	72.0625	-1.128906	1.897461	-0.2050781	223	-423.2813	27.03125	170.4403	319.9921	151.4745	168.6181	347.5818	174.4604
673.2635	-0.6123047	1.470703	0.005859375	-9.84375	82.75	-4.96875	-0.140625	1.933594	-0.3769531	-223.4063	84.46875	72.0625	0.04589844	0.7119141	-1.240234	-28.65625	331.6563	-183	170.4403	319.9921	151.4745	117.5	30.05268	164.0444
673.2971	-0.6123047	1.470703	0.005859375	-9.84375	82.75	-4.96875	-0.9882813	1.707031	-1.191406	44.96875	18	82.375	0.04589844	0.7119141	-1.240234	-28.65625	331.6563	-183	166.8974	316.9789	154.8251	117.5	30.05268	164.0444
673.3301	0.4550781	1.47168	-0.2324219	14.625	48.9375	-38.34375	-0.9882813	1.707031	-1.191406	44.96875	18	82.375	0.04589844	0.7119141	-1.240234	-28.65625	331.6563	-183	166.8974	316.9789	154.8251	117.5	30.05268	164.0444
673.363	0.4550781	1.47168	-0.2324219	14.625	48.9375	-38.34375	-0.9882813	1.707031	-1.191406	44.96875	18	82.375	1.392578	-0.1259766	-1.323242	-271.75	211.8438	-181.9063	166.8974	316.9789	154.8251	115.0188	3.46905	173.5764
673.3961	0.4550781	1.47168	-0.2324219	14.625	48.9375	-38.34375	-0.9882813	1.707031	-1.191406	44.96875	18	82.375	1.392578	-0.1259766	-1.323242	-271.75	211.8438	-181.9063	166.8974	316.9789	154.8251	115.0188	3.46905	173.5764
673.4299	0.4550781	1.47168	-0.2324219	14.625	48.9375	-38.34375	-0.9882813	1.707031	-1.191406	44.96875	18	82.375	1.392578	-0.1259766	-1.323242	-271.75	211.8438	-181.9063	166.8974	316.9789	154.8251	115.0188	3.46905	173.5764
673.4626	0.4550781	1.47168	-0.2324219	14.625	48.9375	-38.34375	-0.9882813	1.707031	-1.191406	44.96875	18	82.375	1.392578	-0.1259766	-1.323242	-271.75	211.8438	-181.9063	166.8974	316.9789	154.8251	130.4492	327.3786	171.4463
673.4963	0.4550781	1.47168	-0.2324219	14.625	48.9375	-38.34375	-0.01464844	0.4638672	-0.05761719	77.75	50.03125	3.9375	1.392578	-0.1259766	-1.323242	-271.75	211.8438	-181.9063	180.9475	306.1897	152.9142	130.4492	327.3786	171.4463
673.5294	0.4550781	1.47168	-0.2324219	14.625	48.9375	-38.34375	-0.01464844	0.4638672	-0.05761719	77.75	50.03125	3.9375	1.204102	0.1855469	-1.329102	-265.75	284.4063	-205.6563	180.9475	306.1897	152.9142	130.4492	327.3786	171.4463
673.5645	-0.4160156	0.5019531	0.1367188	4.9375	136.0938	-14.40625	-0.01464844	0.4638672	-0.05761719	77.75	50.03125	3.9375	0.3994141	0.08496094	-1.220703	-32.0625	222.0313	-44.875	180.9475	306.1897	152.9142	157.0774	322.8991	157.4871
673.597	-0.4160156	0.5019531	0.1367188	4.9375	136.0938	-14.40625	-0.01464844	0.4638672	-0.05761719	77.75	50.03125	3.9375	0.3994141	0.08496094	-1.220703	-32.0625	222.0313	-44.875	180.9475	306.1897	152.9142	157.0774	322.8991	157.4871
673.6295	-0.4160156	0.5019531	0.1367188	4.9375	136.0938	-14.40625	-0.01464844	0.4638672	-0.05761719	77.75	50.03125	3.9375	0.3994141	0.08496094	-1.220703	-32.0625	222.0313	-44.875	180.9475	306.1897	152.9142	151.467	293.6229	151.3383
673.6627	-0.4160156	0.5019531	0.1367188	4.9375	136.0938	-14.40625	-0.01464844	0.4638672	-0.05761719	77.75	50.03125	3.9375	0.3994141	0.08496094	-1.220703	-32.0625	222.0313	-44.875	186.5715	318.6469	161.2542	151.467	293.6229	151.3383
673.6962	0.09375	1.006836	-0.05078125	-37.78125	38.25	-12.40625	-0.01464844	0.4638672	-0.05761719	77.75	50.03125	3.9375	-0.1162109	1.094727	-0.3623047	-5.03125	106.5	28.1875	186.5715	318.6469	161.2542	151.467	293.6229	151.3383
673.7298	0.09375	1.006836	-0.05078125	-37.78125	38.25	-12.40625	-0.01464844	0.4638672	-0.05761719	77.75	50.03125	3.9375	-0.1162109	1.094727	-0.3623047	-5.03125	106.5	28.1875	186.5715	318.6469	161.2542	160.6608	286.7088	150.8656
673.7624	0.09375	1.006836	-0.05078125	-37.78125	38.25	-12.40625	-0.01464844	0.4638672	-0.05761719	77.75	50.03125	3.9375	0.2548828	1.222656	-0.08984375	-13.5625	-5.6875	27.625	186.5715	318.6469	161.2542	160.6608	286.7088	150.8656
673.796	0.09375	1.006836	-0.05078125	-37.78125	38.25	-12.40625	0.3212891	0.9384766	0.1611328	-3.3125	-16.1875	1.5625	0.2548828	1.222656	-0.08984375	-13.5625	-5.6875	27.625	186.5715	318.6469	161.2542	160.6608	286.7088	150.8656
673.8293	0.09375	1.006836	-0.05078125	-37.78125	38.25	-12.40625	0.3212891	0.9384766	0.1611328	-3.3125	-16.1875	1.5625	0.2548828	1.222656	-0.08984375	-13.5625	-5.6875	27.625	186.5715	318.6469	161.2542	162.5049	283.373	154.7442
673.8638	0.09375	1.006836	-0.05078125	-37.78125	38.25	-12.40625	0.3212891	0.9384766	0.1611328	-3.3125	-16.1875	1.5625	0.3964844	0.8613281	-0.3955078	7.90625	31	2	186.5715	318.6469	161.2542	162.5049	283.373	154.7442
673.8958	0.09375	1.006836	-0.05078125	-37.78125	38.25	-12.40625	0.3212891	0.9384766	0.1611328	-3.3125	-16.1875	1.5625	0.3964844	0.8613281	-0.3955078	7.90625	31	2	186.5715	318.6469	161.2542	162.5049	283.373	154.7442
673.9318	0.1259766	1.999023	-0.3818359	35.625	158.125	-10.9375	0.3212891	0.9384766	0.1611328	-3.3125	-16.1875	1.5625	0.3964844	0.8613281	-0.3955078	7.90625	31	2	186.5715	318.6469	161.2542	160.2937	285.9644	155.5809
673.962	0.1259766	1.999023	-0.3818359	35.625	158.125	-10.9375	0.3212891	0.9384766	0.1611328	-3.3125	-16.1875	1.5625	0.3964844	0.8613281	-0.3955078	7.90625	31	2	186.5715	318.6469	161.2542	160.2937	285.9644	155.5809
673.9961	0.1259766	1.999023	-0.3818359	35.625	158.125	-10.9375	0.3212891	0.9384766	0.1611328	-3.3125	-16.1875	1.5625	0.2666016	0.9296875	-0.2607422	0.28125	28.0625	-10.9375	186.5715	318.6469	161.2542	160.2937	285.9644	155.5809
674.0292	0.1484375	0.4658203	-0.2304688	41.375	142.4375	-10.8125	0.1855469	0.3564453	-0.5390625	-50.625	202.8125	147.1875	0.2666016	0.9296875	-0.2607422	0.28125	28.0625	-10.9375	148.6782	318.4573	147.3464	127.0889	283.1806	177.6343
674.0624	0.1484375	0.4658203	-0.2304688	41.375	142.4375	-10.8125	0.1855469	0.3564453	-0.5390625	-50.625	202.8125	147.1875	-0.06054688	1.016602	-0.5576172	-32.84375	-10.8125	4.9375	148.6782	318.4573	147.3464	127.0889	283.1806	177.6343
674.0958	0.1484375	0.4658203	-0.2304688	41.375	142.4375	-10.8125	0.1855469	0.3564453	-0.5390625	-50.625	202.8125	147.1875	-0.06054688	1.016602	-0.5576172	-32.84375	-10.8125	4.9375	148.6782	318.4573	147.3464	127.0889	283.1806	177.6343
674.129	0.1484375	0.4658203	-0.2304688	41.375	142.4375	-10.8125	0.1855469	0.3564453	-0.5390625	-50.625	202.8125	147.1875	-0.06054688	1.016602	-0.5576172	-32.84375	-10.8125	4.9375	148.6782	318.4573	147.3464	129.4758	284.7238	175.5297
674.1622	-0.04785156	0.5048828	-0.4335938	-29.5625	201.5313	-16.125	0.1855469	0.3564453	-0.5390625	-50.625	202.8125	147.1875	-0.109375	1.029297	-0.2529297	-38.03125	1.5625	6.75	148.6782	318.4573	147.3464	129.4758	284.7238	175.5297
674.196	-0.04785156	0.5048828	-0.4335938	-29.5625	201.5313	-16.125	0.1855469	0.3564453	-0.5390625	-50.625	202.8125	147.1875	-0.109375	1.029297	-0.2529297	-38.03125	1.5625	6.75	148.6782	318.4573	147.3464	133.2114	286.7383	177.8408
674.2292	-0.04785156	0.5048828	-0.4335938	-29.5625	201.5313	-16.125	-0.1435547	1.273438	0.3554688	70.46875	141.4063	63.46875	0.04199219	0.8242188	-0.1191406	-31.09375	-17.09375	17.9375	148.6782	318.4573	147.3464	132.2997	356.9452	159.8641
674.262	-0.3583984	0.8203125	-0.5654297	29.84375	180.2813	-30.03125	-0.1435547	1.273438	0.3554688	70.46875	141.4063	63.46875	0.04199219	0.8242188	-0.1191406	-31.09375	-17.09375	17.9375	148.3097	317.6559	162.2009	132.2997	356.9452	159.8641
674.296	-0.3583984	0.8203125	-0.5654297	29.84375	180.2813	-30.03125	-0.2138672	1.345703	0.03125	-33.875	108.25	56.9375	0.04199219	0.8242188	-0.1191406	-31.09375	-17.09375	17.9375	158.0537	295.6693	170.4777	132.2997	356.9452	159.8641
674.329	-0.3583984	0.8203125	-0.5654297	29.84375	180.2813	-30.03125	-0.2138672	1.345703	0.03125	-33.875	108.25	56.9375	-0.04980469	0.9150391	-0.09375	-23.5	-3.5625	6.5	158.0537	295.6693	170.4777	132.2997	356.9452	159.8641
674.3618	-0.3583984	0.8203125	-0.5654297	29.84375	180.2813	-30.03125	-0.2138672	1.345703	0.03125	-33.875	108.25	56.9375	-0.04980469	0.9150391	-0.09375	-23.5	-3.5625	6.5	158.0537	295.6693	170.4777	154.8763	7.169981	176.8479
674.3961	-0.3583984	0.8203125	-0.5654297	29.84375	180.2813	-30.03125	-0.2138672	1.345703	0.03125	-33.875	108.25	56.9375	-0.04980469	0.9150391	-0.09375	-23.5	-3.5625	6.5	158.0537	295.6693	170.4777	154.8763	7.169981	176.8479
674.4292	0.09375	0.7617188	-0.3984375	24.03125	37.71875	-41.53125	-0.2138672	1.345703	0.03125	-33.875	108.25	56.9375	-0.04980469	0.9150391	-0.09375	-23.5	-3.5625	6.5	158.0537	295.6693	170.4777	156.0692	36.44494	170.7959
674.4628	0.09375	0.7617188	-0.3984375	24.03125	37.71875	-41.53125	-0.2138672	1.345703	0.03125	-33.875	108.25	56.9375	-0.0390625	1.026367	0.01757813	-20.59375	3.65625	2.84375	155.1672	306.786	172.9997	156.0692	36.44494	170.7959
674.4954	0.01660156	0.4550781	-0.5957031	45.8125	92.03125	-30.90625	-0.2138672	1.345703	0.03125	-33.875	108.25	56.9375	-0.0390625	1.026367	0.01757813	-20.59375	3.65625	2.84375	155.1672	306.786	172.9997	156.0692	36.44494	170.7959
674.5291	0.01660156	0.4550781	-0.5957031	45.8125	92.03125	-30.90625	-0.2138672	1.345703	0.03125	-33.875	108.25	56.9375	0.2109375	1.067383	-0.06542969	9.09375	-11.5625	7.6875	155.1672	306.786	172.9997	156.6721	28.6298	170.9641
674.562	0.01660156	0.4550781	-0.5957031	45.8125	92.03125	-30.90625	-0.2138672	1.345703	0.03125	-33.875	108.25	56.9375	0.2109375	1.067383	-0.06542969	9.09375	-11.5625	7.6875	155.1672	306.786	172.9997	156.6721	28.6298	170.9641
674.5955	0.01660156	0.4550781	-0.5957031	45.8125	92.03125	-30.90625	-0.2138672	1.345703	0.03125	-33.875	108.25	56.9375	0.2109375	1.067383	-0.06542969	9.09375	-11.5625	7.6875	147.4691	295.0716	168.4287	156.6721	28.6298	170.9641
674.6286	0.01660156	0.4550781	-0.5957031	45.8125	92.03125	-30.90625	-0.2138672	1.345703	0.03125	-33.875	108.25	56.9375	0.1015625	0.9521484	-0.05273438	-19.90625	18.125	-14.96875	147.4691	295.0716	168.4287	147.7275	42.78943	168.1154
674.6617	0.01660156	0.4550781	-0.5957031	45.8125	92.03125	-30.90625	-0.375	0.8857422	0.4755859	-37.5	-1.59375	2.125	0.1015625	0.9521484	-0.05273438	-19.90625	18.125	-14.96875	147.4691	295.0716	168.4287	147.7275	42.78943	168.1154
674.6954	0.01660156	0.4550781	-0.5957031	45.8125	92.03125	-30.90625	-0.375	0.8857422	0.4755859	-37.5	-1.59375	2.125	0.1015625	0.9521484	-0.05273438	-19.90625	18.125	-14.96875	147.4691	295.0716	168.4287	147.7275	42.78943	168.1154
674.7288	0.01660156	0.4550781	-0.5957031	45.8125	92.03125	-30.90625	-0.375	0.8857422	0.4755859	-37.5	-1.59375	2.125	-0.05566406	0.9316406	-0.02441406	8.15625	16.03125	-22.90625	147.4691	295.0716	168.4287	148.6913	40.79466	167.121
674.7622	0.01660156	0.4550781	-0.5957031	45.8125	92.03125	-30.90625	0.02832031	0.5263672	0.7773438	-66.59375	42.40625	-20.40625	-0.05566406	0.9316406	-0.02441406	8.15625	16.03125	-22.90625	141.4937	289.5824	169.6507	148.6913	40.79466	167.121
674.7954	0.01660156	0.4550781	-0.5957031	45.8125	92.03125	-30.90625	0.02832031	0.5263672	0.7773438	-66.59375	42.40625	-20.40625	0.1474609	0.7978516	-0.04589844	54.84375	-15.6875	-20.03125	141.4937	289.5824	169.6507	148.6913	40.79466	167.121
674.8284	-0.1074219	0.8105469	-0.7001953	-60.9375	-5.8125	-24.0625	0.02832031	0.5263672	0.7773438	-66.59375	42.40625	-20.40625	0.1474609	0.7978516	-0.04589844	54.84375	-15.6875	-20.03125	141.4937	289.5824	169.6507	139.1585	60.98837	161.4502
674.8613	-0.1074219	0.8105469	-0.7001953	-60.9375	-5.8125	-24.0625	0.02832031	0.5263672	0.7773438	-66.59375	42.40625	-20.40625	0.1474609	0.7978516	-0.04589844	54.84375	-15.6875	-20.03125	141.4937	289.5824	169.6507	139.1585	60.98837	161.4502
674.8953	-0.1074219	0.8105469	-0.7001953	-60.9375	-5.8125	-24.0625	0.02832031	0.5263672	0.7773438	-66.59375	42.40625	-20.40625	0.1474609	0.7978516	-0.04589844	54.84375	-15.6875	-20.03125	141.4937	289.5824	169.6507	133.1457	65.19286	162.7061
674.9288	-0.1074219	0.8105469	-0.7001953	-60.9375	-5.8125	-24.0625	0.02832031	0.5263672	0.7773438	-66.59375	42.40625	-20.40625	-0.1962891	0.8974609	-0.09765625	55.96875	-6.25	-6.1875	124.2531	293.4191	171.4715	133.1457	65.19286	162.7061
674.9614	-0.1074219	0.8105469	-0.7001953	-60.9375	-5.8125	-24.0625	0.02832031	0.5263672	0.7773438	-66.59375	42.40625	-20.40625	-0.1962891	0.8974609	-0.09765625	55.96875	-6.25	-6.1875	124.2531	293.4191	171.4715	133.1457	65.19286	162.7061
674.9963	-0.1074219	0.8105469	-0.7001953	-60.9375	-5.8125	-24.0625	0.02832031	0.5263672	0.7773438	-66.59375	42.40625	-20.40625	-0.1962891	0.8974609	-0.09765625	55.96875	-6.25	-6.1875	124.2531	293.4191	171.4715	133.1457	65.19286	162.7061
675.0287	-0.1074219	0.8105469	-0.7001953	-60.9375	-5.8125	-24.0625	0.02832031	0.5263672	0.7773438	-66.59375	42.40625	-20.40625	-0.3046875	0.5976563	-0.3125	7.84375	-10.09375	11.53125	116.7391	287.3921	168.9067	115.6379	65.33486	164.3294
675.0614	-0.3759766	0.9365234	-0.5683594	-108.5938	-57.875	-0.5625	0.02832031	0.5263672	0.7773438	-66.59375	42.40625	-20.40625	-0.3046875	0.5976563	-0.3125	7.84375	-10.09375	11.53125	116.7391	287.3921	168.9067	115.6379	65.33486	164.3294
675.0952	-0.3759766	0.9365234	-0.5683594	-108.5938	-57.875	-0.5625	0.02832031	0.5263672	0.7773438	-66.59375	42.40625	-20.40625	0.07128906	1.020508	-0.2226563	9.875	-1.53125	2.25	116.7391	287.3921	168.9067	115.6379	65.33486	164.3294
675.1281	-0.3759766	0.9365234	-0.5683594	-108.5938	-57.875	-0.5625	0.2021484	0.3046875	1.176758	-39.25	-28.34375	13.34375	0.07128906	1.020508	-0.2226563	9.875	-1.53125	2.25	116.7391	287.3921	168.9067	106.4793	76.89326	162.7081
675.1614	-0.1435547	1.172852	-0.06542969	-129.7813	-58.4375	19.21875	0.2021484	0.3046875	1.176758	-39.25	-28.34375	13.34375	0.07128906	1.020508	-0.2226563	9.875	-1.53125	2.25	116.7391	287.3921	168.9067	106.4793	76.89326	162.7081
675.1951	-0.1435547	1.172852	-0.06542969	-129.7813	-58.4375	19.21875	0.2021484	0.3046875	1.176758	-39.25	-28.34375	13.34375	-0.09375	0.9199219	-0.3310547	3.9375	3.03125	9.1875	106.9354	283.6442	155.5581	95.62999	88.98193	153.3647
675.2281	-0.1435547	1.172852	-0.06542969	-129.7813	-58.4375	19.21875	-0.03417969	0.3613281	1.173828	-15.34375	13	10.375	-0.02636719	0.8769531	-0.2900391	1.28125	-12.40625	9.4375	106.9354	283.6442	155.5581	95.62999	88.98193	153.3647
675.2614	-0.1435547	1.172852	-0.06542969	-129.7813	-58.4375	19.21875	-0.03417969	0.3613281	1.173828	-15.34375	13	10.375	-0.02636719	0.8769531	-0.2900391	1.28125	-12.40625	9.4375	106.9354	283.6442	155.5581	95.62999	88.98193	153.3647
675.2949	-0.1435547	1.172852	-0.06542969	-129.7813	-58.4375	19.21875	-0.03417969	0.3613281	1.173828	-15.34375	13	10.375	-0.02636719	0.8769531	-0.2900391	1.28125	-12.40625	9.4375	106.9354	283.6442	155.5581	95.59737	89.70277	153.4669
675.3284	-0.1435547	1.172852	-0.06542969	-129.7813	-58.4375	19.21875	-0.03417969	0.3613281	1.173828	-15.34375	13	10.375	0.02539063	0.9580078	-0.2177734	-8.875	-17.84375	10.71875	106.9354	283.6442	155.5581	95.59737	89.70277	153.4669
675.3615	-0.1464844	0.8935547	0.09472656	-58.4375	19.8125	10.78125	0.08789063	0.2109375	0.9589844	-19.84375	-6.84375	1.6875	0.02539063	0.9580078	-0.2177734	-8.875	-17.84375	10.71875	106.9354	283.6442	155.5581	95.59737	89.70277	153.4669
675.3948	-0.1464844	0.8935547	0.09472656	-58.4375	19.8125	10.78125	0.05078125	0.07421875	0.9355469	8.15625	12.875	6.40625	0.02539063	0.9580078	-0.2177734	-8.875	-17.84375	10.71875	106.9354	283.6442	155.5581	96.16087	87.43094	155.2365
675.4282	-0.1464844	0.8935547	0.09472656	-58.4375	19.8125	10.78125	0.05078125	0.07421875	0.9355469	8.15625	12.875	6.40625	0.02539063	0.9580078	-0.2177734	-8.875	-17.84375	10.71875	106.9354	283.6442	155.5581	96.16087	87.43094	155.2365
675.461	-0.1953125	0.8808594	0.09277344	9.6875	5.125	9.375	0.05078125	0.07421875	0.9355469	8.15625	12.875	6.40625	0.02539063	0.9580078	-0.2177734	-8.875	-17.84375	10.71875	103.7169	265.8705	152.7098	96.16087	87.43094	155.2365
675.4949	-0.1953125	0.8808594	0.09277344	9.6875	5.125	9.375	0.05078125	0.07421875	0.9355469	8.15625	12.875	6.40625	0.2636719	0.9921875	-0.2109375	-5.625	-8.6875	2.71875	103.7169	265.8705	152.7098	96.16087	87.43094	155.2365
675.5288	-0.1953125	0.8808594	0.09277344	9.6875	5.125	9.375	0.05078125	0.07421875	0.9355469	8.15625	12.875	6.40625	0.05761719	0.9140625	-0.3310547	1.4375	-1.125	-7.8125	103.7169	265.8705	152.7098	93.78452	96.71925	152.5264
675.5609	-0.1953125	0.8808594	0.09277344	9.6875	5.125	9.375	0.05078125	0.07421875	0.9355469	8.15625	12.875	6.40625	0.05761719	0.9140625	-0.3310547	1.4375	-1.125	-7.8125	103.7169	265.8705	152.7098	93.78452	96.71925	152.5264
675.5946	-0.1953125	0.8808594	0.09277344	9.6875	5.125	9.375	0.05078125	0.07421875	0.9355469	8.15625	12.875	6.40625	0.05761719	0.9140625	-0.3310547	1.4375	-1.125	-7.8125	103.7169	265.8705	152.7098	94.16135	95.79102	151.4143
675.6281	-0.1953125	0.8808594	0.09277344	9.6875	5.125	9.375	0.01953125	0.1875	0.7490234	-1.3125	4	1.21875	0.05664063	0.9931641	-0.1259766	2.3125	9.5625	-11.90625	103.7169	265.8705	152.7098	94.16135	95.79102	151.4143
675.6846	-0.1953125	0.8808594	0.09277344	9.6875	5.125	9.375	0.01953125	0.1875	0.7490234	-1.3125	4	1.21875	0.05664063	0.9931641	-0.1259766	2.3125	9.5625	-11.90625	103.7169	265.8705	152.7098	94.16135	95.79102	151.4143
675.686	-0.1953125	0.8808594	0.09277344	9.6875	5.125	9.375	0.01953125	0.1875	0.7490234	-1.3125	4	1.21875	0.05664063	0.9931641	-0.1259766	2.3125	9.5625	-11.90625	106.2306	273.5774	155.2701	96.51118	91.28139	153.5603
675.7111	-0.1953125	0.8808594	0.09277344	9.6875	5.125	9.375	-0.140625	0.4277344	0.9052734	-10.15625	10.0625	7.3125	0.04882813	0.8779297	-0.2431641	3.21875	8.40625	-13.1875	106.2306	273.5774	155.2701	96.51118	91.28139	153.5603
675.7444	-0.2275391	0.9746094	0.05175781	-1.78125	-25.03125	5.59375	-0.140625	0.4277344	0.9052734	-10.15625	10.0625	7.3125	0.04882813	0.8779297	-0.2431641	3.21875	8.40625	-13.1875	106.2306	273.5774	155.2701	94.96059	92.35043	154.2181
675.7781	-0.2275391	0.9746094	0.05175781	-1.78125	-25.03125	5.59375	-0.140625	0.4277344	0.9052734	-10.15625	10.0625	7.3125	0.04882813	0.8779297	-0.2431641	3.21875	8.40625	-13.1875	106.6444	273.1871	154.5772	94.96059	92.35043	154.2181
675.8116	-0.2275391	0.9746094	0.05175781	-1.78125	-25.03125	5.59375	-0.140625	0.4277344	0.9052734	-10.15625	10.0625	7.3125	-0.09082031	0.9404297	-0.2363281	0.65625	5.125	-6.4375	106.6444	273.1871	154.5772	94.96059	92.35043	154.2181
675.8447	-0.2275391	0.9746094	0.05175781	-1.78125	-25.03125	5.59375	-0.140625	0.4277344	0.9052734	-10.15625	10.0625	7.3125	-0.09082031	0.9404297	-0.2363281	0.65625	5.125	-6.4375	106.6444	273.1871	154.5772	94.26702	91.83244	154.6573
675.8779	-0.2275391	0.9746094	0.05175781	-1.78125	-25.03125	5.59375	-0.140625	0.4277344	0.9052734	-10.15625	10.0625	7.3125	0.1064453	0.8955078	-0.2285156	1.03125	0.03125	11.15625	106.6444	273.1871	154.5772	94.26702	91.83244	154.6573
675.9116	-0.2275391	0.9746094	0.05175781	-1.78125	-25.03125	5.59375	-0.140625	0.4277344	0.9052734	-10.15625	10.0625	7.3125	0.1064453	0.8955078	-0.2285156	1.03125	0.03125	11.15625	106.6444	273.1871	154.5772	94.26702	91.83244	154.6573
675.9448	-0.2275391	0.9746094	0.05175781	-1.78125	-25.03125	5.59375	0.1806641	0.2216797	1.050781	-3.1875	-6.71875	-4.28125	0.1064453	0.8955078	-0.2285156	1.03125	0.03125	11.15625	106.6444	273.1871	154.5772	93.77918	91.72627	156.6709
675.9785	-0.2275391	0.9746094	0.05175781	-1.78125	-25.03125	5.59375	0.1806641	0.2216797	1.050781	-3.1875	-6.71875	-4.28125	0.1064453	0.8955078	-0.2285156	1.03125	0.03125	11.15625	106.6444	273.1871	154.5772	93.77918	91.72627	156.6709
676.0114	-0.2275391	0.9746094	0.05175781	-1.78125	-25.03125	5.59375	0.1806641	0.2216797	1.050781	-3.1875	-6.71875	-4.28125	0.00390625	1.027344	-0.2285156	2.5625	-5.15625	11.65625	106.6444	273.1871	154.5772	93.77918	91.72627	156.6709
676.0449	-0.06347656	0.9033203	0.03027344	-0.6875	10.65625	7.96875	0.1806641	0.2216797	1.050781	-3.1875	-6.71875	-4.28125	0.00390625	1.027344	-0.2285156	2.5625	-5.15625	11.65625	107.2625	272.5288	150.4229	93.95445	91.9309	157.1572
676.078	-0.06347656	0.9033203	0.03027344	-0.6875	10.65625	7.96875	0.1806641	0.2216797	1.050781	-3.1875	-6.71875	-4.28125	0.00390625	1.027344	-0.2285156	2.5625	-5.15625	11.65625	107.2625	272.5288	150.4229	93.95445	91.9309	157.1572
676.1116	-0.09960938	0.9335938	-0.1123047	-6.5	16.21875	17.625	0.1640625	0.4755859	0.9521484	-1.84375	6.03125	2.59375	-0.1376953	0.9257813	-0.2246094	-4.15625	-4.34375	4.5625	107.2625	272.5288	150.4229	93.95445	91.9309	157.1572
676.1448	-0.09960938	0.9335938	-0.1123047	-6.5	16.21875	17.625	0.1640625	0.4755859	0.9521484	-1.84375	6.03125	2.59375	-0.1376953	0.9257813	-0.2246094	-4.15625	-4.34375	4.5625	107.2625	272.5288	150.4229	94.42889	93.669	152.5839
676.1781	-0.09960938	0.9335938	-0.1123047	-6.5	16.21875	17.625	0.1640625	0.4755859	0.9521484	-1.84375	6.03125	2.59375	-0.1376953	0.9257813	-0.2246094	-4.15625	-4.34375	4.5625	107.2625	272.5288	150.4229	94.42889	93.669	152.5839
676.2116	-0.09960938	0.9335938	-0.1123047	-6.5	16.21875	17.625	0.06835938	0.3632813	1.00293	-0.25	12.875	7	0.1230469	0.9550781	-0.2783203	-0.125	-1.53125	2.0625	107.2625	272.5288	150.4229	94.55911	94.61587	151.7381
676.2444	-0.09960938	0.9335938	-0.1123047	-6.5	16.21875	17.625	0.06835938	0.3632813	1.00293	-0.25	12.875	7	0.1230469	0.9550781	-0.2783203	-0.125	-1.53125	2.0625	107.2625	272.5288	150.4229	94.55911	94.61587	151.7381
676.3107	-0.09960938	0.9335938	-0.1123047	-6.5	16.21875	17.625	0.06835938	0.3632813	1.00293	-0.25	12.875	7	0.09667969	0.8691406	-0.08496094	0.21875	0.03125	1.9375	107.2625	272.5288	150.4229	94.55911	94.61587	151.7381
676.3438	-0.09960938	0.9335938	-0.1123047	-6.5	16.21875	17.625	0.06835938	0.3632813	1.00293	-0.25	12.875	7	0.09667969	0.8691406	-0.08496094	0.21875	0.03125	1.9375	107.2625	272.5288	150.4229	95.22345	93.46754	152.0029
676.3772	-0.078125	0.8378906	0.08105469	-11.3125	13	-3.625	0.06835938	0.3632813	1.00293	-0.25	12.875	7	0.05371094	0.9228516	-0.2763672	-1.34375	-8.75	2.90625	107.2625	272.5288	150.4229	95.22345	93.46754	152.0029
676.4103	-0.078125	0.8378906	0.08105469	-11.3125	13	-3.625	0.06835938	0.3632813	1.00293	-0.25	12.875	7	0.05371094	0.9228516	-0.2763672	-1.34375	-8.75	2.90625	107.2625	272.5288	150.4229	95.22345	93.46754	152.0029
676.4447	-0.078125	0.8378906	0.08105469	-11.3125	13	-3.625	0.06835938	0.3632813	1.00293	-0.25	12.875	7	0.05371094	0.9228516	-0.2763672	-1.34375	-8.75	2.90625	107.2625	272.5288	150.4229	95.22345	93.46754	152.0029
676.4768	-0.078125	0.8378906	0.08105469	-11.3125	13	-3.625	-0.1210938	0.3330078	0.7539063	1.4375	-7.8125	5.0625	0.02050781	0.8837891	-0.3486328	-1.78125	-16	1.75	106.4657	273.2174	154.3442	95.53037	93.94349	153.7675
676.5107	-0.08984375	0.984375	-0.02441406	-7.28125	-18.3125	-1.59375	-0.1210938	0.3330078	0.7539063	1.4375	-7.8125	5.0625	0.02050781	0.8837891	-0.3486328	-1.78125	-16	1.75	106.4657	273.2174	154.3442	95.53037	93.94349	153.7675
676.5435	-0.08984375	0.984375	-0.02441406	-7.28125	-18.3125	-1.59375	-0.1210938	0.3330078	0.7539063	1.4375	-7.8125	5.0625	0.02050781	0.8837891	-0.3486328	-1.78125	-16	1.75	106.4657	273.2174	154.3442	95.91441	94.29637	153.1956
676.577	0.08691406	0.9160156	0.1347656	-2.46875	-18.8125	1.15625	-0.1210938	0.3330078	0.7539063	1.4375	-7.8125	5.0625	0.1162109	0.8720703	-0.265625	-2.46875	11.40625	-6.59375	106.4657	273.2174	154.3442	95.91441	94.29637	153.1956
676.6104	0.08691406	0.9160156	0.1347656	-2.46875	-18.8125	1.15625	-0.1210938	0.3330078	0.7539063	1.4375	-7.8125	5.0625	0.1162109	0.8720703	-0.265625	-2.46875	11.40625	-6.59375	106.4657	273.2174	154.3442	95.91441	94.29637	153.1956
676.6436	0.08691406	0.9160156	0.1347656	-2.46875	-18.8125	1.15625	-0.1210938	0.3330078	0.7539063	1.4375	-7.8125	5.0625	0.1162109	0.8720703	-0.265625	-2.46875	11.40625	-6.59375	106.4657	273.2174	154.3442	95.68254	93.35741	154.5148
676.6771	0.08691406	0.9160156	0.1347656	-2.46875	-18.8125	1.15625	-0.1210938	0.3330078	0.7539063	1.4375	-7.8125	5.0625	0.002929688	0.7998047	-0.2832031	-1.71875	4.0625	-9.59375	106.4657	273.2174	154.3442	95.68254	93.35741	154.5148
676.7103	0.08691406	0.9160156	0.1347656	-2.46875	-18.8125	1.15625	-0.1210938	0.3330078	0.7539063	1.4375	-7.8125	5.0625	0.002929688	0.7998047	-0.2832031	-1.71875	4.0625	-9.59375	106.4657	273.2174	154.3442	95.68254	93.35741	154.5148
676.7437	0.08691406	0.9160156	0.1347656	-2.46875	-18.8125	1.15625	0.1308594	0.3251953	0.8710938	-2.75	-4.90625	-10.34375	-0.1533203	0.9736328	-0.3095703	-0.625	-1.46875	1.875	106.4657	273.2174	154.3442	95.42052	93.05287	153.7521
676.7768	0.008789063	0.8964844	0.02539063	1.15625	-0.75	-3.6875	0.1308594	0.3251953	0.8710938	-2.75	-4.90625	-10.34375	-0.1533203	0.9736328	-0.3095703	-0.625	-1.46875	1.875	106.4657	273.2174	154.3442	95.42052	93.05287	153.7521
676.8102	0.008789063	0.8964844	0.02539063	1.15625	-0.75	-3.6875	0.09375	0.3339844	0.9199219	-3.96875	0.15625	-1.53125	-0.1533203	0.9736328	-0.3095703	-0.625	-1.46875	1.875	108.2063	275.1592	150.6753	96.20261	90.89627	151.1016
676.8431	0.008789063	0.8964844	0.02539063	1.15625	-0.75	-3.6875	0.09375	0.3339844	0.9199219	-3.96875	0.15625	-1.53125	0.0625	0.9101563	-0.2089844	0.09375	-1.71875	3.84375	108.2063	275.1592	150.6753	96.20261	90.89627	151.1016
676.8764	0.008789063	0.8964844	0.02539063	1.15625	-0.75	-3.6875	0.09375	0.3339844	0.9199219	-3.96875	0.15625	-1.53125	0.0625	0.9101563	-0.2089844	0.09375	-1.71875	3.84375	108.2063	275.1592	150.6753	96.20261	90.89627	151.1016
676.9097	0.008789063	0.8964844	0.02539063	1.15625	-0.75	-3.6875	0.09375	0.3339844	0.9199219	-3.96875	0.15625	-1.53125	0.0625	0.9101563	-0.2089844	0.09375	-1.71875	3.84375	108.2063	275.1592	150.6753	96.20261	90.89627	151.1016
676.9433	-0.1005859	1.046875	-0.001953125	6.34375	8.28125	-3.1875	0.09375	0.3339844	0.9199219	-3.96875	0.15625	-1.53125	0.0625	0.9101563	-0.2089844	0.09375	-1.71875	3.84375	108.2063	275.1592	150.6753	96.53538	91.1447	151.0447
