617.0234	-0.0234375	0.9257813	0.2558594	-0.375	-0.625	-1.65625	-0.4072266	-0.07226563	0.5878906	-0.0625	-0.25	0.65625	0	0	0	0	0	0	112.5917	47.79463	180	180	0	180
617.0684	-0.0234375	0.9257813	0.2558594	-0.375	-0.625	-1.65625	-0.3535156	-0.1025391	0.546875	0.21875	0.34375	-0.6875	0	0	0	0	0	0	112.5917	47.79463	180	180	0	180
617.0698	-0.0234375	0.9257813	0.2558594	-0.375	-0.625	-1.65625	-0.3535156	-0.1025391	0.546875	0.21875	0.34375	-0.6875	0	0	0	0	0	0	112.5917	47.79463	180	180	0	180
617.0713	-0.0234375	0.9257813	0.2558594	-0.375	-0.625	-1.65625	-0.3535156	-0.1025391	0.546875	0.21875	0.34375	-0.6875	0	0	0	0	0	0	113.3112	47.5666	180	180	0	180
617.1017	-0.0234375	0.9257813	0.2558594	-0.375	-0.625	-1.65625	-0.3535156	-0.1025391	0.546875	0.21875	0.34375	-0.6875	0	0	0	0	0	0	113.3112	47.5666	180	180	0	180
617.1349	-0.0234375	0.9257813	0.2558594	-0.375	-0.625	-1.65625	-0.3535156	-0.1025391	0.546875	0.21875	0.34375	-0.6875	0	0	0	0	0	0	113.4245	47.5304	180	180	0	180
617.1686	-0.1367188	1.163086	0.3710938	-0.25	-0.375	1.28125	-0.3535156	-0.1025391	0.546875	0.21875	0.34375	-0.6875	0	0	0	0	0	0	113.4245	47.5304	180	180	0	180
617.2021	-0.1367188	1.163086	0.3710938	-0.25	-0.375	1.28125	-0.3574219	-0.07617188	0.4960938	0.03125	-4.96875	1.21875	0	0	0	0	0	0	113.4245	47.5304	180	180	0	180
617.2355	-0.1367188	1.163086	0.3710938	-0.25	-0.375	1.28125	-0.3574219	-0.07617188	0.4960938	0.03125	-4.96875	1.21875	0	0	0	0	0	0	113.4245	47.5304	180	180	0	180
617.2692	-0.1367188	1.163086	0.3710938	-0.25	-0.375	1.28125	-0.640625	-0.1230469	0.4746094	4.4375	44.84375	9.625	0	0	0	0	0	0	113.4245	47.5304	180	180	0	180
617.3029	-0.1367188	1.163086	0.3710938	-0.25	-0.375	1.28125	-0.640625	-0.1230469	0.4746094	4.4375	44.84375	9.625	0	0	0	0	0	0	113.4245	47.5304	180	180	0	180
617.3358	-0.02441406	1.054688	0.1669922	33.5625	5	18.65625	-0.640625	-0.1230469	0.4746094	4.4375	44.84375	9.625	0	0	0	0	0	0	116.0504	45.03691	180	180	0	180
617.3693	-0.02441406	1.054688	0.1669922	33.5625	5	18.65625	-0.3935547	-0.1162109	0.3691406	-20.875	6.875	-6.1875	0	0	0	0	0	0	116.0504	45.03691	180	180	0	180
617.4027	-0.01953125	0.9902344	0.2783203	-11.71875	7.75	-1.3125	-0.3935547	-0.1162109	0.3691406	-20.875	6.875	-6.1875	0	0	0	0	0	0	116.0504	45.03691	180	180	0	180
617.4363	-0.01953125	0.9902344	0.2783203	-11.71875	7.75	-1.3125	-0.3935547	-0.1162109	0.3691406	-20.875	6.875	-6.1875	0	0	0	0	0	0	116.0504	45.03691	180	180	0	180
617.4698	-0.01953125	0.9902344	0.2783203	-11.71875	7.75	-1.3125	-0.3935547	-0.1162109	0.3691406	-20.875	6.875	-6.1875	0	0	0	0	0	0	116.0504	45.03691	180	180	0	180
617.5033	-0.01953125	0.9902344	0.2783203	-11.71875	7.75	-1.3125	-0.5029297	-0.1259766	0.6152344	1.75	7.1875	0	0	0	0	0	0	0	117.1052	44.04932	180	180	0	180
617.5464	-0.01953125	0.9902344	0.2783203	-11.71875	7.75	-1.3125	-0.5029297	-0.1259766	0.6152344	1.75	7.1875	0	0	0	0	0	0	0	117.1052	44.04932	180	180	0	180
617.5827	-0.01953125	0.9902344	0.2783203	-11.71875	7.75	-1.3125	-0.5029297	-0.1259766	0.6152344	1.75	7.1875	0	0	0	0	0	0	0	118.0421	44.33044	180	180	0	180
617.6033	-0.01953125	0.9902344	0.2783203	-11.71875	7.75	-1.3125	-0.5029297	-0.1259766	0.6152344	1.75	7.1875	0	0	0	0	0	0	0	118.0421	44.33044	180	180	0	180
617.6367	-0.01953125	0.9902344	0.2783203	-11.71875	7.75	-1.3125	-0.5029297	-0.1259766	0.6152344	1.75	7.1875	0	0	0	0	0	0	0	118.0421	44.33044	180	180	0	180
617.67	-0.01953125	0.9902344	0.2783203	-11.71875	7.75	-1.3125	-0.3623047	-0.1015625	0.4804688	5.78125	1.5625	4.4375	0	0	0	0	0	0	118.0421	44.33044	180	180	0	180
617.7034	-0.06445313	1.150391	0.2148438	-4.59375	-3.5	-1.84375	-0.3623047	-0.1015625	0.4804688	5.78125	1.5625	4.4375	0	0	0	0	0	0	118.0421	44.33044	180	180	0	180
617.7365	-0.06445313	1.150391	0.2148438	-4.59375	-3.5	-1.84375	-0.6220703	-0.0078125	0.5400391	11.875	-1.78125	3.71875	0	0	0	0	0	0	118.0421	44.33044	180	180	0	180
617.8036	-0.08691406	0.8603516	0.2470703	-4.21875	12.1875	1.5	-0.6220703	-0.0078125	0.5400391	11.875	-1.78125	3.71875	0	0	0	0	0	0	118.0421	44.33044	180	180	0	180
617.8369	-0.08691406	0.8603516	0.2470703	-4.21875	12.1875	1.5	-0.6220703	-0.0078125	0.5400391	11.875	-1.78125	3.71875	0	0	0	0	0	0	119.3077	43.69279	180	180	0	180
617.8707	-0.08691406	0.8603516	0.2470703	-4.21875	12.1875	1.5	-0.6220703	-0.0078125	0.5400391	11.875	-1.78125	3.71875	0	0	0	0	0	0	119.3077	43.69279	180	180	0	180
617.9036	-0.08691406	0.8603516	0.2470703	-4.21875	12.1875	1.5	-0.3984375	-0.05566406	0.5009766	-2.15625	-3.0625	2.5	0	0	0	0	0	0	119.3077	43.69279	180	180	0	180
617.9373	-0.08691406	0.8603516	0.2470703	-4.21875	12.1875	1.5	-0.3984375	-0.05566406	0.5009766	-2.15625	-3.0625	2.5	0	0	0	0	0	0	119.3077	43.69279	180	180	0	180
617.9705	-0.08691406	0.8603516	0.2470703	-4.21875	12.1875	1.5	-0.3984375	-0.05566406	0.5009766	-2.15625	-3.0625	2.5	0	0	0	0	0	0	119.3077	43.69279	180	180	0	180
618.0042	-0.08691406	0.8603516	0.2470703	-4.21875	12.1875	1.5	-0.3984375	-0.05566406	0.5009766	-2.15625	-3.0625	2.5	0	0	0	0	0	0	117.8724	44.39898	180	180	0	180
618.0374	-0.08691406	0.8603516	0.2470703	-4.21875	12.1875	1.5	-0.3828125	-0.09863281	0.5996094	-2.625	-11.71875	5	0	0	0	0	0	0	117.8724	44.39898	180	180	0	180
618.0709	0.1123047	0.9580078	0.1914063	-5.3125	-3.90625	-3.6875	-0.3828125	-0.09863281	0.5996094	-2.625	-11.71875	5	0	0	0	0	0	0	116.733	45.54983	180	180	0	180
618.1042	0.1123047	0.9580078	0.1914063	-5.3125	-3.90625	-3.6875	-0.3828125	-0.09863281	0.5996094	-2.625	-11.71875	5	0	0	0	0	0	0	116.733	45.54983	180	180	0	180
618.1378	0.1123047	0.9580078	0.1914063	-5.3125	-3.90625	-3.6875	-0.3828125	-0.09863281	0.5996094	-2.625	-11.71875	5	0	0	0	0	0	0	116.733	45.54983	180	180	0	180
618.1712	0.1123047	0.9580078	0.1914063	-5.3125	-3.90625	-3.6875	-0.4541016	-0.1074219	0.5029297	-0.5	-8.1875	2.5625	0	0	0	0	0	0	116.733	45.54983	180	180	0	180
618.2045	0.1123047	0.9580078	0.1914063	-5.3125	-3.90625	-3.6875	-0.4501953	-0.07226563	0.5078125	0.96875	-1.46875	-0.0625	0	0	0	0	0	0	116.733	45.54983	180	180	0	180
618.2379	-0.05761719	0.8818359	0.2871094	2.96875	1.28125	-0.5625	-0.4501953	-0.07226563	0.5078125	0.96875	-1.46875	-0.0625	0	0	0	0	0	0	116.733	45.54983	180	180	0	180
618.2711	-0.05761719	0.8818359	0.2871094	2.96875	1.28125	-0.5625	-0.3671875	-0.09082031	0.5361328	1.9375	-3.0625	-0.25	0	0	0	0	0	0	116.733	45.54983	180	180	0	180
618.3044	-0.1074219	0.9541016	0.2041016	3.90625	-3.125	-2.8125	-0.3671875	-0.09082031	0.5361328	1.9375	-3.0625	-0.25	0	0	0	0	0	0	115.9941	45.38852	180	180	0	180
618.3378	-0.1074219	0.9541016	0.2041016	3.90625	-3.125	-2.8125	-0.3671875	-0.09082031	0.5361328	1.9375	-3.0625	-0.25	0	0	0	0	0	0	115.9941	45.38852	180	180	0	180
618.371	-0.03125	0.9082031	0.2763672	3.15625	-0.9375	-0.8125	-0.3671875	-0.09082031	0.5361328	1.9375	-3.0625	-0.25	0	0	0	0	0	0	115.9941	45.38852	180	180	0	180
618.4045	-0.03125	0.9082031	0.2763672	3.15625	-0.9375	-0.8125	-0.3671875	-0.09082031	0.5361328	1.9375	-3.0625	-0.25	0	0	0	0	0	0	115.9941	45.38852	180	180	0	180
618.4378	-0.03125	0.9082031	0.2763672	3.15625	-0.9375	-0.8125	-0.3671875	-0.09082031	0.5361328	1.9375	-3.0625	-0.25	0	0	0	0	0	0	115.9941	45.38852	180	180	0	180
618.4712	-0.03125	0.9082031	0.2763672	3.15625	-0.9375	-0.8125	-0.3662109	-0.1425781	0.5751953	-0.5	1.5	-0.9375	0	0	0	0	0	0	115.9941	45.38852	180	180	0	180
618.5045	0.06835938	0.9902344	0.2695313	1.15625	-0.75	2.5	-0.34375	-0.09570313	0.5361328	0.53125	5.53125	3.71875	0	0	0	0	0	0	115.6487	45.78202	180	180	0	180
618.5378	0.06835938	0.9902344	0.2695313	1.15625	-0.75	2.5	-0.34375	-0.09570313	0.5361328	0.53125	5.53125	3.71875	0	0	0	0	0	0	115.6487	45.78202	180	180	0	180
618.5715	0.06835938	0.9902344	0.2695313	1.15625	-0.75	2.5	-0.34375	-0.09570313	0.5361328	0.53125	5.53125	3.71875	0	0	0	0	0	0	115.6487	45.78202	180	180	0	180
618.6049	0.06835938	0.9902344	0.2695313	1.15625	-0.75	2.5	-0.34375	-0.09570313	0.5361328	0.53125	5.53125	3.71875	0	0	0	0	0	0	114.2775	45.98446	180	180	0	180
618.6382	0.06835938	0.9902344	0.2695313	1.15625	-0.75	2.5	-0.34375	-0.09570313	0.5361328	0.53125	5.53125	3.71875	0	0	0	0	0	0	114.2775	45.98446	180	180	0	180
618.6715	0.06835938	0.9902344	0.2695313	1.15625	-0.75	2.5	-0.34375	-0.09570313	0.5361328	0.53125	5.53125	3.71875	0	0	0	0	0	0	114.2775	45.98446	180	180	0	180
618.7048	0.06835938	0.9902344	0.2695313	1.15625	-0.75	2.5	-0.34375	-0.09570313	0.5361328	0.53125	5.53125	3.71875	0	0	0	0	0	0	114.2775	45.98446	180	180	0	180
618.7385	-0.06152344	0.8271484	0.1757813	8.46875	-3.1875	6.5625	-0.34375	-0.09570313	0.5361328	0.53125	5.53125	3.71875	0	0	0	0	0	0	114.2775	45.98446	180	180	0	180
618.7717	-0.06152344	0.8271484	0.1757813	8.46875	-3.1875	6.5625	-0.5410156	0.0078125	0.6464844	-13.4375	20.96875	-7.15625	0	0	0	0	0	0	114.2775	45.98446	180	180	0	180
618.8057	-0.06152344	0.8271484	0.1757813	8.46875	-3.1875	6.5625	-0.5458984	-0.2138672	0.4208984	-21.375	-0.625	-13.9375	0	0	0	0	0	0	118.1091	42.29121	180	180	0	180
618.8391	-0.06152344	0.8271484	0.1757813	8.46875	-3.1875	6.5625	-0.5458984	-0.2138672	0.4208984	-21.375	-0.625	-13.9375	0	0	0	0	0	0	118.1091	42.29121	180	180	0	180
618.8725	-0.06152344	0.8271484	0.1757813	8.46875	-3.1875	6.5625	-0.5458984	-0.2138672	0.4208984	-21.375	-0.625	-13.9375	0	0	0	0	0	0	118.1091	42.29121	180	180	0	180
618.9203	-0.06152344	0.8271484	0.1757813	8.46875	-3.1875	6.5625	-0.5458984	-0.2138672	0.4208984	-21.375	-0.625	-13.9375	0	0	0	0	0	0	119.2296	41.44899	180	180	0	180
618.9224	-0.06152344	0.8271484	0.1757813	8.46875	-3.1875	6.5625	-0.5458984	-0.2138672	0.4208984	-21.375	-0.625	-13.9375	0	0	0	0	0	0	119.2296	41.44899	180	180	0	180
618.9539	0.03125	0.9296875	0.1582031	-11.25	10.71875	1.5625	-0.3056641	-0.3798828	0.1054688	3.40625	-7.875	4.875	0	0	0	0	0	0	119.2296	41.44899	180	180	0	180
618.9872	0.03125	0.9296875	0.1582031	-11.25	10.71875	1.5625	-1.977539	1.449219	1.999023	-28.8125	99.40625	-31.03125	0	0	0	0	0	0	119.9138	41.60671	180	180	0	180
619.0206	0.03125	0.9296875	0.1582031	-11.25	10.71875	1.5625	-1.977539	1.449219	1.999023	-28.8125	99.40625	-31.03125	0	0	0	0	0	0	119.9138	41.60671	180	180	0	180
619.0538	0.03125	0.9296875	0.1582031	-11.25	10.71875	1.5625	-1.977539	1.449219	1.999023	-28.8125	99.40625	-31.03125	0	0	0	0	0	0	119.9138	41.60671	180	180	0	180
619.0872	0.04980469	1.142578	0.2548828	-10.28125	15.375	-11.5	-1.977539	1.449219	1.999023	-28.8125	99.40625	-31.03125	0	0	0	0	0	0	121.2472	41.47812	180	180	0	180
619.121	0.04980469	1.142578	0.2548828	-10.28125	15.375	-11.5	-1.977539	1.449219	1.999023	-28.8125	99.40625	-31.03125	0	0	0	0	0	0	121.2472	41.47812	180	180	0	180
619.1544	0.04980469	1.142578	0.2548828	-10.28125	15.375	-11.5	-1.977539	1.449219	1.999023	-28.8125	99.40625	-31.03125	0	0	0	0	0	0	121.2472	41.47812	180	180	0	180
619.1877	0.04980469	1.142578	0.2548828	-10.28125	15.375	-11.5	-1.977539	1.449219	1.999023	-28.8125	99.40625	-31.03125	0	0	0	0	0	0	121.2472	41.47812	180	180	0	180
619.2215	0.04980469	1.142578	0.2548828	-10.28125	15.375	-11.5	-1.977539	1.449219	1.999023	-28.8125	99.40625	-31.03125	0	0	0	0	0	0	121.2472	41.47812	180	180	0	180
619.2545	0.001953125	1.046875	0.1806641	-2.03125	-2.46875	-1.78125	-0.34375	-0.1523438	0.5488281	-10.625	4.6875	3.28125	0	0	0	0	0	0	121.2472	41.47812	180	180	0	180
619.288	0.001953125	1.046875	0.1806641	-2.03125	-2.46875	-1.78125	-0.34375	-0.1523438	0.5488281	-10.625	4.6875	3.28125	0	0	0	0	0	0	119.2698	43.62994	180	180	0	180
619.3215	0.001953125	1.046875	0.1806641	-2.03125	-2.46875	-1.78125	-0.34375	-0.1523438	0.5488281	-10.625	4.6875	3.28125	0	0	0	0	0	0	119.2698	43.62994	180	180	0	180
619.3548	0.001953125	1.046875	0.1806641	-2.03125	-2.46875	-1.78125	-0.4677734	-0.1328125	0.5058594	2.59375	-2.75	-1.53125	0	0	0	0	0	0	119.2698	43.62994	180	180	0	180
619.3882	-0.1914063	0.9316406	0.2910156	-3.3125	-3	-2.40625	-0.4677734	-0.1328125	0.5058594	2.59375	-2.75	-1.53125	0	0	0	0	0	0	119.8816	42.89899	180	180	0	180
619.4219	-0.1914063	0.9316406	0.2910156	-3.3125	-3	-2.40625	-0.3017578	-0.05078125	0.5214844	2.25	0.03125	-1.78125	0	0	0	0	0	0	119.8816	42.89899	180	180	0	180
619.4554	-0.1914063	0.9316406	0.2910156	-3.3125	-3	-2.40625	-0.3017578	-0.05078125	0.5214844	2.25	0.03125	-1.78125	0	0	0	0	0	0	120.1736	42.81578	180	180	0	180
619.489	-0.1914063	0.9316406	0.2910156	-3.3125	-3	-2.40625	-0.4726563	-0.09765625	0.4697266	-0.0625	-1.0625	2	0	0	0	0	0	0	120.1736	42.81578	180	180	0	180
619.5233	-0.1914063	0.9316406	0.2910156	-3.3125	-3	-2.40625	-0.4726563	-0.09765625	0.4697266	-0.0625	-1.0625	2	0	0	0	0	0	0	120.1736	42.81578	180	180	0	180
619.556	-0.1914063	0.9316406	0.2910156	-3.3125	-3	-2.40625	-0.4726563	-0.09765625	0.4697266	-0.0625	-1.0625	2	0	0	0	0	0	0	120.1736	42.81578	180	180	0	180
619.5895	-0.1914063	0.9316406	0.2910156	-3.3125	-3	-2.40625	-0.4726563	-0.09765625	0.4697266	-0.0625	-1.0625	2	0	0	0	0	0	0	119.9198	42.65068	180	180	0	180
619.6232	-0.00390625	0.9257813	0.2089844	-3.90625	-3.3125	-0.1875	-0.4726563	-0.09765625	0.4697266	-0.0625	-1.0625	2	0	0	0	0	0	0	119.9198	42.65068	180	180	0	180
619.6561	-0.00390625	0.9257813	0.2089844	-3.90625	-3.3125	-0.1875	-0.4726563	-0.09765625	0.4697266	-0.0625	-1.0625	2	0	0	0	0	0	0	119.9198	42.65068	180	180	0	180
619.6897	-0.00390625	0.9257813	0.2089844	-3.90625	-3.3125	-0.1875	-0.4726563	-0.09765625	0.4697266	-0.0625	-1.0625	2	0	0	0	0	0	0	119.9198	42.65068	180	180	0	180
619.7231	-0.00390625	0.9257813	0.2089844	-3.90625	-3.3125	-0.1875	-0.4355469	-0.009765625	0.5478516	-0.25	0.15625	0	0	0	0	0	0	0	119.9198	42.65068	180	180	0	180
619.7567	0.03808594	0.9326172	0.3066406	-0.9375	-0.1875	0.46875	-0.4355469	-0.009765625	0.5478516	-0.25	0.15625	0	0	0	0	0	0	0	118.9519	43.06092	180	180	0	180
619.7899	0.03808594	0.9326172	0.3066406	-0.9375	-0.1875	0.46875	-0.4355469	-0.009765625	0.5478516	-0.25	0.15625	0	0	0	0	0	0	0	118.9519	43.06092	180	180	0	180
619.8236	0.03808594	0.9326172	0.3066406	-0.9375	-0.1875	0.46875	-0.4355469	-0.009765625	0.5478516	-0.25	0.15625	0	0	0	0	0	0	0	118.9519	43.06092	180	180	0	180
619.8566	-0.01855469	1.083984	0.2294922	-1	-0.8125	-0.3125	-0.3691406	-0.1240234	0.6230469	0.09375	0.15625	0.34375	0	0	0	0	0	0	118.9519	43.06092	180	180	0	180
619.8902	-0.01855469	1.083984	0.2294922	-1	-0.8125	-0.3125	-0.4941406	-0.0546875	0.5195313	-0.5625	0.90625	0.03125	0	0	0	0	0	0	118.5784	43.40095	180	180	0	180
619.9236	-0.01855469	1.083984	0.2294922	-1	-0.8125	-0.3125	-0.4941406	-0.0546875	0.5195313	-0.5625	0.90625	0.03125	0	0	0	0	0	0	118.5784	43.40095	180	180	0	180
619.9569	-0.01855469	1.083984	0.2294922	-1	-0.8125	-0.3125	-0.4941406	-0.0546875	0.5195313	-0.5625	0.90625	0.03125	0	0	0	0	0	0	118.5784	43.40095	180	180	0	180
619.9901	-0.02832031	0.9228516	0.4287109	0	0.21875	0.09375	-0.4941406	-0.0546875	0.5195313	-0.5625	0.90625	0.03125	0	0	0	0	0	0	118.7918	43.14333	180	180	0	180
620.0239	-0.02832031	0.9228516	0.4287109	0	0.21875	0.09375	-0.3691406	-0.08105469	0.4150391	-0.8125	0.65625	-0.625	0	0	0	0	0	0	118.7918	43.14333	180	180	0	180
620.0571	-0.02832031	0.9228516	0.4287109	0	0.21875	0.09375	-0.3691406	-0.08105469	0.4150391	-0.8125	0.65625	-0.625	0	0	0	0	0	0	118.6982	43.01369	180	180	0	180
620.0908	-0.02832031	0.9228516	0.4287109	0	0.21875	0.09375	-0.3818359	-0.1064453	0.5234375	-0.8125	-1.34375	1.09375	0	0	0	0	0	0	118.6982	43.01369	180	180	0	180
620.1245	-0.02832031	0.9228516	0.4287109	0	0.21875	0.09375	-0.3818359	-0.1064453	0.5234375	-0.8125	-1.34375	1.09375	0	0	0	0	0	0	118.6982	43.01369	180	180	0	180
620.1578	-0.02832031	0.9228516	0.4287109	0	0.21875	0.09375	-0.3818359	-0.1064453	0.5234375	-0.8125	-1.34375	1.09375	0	0	0	0	0	0	118.6982	43.01369	180	180	0	180
620.1906	-0.02832031	0.9228516	0.4287109	0	0.21875	0.09375	-0.3828125	-0.08398438	0.6259766	-0.625	-0.0625	0.03125	0	0	0	0	0	0	118.6982	43.01369	180	180	0	180
620.224	-0.1523438	1.001953	0.2197266	0.78125	0.59375	-0.1875	-0.3828125	-0.08398438	0.6259766	-0.625	-0.0625	0.03125	0	0	0	0	0	0	117.595	43.36114	180	180	0	180
620.2572	-0.1523438	1.001953	0.2197266	0.78125	0.59375	-0.1875	-0.4208984	-0.02148438	0.4550781	0.28125	-1.34375	-0.5	0	0	0	0	0	0	117.595	43.36114	180	180	0	180
620.2908	-0.1523438	1.001953	0.2197266	0.78125	0.59375	-0.1875	-0.4208984	-0.02148438	0.4550781	0.28125	-1.34375	-0.5	0	0	0	0	0	0	117.595	43.36114	180	180	0	180
620.3246	-0.1523438	1.001953	0.2197266	0.78125	0.59375	-0.1875	-0.4208984	-0.02148438	0.4550781	0.28125	-1.34375	-0.5	0	0	0	0	0	0	117.595	43.36114	180	180	0	180
620.3577	-0.1523438	1.001953	0.2197266	0.78125	0.59375	-0.1875	-0.4208984	-0.02148438	0.4550781	0.28125	-1.34375	-0.5	0	0	0	0	0	0	116.9528	43.2884	180	180	0	180
620.3912	-0.1523438	1.001953	0.2197266	0.78125	0.59375	-0.1875	-0.4208984	-0.02148438	0.4550781	0.28125	-1.34375	-0.5	0	0	0	0	0	0	116.9528	43.2884	180	180	0	180
620.4252	-0.1523438	1.001953	0.2197266	0.78125	0.59375	-0.1875	-0.4111328	-0.08007813	0.4482422	-0.125	0.65625	-1.0625	0	0	0	0	0	0	116.9528	43.2884	180	180	0	180
620.4578	0.008789063	0.9482422	0.2880859	-0.125	-0.25	-0.0625	-0.4111328	-0.08007813	0.4482422	-0.125	0.65625	-1.0625	0	0	0	0	0	0	116.9528	43.2884	180	180	0	180
620.4908	0.008789063	0.9482422	0.2880859	-0.125	-0.25	-0.0625	-0.4111328	-0.08007813	0.4482422	-0.125	0.65625	-1.0625	0	0	0	0	0	0	116.9528	43.2884	180	180	0	180
620.5246	0.008789063	0.9482422	0.2880859	-0.125	-0.25	-0.0625	-0.4111328	-0.08007813	0.4482422	-0.125	0.65625	-1.0625	0	0	0	0	0	0	117.1934	43.38073	180	180	0	180
620.558	0.008789063	0.9482422	0.2880859	-0.125	-0.25	-0.0625	-0.3642578	-0.1201172	0.6005859	1.03125	0.53125	-0.8125	0	0	0	0	0	0	117.1934	43.38073	180	180	0	180
620.5912	0.04492188	0.9980469	0.1347656	8.34375	-0.875	2.0625	-0.3642578	-0.1201172	0.6005859	1.03125	0.53125	-0.8125	0	0	0	0	0	0	117.1934	43.38073	180	180	0	180
620.6249	0.04492188	0.9980469	0.1347656	8.34375	-0.875	2.0625	-0.3642578	-0.1201172	0.6005859	1.03125	0.53125	-0.8125	0	0	0	0	0	0	117.1934	43.38073	180	180	0	180
620.6578	0	1.173828	0.3505859	38.75	-6.0625	-0.5	-0.3642578	-0.1201172	0.6005859	1.03125	0.53125	-0.8125	0	0	0	0	0	0	117.1934	43.38073	180	180	0	180
620.6915	0	1.173828	0.3505859	38.75	-6.0625	-0.5	-0.4501953	-0.1123047	0.5791016	13.90625	-6.0625	5	0	0	0	0	0	0	117.1934	43.38073	180	180	0	180
620.7253	0	1.173828	0.3505859	38.75	-6.0625	-0.5	-0.4042969	0.1689453	0.5585938	-1.71875	18.21875	10.59375	0	0	0	0	0	0	117.6299	43.50052	180	180	0	180
620.7584	-0.06835938	1.025391	0.1269531	-18.5	8.21875	-20.875	-0.4042969	0.1689453	0.5585938	-1.71875	18.21875	10.59375	0	0	0	0	0	0	117.6299	43.50052	180	180	0	180
620.7916	-0.06835938	1.025391	0.1269531	-18.5	8.21875	-20.875	-0.4042969	0.1689453	0.5585938	-1.71875	18.21875	10.59375	0	0	0	0	0	0	117.6299	43.50052	180	180	0	180
620.8257	-0.09667969	0.7285156	0.3466797	74.625	3.46875	22.6875	-0.4042969	0.1689453	0.5585938	-1.71875	18.21875	10.59375	0	0	0	0	0	0	116.6843	42.97051	180	180	0	180
620.8591	-0.09667969	0.7285156	0.3466797	74.625	3.46875	22.6875	-0.4042969	0.1689453	0.5585938	-1.71875	18.21875	10.59375	0	0	0	0	0	0	116.6843	42.97051	180	180	0	180
620.893	-0.09667969	0.7285156	0.3466797	74.625	3.46875	22.6875	-0.4042969	0.1689453	0.5585938	-1.71875	18.21875	10.59375	0	0	0	0	0	0	116.6843	42.97051	180	180	0	180
620.9265	-0.09667969	0.7285156	0.3466797	74.625	3.46875	22.6875	-0.5810547	-0.1289063	0.5214844	7.625	0.71875	-7.59375	0	0	0	0	0	0	116.6843	42.97051	180	180	0	180
620.9601	-0.09667969	0.7285156	0.3466797	74.625	3.46875	22.6875	-0.5810547	-0.1289063	0.5214844	7.625	0.71875	-7.59375	0	0	0	0	0	0	116.6843	42.97051	180	180	0	180
620.9941	-0.08007813	0.9179688	0.1943359	92.03125	11.03125	19.53125	-0.5810547	-0.1289063	0.5214844	7.625	0.71875	-7.59375	0	0	0	0	0	0	116.6843	42.97051	180	180	0	180
621.0273	-0.08007813	0.9179688	0.1943359	92.03125	11.03125	19.53125	-0.359375	0.0078125	0.4824219	-0.875	-6.53125	2.5625	0	0	0	0	0	0	117.3375	42.05294	180	180	0	180
621.0607	-0.08007813	0.9179688	0.1943359	92.03125	11.03125	19.53125	-0.359375	0.0078125	0.4824219	-0.875	-6.53125	2.5625	0	0	0	0	0	0	117.3375	42.05294	180	180	0	180
621.0941	-0.08007813	0.9179688	0.1943359	92.03125	11.03125	19.53125	-0.359375	0.0078125	0.4824219	-0.875	-6.53125	2.5625	0	0	0	0	0	0	117.3375	42.05294	180	180	0	180
621.1276	-0.08398438	1.024414	-0.0859375	108.375	-15.53125	29.65625	-0.359375	0.0078125	0.4824219	-0.875	-6.53125	2.5625	0	0	0	0	0	0	117.3375	42.05294	180	180	0	180
621.1607	-0.08398438	1.024414	-0.0859375	108.375	-15.53125	29.65625	-0.4658203	0.02929688	0.8857422	-0.875	8.09375	13.15625	0	0	0	0	0	0	117.3375	42.05294	180	180	0	180
621.1939	0.1269531	0.8144531	-0.6699219	247.7188	-6	52.0625	-0.4658203	0.02929688	0.8857422	-0.875	8.09375	13.15625	0	0	0	0	0	0	110.3947	46.17493	180	180	0	180
621.2277	0.1269531	0.8144531	-0.6699219	247.7188	-6	52.0625	-0.5205078	-0.609375	0.7714844	6.875	54.625	43.5625	0	0	0	0	0	0	110.3947	46.17493	180	180	0	180
621.2606	0.1269531	0.8144531	-0.6699219	247.7188	-6	52.0625	-0.5205078	-0.609375	0.7714844	6.875	54.625	43.5625	0	0	0	0	0	0	110.3947	46.17493	180	180	0	180
621.2942	0.1269531	0.8144531	-0.6699219	247.7188	-6	52.0625	-0.5205078	-0.609375	0.7714844	6.875	54.625	43.5625	0	0	0	0	0	0	110.3947	46.17493	180	180	0	180
621.3276	-0.04003906	1.061523	-0.8144531	94.53125	-3.90625	24.21875	-0.5205078	-0.609375	0.7714844	6.875	54.625	43.5625	0	0	0	0	0	0	110.3947	46.17493	180	180	0	180
621.3606	-0.04003906	1.061523	-0.8144531	94.53125	-3.90625	24.21875	-0.5205078	-0.609375	0.7714844	6.875	54.625	43.5625	0	0	0	0	0	0	98.9182	53.53234	180	180	0	180
621.3941	-0.04003906	1.061523	-0.8144531	94.53125	-3.90625	24.21875	-0.5205078	-0.609375	0.7714844	6.875	54.625	43.5625	0	0	0	0	0	0	98.9182	53.53234	180	180	0	180
621.4279	-0.04003906	1.061523	-0.8144531	94.53125	-3.90625	24.21875	-0.5205078	-0.609375	0.7714844	6.875	54.625	43.5625	0	0	0	0	0	0	98.9182	53.53234	180	180	0	180
621.4608	-0.04003906	1.061523	-0.8144531	94.53125	-3.90625	24.21875	-0.3925781	0.3525391	0.484375	67.3125	7.6875	72.25	0	0	0	0	0	0	98.9182	53.53234	180	180	0	180
621.4941	0.3476563	0.6445313	-0.8320313	49.4375	-13.8125	9.5	-0.3925781	0.3525391	0.484375	67.3125	7.6875	72.25	0	0	0	0	0	0	98.9182	53.53234	180	180	0	180
621.5279	0.3476563	0.6445313	-0.8320313	49.4375	-13.8125	9.5	-0.3925781	0.3525391	0.484375	67.3125	7.6875	72.25	0	0	0	0	0	0	98.9182	53.53234	180	180	0	180
621.5609	0.3476563	0.6445313	-0.8320313	49.4375	-13.8125	9.5	-0.3925781	0.3525391	0.484375	67.3125	7.6875	72.25	0	0	0	0	0	0	94.29644	55.02913	180	180	0	180
621.5943	0.04492188	0.8378906	-0.8242188	3.90625	-9.46875	21.40625	-0.3925781	0.3525391	0.484375	67.3125	7.6875	72.25	0	0	0	0	0	0	94.29644	55.02913	180	180	0	180
621.6278	0.04492188	0.8378906	-0.8242188	3.90625	-9.46875	21.40625	-0.5654297	0.3779297	0.1376953	94.71875	-27.65625	74.09375	0	0	0	0	0	0	94.29644	55.02913	180	180	0	180
621.6611	0.04492188	0.8378906	-0.8242188	3.90625	-9.46875	21.40625	-0.5654297	0.3779297	0.1376953	94.71875	-27.65625	74.09375	0	0	0	0	0	0	88.74849	56.14717	180	180	0	180
621.6943	0.04492188	0.8378906	-0.8242188	3.90625	-9.46875	21.40625	-0.5654297	0.3779297	0.1376953	94.71875	-27.65625	74.09375	0	0	0	0	0	0	88.74849	56.14717	180	180	0	180
621.7283	0.04492188	0.8378906	-0.8242188	3.90625	-9.46875	21.40625	-0.5654297	0.3779297	0.1376953	94.71875	-27.65625	74.09375	0	0	0	0	0	0	88.74849	56.14717	180	180	0	180
621.7613	0.04492188	0.8378906	-0.8242188	3.90625	-9.46875	21.40625	-0.09960938	0.828125	0.1142578	143.5938	-66.84375	42.59375	0	0	0	0	0	0	88.74849	56.14717	180	180	0	180
621.7946	0.2773438	0.875	-0.5068359	-48.65625	45.34375	10.0625	-0.09960938	0.828125	0.1142578	143.5938	-66.84375	42.59375	0	0	0	0	0	0	101.2579	43.65212	180	180	0	180
621.8282	0.2773438	0.875	-0.5068359	-48.65625	45.34375	10.0625	-0.09960938	0.828125	0.1142578	143.5938	-66.84375	42.59375	0	0	0	0	0	0	101.2579	43.65212	180	180	0	180
621.8615	0.2773438	0.875	-0.5068359	-48.65625	45.34375	10.0625	-0.09960938	0.828125	0.1142578	143.5938	-66.84375	42.59375	0	0	0	0	0	0	101.2579	43.65212	180	180	0	180
621.8946	0.2773438	0.875	-0.5068359	-48.65625	45.34375	10.0625	-0.09960938	0.828125	0.1142578	143.5938	-66.84375	42.59375	0	0	0	0	0	0	101.2579	43.65212	180	180	0	180
621.9284	0.2773438	0.875	-0.5068359	-48.65625	45.34375	10.0625	-0.02050781	0.7597656	-0.2626953	136.5938	-11.3125	70.96875	0	0	0	0	0	0	101.2579	43.65212	180	180	0	180
621.9613	0.3271484	0.06835938	-0.4453125	-102.25	21.15625	-36.28125	-0.02050781	0.7597656	-0.2626953	136.5938	-11.3125	70.96875	0	0	0	0	0	0	101.2579	43.65212	180	180	0	180
621.9949	0.3271484	0.06835938	-0.4453125	-102.25	21.15625	-36.28125	-0.3837891	1.128906	-0.03320313	128.3438	16.78125	56	0	0	0	0	0	0	101.2579	43.65212	180	180	0	180
622.0285	0.3271484	0.06835938	-0.4453125	-102.25	21.15625	-36.28125	-0.3837891	1.128906	-0.03320313	128.3438	16.78125	56	0	0	0	0	0	0	133.6537	18.2051	180	180	0	180
622.0625	0.3271484	0.06835938	-0.4453125	-102.25	21.15625	-36.28125	-0.3837891	1.128906	-0.03320313	128.3438	16.78125	56	0	0	0	0	0	0	133.6537	18.2051	180	180	0	180
622.0961	0.3271484	0.06835938	-0.4453125	-102.25	21.15625	-36.28125	-0.3837891	1.128906	-0.03320313	128.3438	16.78125	56	0	0	0	0	0	0	133.6537	18.2051	180	180	0	180
622.1295	0.3271484	0.06835938	-0.4453125	-102.25	21.15625	-36.28125	0.1318359	1.158203	0.7861328	18.84375	-7.59375	5.71875	0	0	0	0	0	0	133.6537	18.2051	180	180	0	180
622.1628	-0.07324219	0.3310547	-0.7373047	-162.5625	58.59375	-76.5625	0.1318359	1.158203	0.7861328	18.84375	-7.59375	5.71875	0	0	0	0	0	0	133.6537	18.2051	180	180	0	180
622.1969	-0.07324219	0.3310547	-0.7373047	-162.5625	58.59375	-76.5625	0.03027344	1.999023	-0.6767578	-161.1563	27.03125	-61.84375	0	0	0	0	0	0	133.6537	18.2051	180	180	0	180
622.2299	-0.07324219	0.3310547	-0.7373047	-162.5625	58.59375	-76.5625	0.03027344	1.999023	-0.6767578	-161.1563	27.03125	-61.84375	0	0	0	0	0	0	133.6537	18.2051	180	180	0	180
622.2632	-0.07324219	0.3310547	-0.7373047	-162.5625	58.59375	-76.5625	0.03027344	1.999023	-0.6767578	-161.1563	27.03125	-61.84375	0	0	0	0	0	0	114.5794	32.99468	180	180	0	180
622.2969	-0.07324219	0.3310547	-0.7373047	-162.5625	58.59375	-76.5625	0.01464844	0.8339844	-0.8232422	-188	52.09375	-61.53125	0	0	0	0	0	0	114.5794	32.99468	180	180	0	180
622.3301	-0.07324219	0.3310547	-0.7373047	-162.5625	58.59375	-76.5625	0.01464844	0.8339844	-0.8232422	-188	52.09375	-61.53125	0	0	0	0	0	0	114.5794	32.99468	180	180	0	180
622.3632	-0.07324219	0.3310547	-0.7373047	-162.5625	58.59375	-76.5625	0.01464844	0.8339844	-0.8232422	-188	52.09375	-61.53125	0	0	0	0	0	0	114.5794	32.99468	180	180	0	180
622.3969	0.2675781	0.3876953	-0.08300781	-48.65625	18.125	-16.9375	0.01464844	0.8339844	-0.8232422	-188	52.09375	-61.53125	0	0	0	0	0	0	112.2163	26.16354	180	180	0	180
622.4301	0.2675781	0.3876953	-0.08300781	-48.65625	18.125	-16.9375	0.9462891	-0.6269531	-0.8759766	-67.53125	38.4375	7.5	0	0	0	0	0	0	112.2163	26.16354	180	180	0	180
622.4633	-0.2177734	1.490234	-0.1914063	-82.28125	32.75	-9.90625	0.9462891	-0.6269531	-0.8759766	-67.53125	38.4375	7.5	0	0	0	0	0	0	109.9798	20.67333	180	180	0	180
622.4967	-0.2177734	1.490234	-0.1914063	-82.28125	32.75	-9.90625	0.9462891	-0.6269531	-0.8759766	-67.53125	38.4375	7.5	0	0	0	0	0	0	109.9798	20.67333	180	180	0	180
622.5302	-0.2177734	1.490234	-0.1914063	-82.28125	32.75	-9.90625	-2	1.37793	1.037109	41.90625	80.375	-46.15625	0	0	0	0	0	0	109.9798	20.67333	180	180	0	180
622.5632	-0.2177734	1.490234	-0.1914063	-82.28125	32.75	-9.90625	-2	1.37793	1.037109	41.90625	80.375	-46.15625	0	0	0	0	0	0	108.5613	17.48085	180	180	0	180
622.5968	-0.2177734	1.490234	-0.1914063	-82.28125	32.75	-9.90625	-2	1.37793	1.037109	41.90625	80.375	-46.15625	0	0	0	0	0	0	108.5613	17.48085	180	180	0	180
622.6302	0.34375	1.899414	-0.7226563	38.1875	-18.09375	14.375	-2	1.37793	1.037109	41.90625	80.375	-46.15625	0	0	0	0	0	0	108.5613	17.48085	180	180	0	180
622.6633	0.34375	1.899414	-0.7226563	38.1875	-18.09375	14.375	0.5136719	1.5	-0.4716797	112.9688	-223.8438	-4.78125	0	0	0	0	0	0	108.5613	17.48085	180	180	0	180
622.6968	0.1972656	1.886719	-0.359375	96.78125	-63.96875	18.78125	0.5136719	1.5	-0.4716797	112.9688	-223.8438	-4.78125	0	0	0	0	0	0	108.5613	17.48085	180	180	0	180
622.7303	0.1972656	1.886719	-0.359375	96.78125	-63.96875	18.78125	0.4599609	0.9296875	-0.2753906	143.7813	17.125	64	0	0	0	0	0	0	108.5613	17.48085	180	180	0	180
622.7633	0.1972656	1.886719	-0.359375	96.78125	-63.96875	18.78125	0.4599609	0.9296875	-0.2753906	143.7813	17.125	64	0	0	0	0	0	0	125.7043	11.10658	180	180	0	180
622.7969	-0.04589844	0.5449219	-0.1455078	-24.90625	9.09375	6.5	-0.1464844	0.8251953	-0.2480469	132.25	-26.5625	43.625	0	0	0	0	0	0	125.7043	11.10658	180	180	0	180
622.8303	-0.04589844	0.5449219	-0.1455078	-24.90625	9.09375	6.5	-0.08691406	1.030273	0.046875	96.0625	-34.1875	30.8125	0	0	0	0	0	0	125.7043	11.10658	180	180	0	180
622.8635	-0.04589844	0.5449219	-0.1455078	-24.90625	9.09375	6.5	-0.08691406	1.030273	0.046875	96.0625	-34.1875	30.8125	0	0	0	0	0	0	125.7043	11.10658	180	180	0	180
622.8975	-0.04589844	0.5449219	-0.1455078	-24.90625	9.09375	6.5	-0.08691406	1.030273	0.046875	96.0625	-34.1875	30.8125	0	0	0	0	0	0	125.7043	11.10658	180	180	0	180
622.931	-0.04589844	0.5449219	-0.1455078	-24.90625	9.09375	6.5	-0.08691406	1.030273	0.046875	96.0625	-34.1875	30.8125	0	0	0	0	0	0	150.186	6.388099	166.8918	180	0	180
622.9638	-0.04589844	0.5449219	-0.1455078	-24.90625	9.09375	6.5	-0.4443359	1.329102	0.3457031	36.125	-85.34375	21.84375	0	0	0	0	0	0	150.186	6.388099	166.8918	180	0	180
622.998	-0.04589844	0.5449219	-0.1455078	-24.90625	9.09375	6.5	-0.4443359	1.329102	0.3457031	36.125	-85.34375	21.84375	0	0	0	0	0	0	154.5142	15.20952	168.6677	180	0	180
623.0311	-0.04589844	0.5449219	-0.1455078	-24.90625	9.09375	6.5	-0.4443359	1.329102	0.3457031	36.125	-85.34375	21.84375	0	0	0	0	0	0	154.5142	15.20952	168.6677	180	0	180
623.0641	-0.04589844	0.5449219	-0.1455078	-24.90625	9.09375	6.5	-0.4443359	1.329102	0.3457031	36.125	-85.34375	21.84375	0	0	0	0	0	0	154.5142	15.20952	168.6677	180	0	180
623.0978	-0.04589844	0.5449219	-0.1455078	-24.90625	9.09375	6.5	-0.4443359	1.329102	0.3457031	36.125	-85.34375	21.84375	0	0	0	0	0	0	154.5142	15.20952	168.6677	180	0	180
623.1312	-0.04589844	0.5449219	-0.1455078	-24.90625	9.09375	6.5	-0.4443359	1.329102	0.3457031	36.125	-85.34375	21.84375	0	0	0	0	0	0	154.5142	15.20952	168.6677	180	0	180
623.1825	-0.08300781	1.796875	-0.9033203	33.8125	-4.59375	24.21875	-0.4443359	1.329102	0.3457031	36.125	-85.34375	21.84375	0	0	0	0	0	0	154.5142	15.20952	168.6677	180	0	180
623.1843	-0.08300781	1.796875	-0.9033203	33.8125	-4.59375	24.21875	-0.4443359	1.329102	0.3457031	36.125	-85.34375	21.84375	0	0	0	0	0	0	154.5142	15.20952	168.6677	180	0	180
623.2162	-0.08300781	1.796875	-0.9033203	33.8125	-4.59375	24.21875	0.8925781	1.999023	-1.607422	-171.0938	-30.09375	-40.125	0	0	0	0	0	0	154.5142	15.20952	168.6677	180	0	180
623.2497	-0.08300781	1.796875	-0.9033203	33.8125	-4.59375	24.21875	0.3691406	0.8574219	-1.172852	-192.6563	82.9375	-37.625	0	0	0	0	0	0	148.3688	19.29793	180	180	0	180
623.2839	0.4521484	0.6044922	0.05175781	-10.5625	26.15625	-3.5625	0.3691406	0.8574219	-1.172852	-192.6563	82.9375	-37.625	0	0	0	0	0	0	148.3688	19.29793	180	180	0	180
623.3172	0.4521484	0.6044922	0.05175781	-10.5625	26.15625	-3.5625	0.3691406	0.8574219	-1.172852	-192.6563	82.9375	-37.625	0	0	0	0	0	0	148.3688	19.29793	180	180	0	180
623.3507	0.4521484	0.6044922	0.05175781	-10.5625	26.15625	-3.5625	0.3691406	0.8574219	-1.172852	-192.6563	82.9375	-37.625	0	0	0	0	0	0	130.1523	18.7963	180	180	0	180
623.3839	0.4521484	0.6044922	0.05175781	-10.5625	26.15625	-3.5625	0.3691406	0.8574219	-1.172852	-192.6563	82.9375	-37.625	0	0	0	0	0	0	130.1523	18.7963	180	180	0	180
623.4173	-0.2421875	0.9511719	-0.1796875	-65.5	36.71875	-33.59375	0.3691406	0.8574219	-1.172852	-192.6563	82.9375	-37.625	0	0	0	0	0	0	130.1523	18.7963	180	180	0	180
623.4504	-0.2421875	0.9511719	-0.1796875	-65.5	36.71875	-33.59375	0.3691406	0.8574219	-1.172852	-192.6563	82.9375	-37.625	0	0	0	0	0	0	130.1523	18.7963	180	180	0	180
623.4842	-0.2421875	0.9511719	-0.1796875	-65.5	36.71875	-33.59375	-0.6152344	1.779297	0.4277344	-70.09375	-244.2188	-10.5625	0	0	0	0	0	0	130.1523	18.7963	180	180	0	180
623.5176	0.4921875	1.50293	-0.6699219	-7.15625	9.03125	-29	-0.6152344	1.779297	0.4277344	-70.09375	-244.2188	-10.5625	0	0	0	0	0	0	130.1523	18.7963	180	180	0	180
623.551	0.4921875	1.50293	-0.6699219	-7.15625	9.03125	-29	-0.6152344	1.779297	0.4277344	-70.09375	-244.2188	-10.5625	0	0	0	0	0	0	130.1523	18.7963	180	180	0	180
623.5843	0.4921875	1.50293	-0.6699219	-7.15625	9.03125	-29	-0.6152344	1.779297	0.4277344	-70.09375	-244.2188	-10.5625	0	0	0	0	0	0	130.1523	18.7963	180	180	0	180
623.618	0.4921875	1.50293	-0.6699219	-7.15625	9.03125	-29	0.0703125	1.057617	-0.828125	67.0625	24.8125	11.9375	0	0	0	0	0	0	130.1523	18.7963	180	180	0	180
623.651	0.4921875	1.50293	-0.6699219	-7.15625	9.03125	-29	0.0703125	1.057617	-0.828125	67.0625	24.8125	11.9375	0	0	0	0	0	0	144.0738	11.49409	167.4239	180	0	180
623.6846	0.4921875	1.50293	-0.6699219	-7.15625	9.03125	-29	0.0703125	1.057617	-0.828125	67.0625	24.8125	11.9375	0	0	0	0	0	0	144.0738	11.49409	167.4239	180	0	180
623.7176	0.1972656	0.8574219	-0.09570313	0.15625	20.625	7.25	0.0703125	1.057617	-0.828125	67.0625	24.8125	11.9375	0	0	0	0	0	0	144.0738	11.49409	167.4239	180	0	180
623.7512	0.1972656	0.8574219	-0.09570313	0.15625	20.625	7.25	0.05859375	0.9492188	0.2001953	112.0938	17.9375	22.09375	0	0	0	0	0	0	144.0738	11.49409	167.4239	180	0	180
623.7846	0.1972656	0.8574219	-0.09570313	0.15625	20.625	7.25	0.05859375	0.9492188	0.2001953	112.0938	17.9375	22.09375	0	0	0	0	0	0	144.0738	11.49409	167.4239	180	0	180
623.8181	0.1171875	0.71875	-0.05273438	-40.375	53.6875	-20.53125	0.05859375	0.9492188	0.2001953	112.0938	17.9375	22.09375	0	0	0	0	0	0	144.0738	11.49409	167.4239	180	0	180
623.8513	0.1171875	0.71875	-0.05273438	-40.375	53.6875	-20.53125	0.05859375	0.9492188	0.2001953	112.0938	17.9375	22.09375	0	0	0	0	0	0	144.0738	11.49409	167.4239	180	0	180
623.8851	-0.05175781	1.145508	-0.4335938	14.75	1.375	-19.78125	0.05859375	0.9492188	0.2001953	112.0938	17.9375	22.09375	0	0	0	0	0	0	157.4242	1.233925	151.9807	180	0	180
623.9188	-0.05175781	1.145508	-0.4335938	14.75	1.375	-19.78125	-1.417969	1.013672	0.7373047	-19	-9.78125	-40.84375	0	0	0	0	0	0	157.4242	1.233925	151.9807	180	0	180
623.9521	-0.05175781	1.145508	-0.4335938	14.75	1.375	-19.78125	-1.417969	1.013672	0.7373047	-19	-9.78125	-40.84375	0	0	0	0	0	0	163.4142	9.260886	154.9842	180	0	180
623.9857	-0.05175781	1.145508	-0.4335938	14.75	1.375	-19.78125	1.608398	1.999023	-0.8046875	-183.5938	160.5625	10.65625	0	0	0	0	0	0	163.4142	9.260886	154.9842	180	0	180
624.019	-0.05175781	1.145508	-0.4335938	14.75	1.375	-19.78125	1.608398	1.999023	-0.8046875	-183.5938	160.5625	10.65625	0	0	0	0	0	0	163.4142	9.260886	154.9842	180	0	180
624.0521	-0.05175781	1.145508	-0.4335938	14.75	1.375	-19.78125	1.608398	1.999023	-0.8046875	-183.5938	160.5625	10.65625	0	0	0	0	0	0	163.4142	9.260886	154.9842	180	0	180
624.0856	0.08496094	0.9277344	-0.3007813	-1.96875	155.3125	-24.84375	0.3203125	-0.1708984	-1.97168	31.34375	334.4063	48.6875	0	0	0	0	0	0	163.4142	9.260886	154.9842	180	0	180
624.1193	0.08496094	0.9277344	-0.3007813	-1.96875	155.3125	-24.84375	0.3203125	-0.1708984	-1.97168	31.34375	334.4063	48.6875	0	0	0	0	0	0	163.4142	9.260886	154.9842	180	0	180
624.1519	0.08496094	0.9277344	-0.3007813	-1.96875	155.3125	-24.84375	0.3203125	-0.1708984	-1.97168	31.34375	334.4063	48.6875	0	0	0	0	0	0	163.4142	9.260886	154.9842	180	0	180
624.1857	0.06933594	0.7714844	-0.05957031	9.03125	204.2813	-20.9375	0.3203125	-0.1708984	-1.97168	31.34375	334.4063	48.6875	0	0	0	0	0	0	127.4535	354.924	167.1391	180	0	180
624.2197	0.06933594	0.7714844	-0.05957031	9.03125	204.2813	-20.9375	0.3203125	-0.1708984	-1.97168	31.34375	334.4063	48.6875	0	0	0	0	0	0	127.4535	354.924	167.1391	180	0	180
624.2529	0.06933594	0.7714844	-0.05957031	9.03125	204.2813	-20.9375	0.3203125	-0.1708984	-1.97168	31.34375	334.4063	48.6875	0	0	0	0	0	0	127.4535	354.924	167.1391	180	0	180
624.2865	0.06933594	0.7714844	-0.05957031	9.03125	204.2813	-20.9375	-2	0.6796875	0.2890625	-131.7813	8.65625	-2.21875	0	0	0	0	0	0	127.4535	354.924	167.1391	180	0	180
624.3198	0.06933594	0.7714844	-0.05957031	9.03125	204.2813	-20.9375	-2	0.6796875	0.2890625	-131.7813	8.65625	-2.21875	0	0	0	0	0	0	127.4535	354.924	167.1391	180	0	180
624.3536	0.06933594	0.7714844	-0.05957031	9.03125	204.2813	-20.9375	-2	0.6796875	0.2890625	-131.7813	8.65625	-2.21875	0	0	0	0	0	0	127.4535	354.924	167.1391	180	0	180
624.3865	0.06933594	0.7714844	-0.05957031	9.03125	204.2813	-20.9375	1.999023	0.9853516	-0.8945313	37.21875	-64.40625	10.3125	0	0	0	0	0	0	127.4535	354.924	167.1391	180	0	180
624.4201	0.4853516	0.9511719	-0.7851563	117.2188	103.1875	-19.71875	1.999023	0.9853516	-0.8945313	37.21875	-64.40625	10.3125	0	0	0	0	0	0	138.0949	12.94342	163.7989	180	0	180
624.4534	0.4853516	0.9511719	-0.7851563	117.2188	103.1875	-19.71875	0.3300781	1.011719	-0.3447266	47.09375	79.28125	18.84375	0	0	0	0	0	0	138.0949	12.94342	163.7989	180	0	180
624.4869	0.4853516	0.9511719	-0.7851563	117.2188	103.1875	-19.71875	0.3300781	1.011719	-0.3447266	47.09375	79.28125	18.84375	0	0	0	0	0	0	138.0949	12.94342	163.7989	180	0	180
624.5209	0.4853516	0.9511719	-0.7851563	117.2188	103.1875	-19.71875	-0.07714844	0.9990234	-0.5351563	85.125	101.5625	27.15625	0	0	0	0	0	0	138.0949	12.94342	163.7989	180	0	180
624.554	0.4853516	0.9511719	-0.7851563	117.2188	103.1875	-19.71875	-0.07714844	0.9990234	-0.5351563	85.125	101.5625	27.15625	0	0	0	0	0	0	149.247	5.123301	169.8919	180	0	180
624.5875	0.4853516	0.9511719	-0.7851563	117.2188	103.1875	-19.71875	-0.07714844	0.9990234	-0.5351563	85.125	101.5625	27.15625	0	0	0	0	0	0	149.247	5.123301	169.8919	180	0	180
624.6212	0.1923828	0.5810547	-0.3789063	19.03125	135	-39.125	-0.07714844	0.9990234	-0.5351563	85.125	101.5625	27.15625	0	0	0	0	0	0	149.247	5.123301	169.8919	180	0	180
624.6543	0.04296875	0.9306641	-0.02050781	-5.21875	78.21875	-60.0625	-0.3007813	1.267578	0.265625	41.96875	72.0625	-10.75	0	0	0	0	0	0	149.247	5.123301	169.8919	180	0	180
624.6879	0.04296875	0.9306641	-0.02050781	-5.21875	78.21875	-60.0625	-0.3007813	1.267578	0.265625	41.96875	72.0625	-10.75	0	0	0	0	0	0	149.247	5.123301	169.8919	180	0	180
624.7211	0.5839844	0.3671875	-0.5166016	-7.46875	84.34375	-40.84375	-0.3007813	1.267578	0.265625	41.96875	72.0625	-10.75	0	0	0	0	0	0	153.0173	31.35939	176.3603	180	0	180
624.7543	0.5839844	0.3671875	-0.5166016	-7.46875	84.34375	-40.84375	-0.3007813	1.267578	0.265625	41.96875	72.0625	-10.75	0	0	0	0	0	0	153.0173	31.35939	176.3603	180	0	180
624.7882	0.5839844	0.3671875	-0.5166016	-7.46875	84.34375	-40.84375	-0.3007813	1.267578	0.265625	41.96875	72.0625	-10.75	0	0	0	0	0	0	153.0173	31.35939	176.3603	180	0	180
624.8218	0.5839844	0.3671875	-0.5166016	-7.46875	84.34375	-40.84375	-0.3007813	1.267578	0.265625	41.96875	72.0625	-10.75	0	0	0	0	0	0	153.0173	31.35939	176.3603	180	0	180
624.8549	0.3369141	0.8339844	-0.5244141	-47.9375	160.6875	-55.4375	-0.3007813	1.267578	0.265625	41.96875	72.0625	-10.75	0	0	0	0	0	0	153.0173	31.35939	176.3603	180	0	180
624.8883	0.3369141	0.8339844	-0.5244141	-47.9375	160.6875	-55.4375	-0.3007813	1.267578	0.265625	41.96875	72.0625	-10.75	0	0	0	0	0	0	153.0173	31.35939	176.3603	180	0	180
624.9222	0.3369141	0.8339844	-0.5244141	-47.9375	160.6875	-55.4375	-0.3007813	1.267578	0.265625	41.96875	72.0625	-10.75	0	0	0	0	0	0	153.0173	31.35939	176.3603	180	0	180
624.9548	0.3369141	0.8339844	-0.5244141	-47.9375	160.6875	-55.4375	-0.3007813	1.267578	0.265625	41.96875	72.0625	-10.75	0	0	0	0	0	0	153.0173	31.35939	176.3603	180	0	180
624.988	0.3369141	0.8339844	-0.5244141	-47.9375	160.6875	-55.4375	-0.3007813	1.267578	0.265625	41.96875	72.0625	-10.75	0	0	0	0	0	0	153.0173	31.35939	176.3603	180	0	180
625.0222	0.1328125	0.9707031	-0.03320313	-24.5	98.0625	-31.875	-0.3007813	1.267578	0.265625	41.96875	72.0625	-10.75	0	0	0	0	0	0	153.0173	31.35939	176.3603	180	0	180
625.055	0.1328125	0.9707031	-0.03320313	-24.5	98.0625	-31.875	-0.7109375	1.046875	0.3164063	-56.90625	5.65625	-4.21875	0	0	0	0	0	0	153.0173	31.35939	176.3603	180	0	180
625.0887	0.1328125	0.9707031	-0.03320313	-24.5	98.0625	-31.875	-0.7109375	1.046875	0.3164063	-56.90625	5.65625	-4.21875	0	0	0	0	0	0	153.0173	31.35939	176.3603	180	0	180
625.1228	0.1328125	0.9707031	-0.03320313	-24.5	98.0625	-31.875	-0.7109375	1.046875	0.3164063	-56.90625	5.65625	-4.21875	0	0	0	0	0	0	136.5575	332.6467	130.8629	180	0	180
625.1556	-0.0234375	1.316406	-0.3085938	-9.15625	68.28125	-22.96875	-0.7109375	1.046875	0.3164063	-56.90625	5.65625	-4.21875	0	0	0	0	0	0	136.5575	332.6467	130.8629	180	0	180
625.189	-0.0234375	1.316406	-0.3085938	-9.15625	68.28125	-22.96875	0.01953125	-0.3037109	-2	23.25	-145.1563	39.40625	0	0	0	0	0	0	136.5575	332.6467	130.8629	180	0	180
625.2229	-0.0234375	1.316406	-0.3085938	-9.15625	68.28125	-22.96875	0.01953125	-0.3037109	-2	23.25	-145.1563	39.40625	0	0	0	0	0	0	136.5575	332.6467	130.8629	180	0	180
625.2557	-0.0234375	1.316406	-0.3085938	-9.15625	68.28125	-22.96875	0.01953125	-0.3037109	-2	23.25	-145.1563	39.40625	0	0	0	0	0	0	136.5575	332.6467	130.8629	180	0	180
625.2896	-0.0234375	1.316406	-0.3085938	-9.15625	68.28125	-22.96875	0.08105469	0.9882813	-0.5185547	103.3125	15.65625	45.40625	0	0	0	0	0	0	136.5575	332.6467	130.8629	180	0	180
625.3234	0.2714844	1.483398	-0.3759766	40.75	-0.1875	-3.625	0.08105469	0.9882813	-0.5185547	103.3125	15.65625	45.40625	0	0	0	0	0	0	135.2111	357.6016	147.0764	180	0	180
625.3563	0.2714844	1.483398	-0.3759766	40.75	-0.1875	-3.625	0.08105469	0.9882813	-0.5185547	103.3125	15.65625	45.40625	0	0	0	0	0	0	135.2111	357.6016	147.0764	180	0	180
625.3906	0.2714844	1.483398	-0.3759766	40.75	-0.1875	-3.625	0.08105469	0.9882813	-0.5185547	103.3125	15.65625	45.40625	0	0	0	0	0	0	135.2111	357.6016	147.0764	180	0	180
625.4243	0.2714844	1.483398	-0.3759766	40.75	-0.1875	-3.625	0.08105469	0.9882813	-0.5185547	103.3125	15.65625	45.40625	0	0	0	0	0	0	135.2111	357.6016	147.0764	180	0	180
625.4572	0.2714844	1.483398	-0.3759766	40.75	-0.1875	-3.625	0.08105469	0.9882813	-0.5185547	103.3125	15.65625	45.40625	0	0	0	0	0	0	135.2111	357.6016	147.0764	180	0	180
625.4909	0.2714844	1.483398	-0.3759766	40.75	-0.1875	-3.625	0.1660156	0.9199219	-0.2851563	107.4063	8.40625	23.78125	0	0	0	0	0	0	135.2111	357.6016	147.0764	180	0	180
625.5247	0.2714844	1.483398	-0.3759766	40.75	-0.1875	-3.625	-0.4189453	1.173828	-0.2949219	62.59375	-35.28125	29.71875	0	0	0	0	0	0	135.2111	357.6016	147.0764	180	0	180
625.5574	-0.01757813	0.828125	0.000976563	-17.65625	44.78125	-31.3125	-0.4189453	1.173828	-0.2949219	62.59375	-35.28125	29.71875	0	0	0	0	0	0	135.2111	357.6016	147.0764	180	0	180
625.5908	-0.01757813	0.828125	0.000976563	-17.65625	44.78125	-31.3125	-0.4189453	1.173828	-0.2949219	62.59375	-35.28125	29.71875	0	0	0	0	0	0	135.2111	357.6016	147.0764	180	0	180
625.6245	0.1162109	1.724609	0.1005859	-12.84375	-16	-33.15625	-0.4189453	1.173828	-0.2949219	62.59375	-35.28125	29.71875	0	0	0	0	0	0	121.5264	20.87499	180	180	0	180
625.6575	0.1162109	1.724609	0.1005859	-12.84375	-16	-33.15625	-0.4189453	1.173828	-0.2949219	62.59375	-35.28125	29.71875	0	0	0	0	0	0	121.5264	20.87499	180	180	0	180
625.6907	0.1162109	1.724609	0.1005859	-12.84375	-16	-33.15625	-0.4189453	1.173828	-0.2949219	62.59375	-35.28125	29.71875	0	0	0	0	0	0	121.5264	20.87499	180	180	0	180
625.7251	0.1162109	1.724609	0.1005859	-12.84375	-16	-33.15625	-0.3173828	1.65332	0.8330078	-51.71875	43.125	-80.65625	0	0	0	0	0	0	121.5264	20.87499	180	180	0	180
625.7575	0.1162109	1.724609	0.1005859	-12.84375	-16	-33.15625	-0.3173828	1.65332	0.8330078	-51.71875	43.125	-80.65625	0	0	0	0	0	0	121.5264	20.87499	180	180	0	180
625.791	0.1162109	1.724609	0.1005859	-12.84375	-16	-33.15625	-0.3173828	1.65332	0.8330078	-51.71875	43.125	-80.65625	0	0	0	0	0	0	121.5264	20.87499	180	180	0	180
625.825	0.1162109	1.724609	0.1005859	-12.84375	-16	-33.15625	-0.359375	1.924805	-0.9570313	-179.6875	166.1875	-32.90625	0	0	0	0	0	0	133.5009	15.95407	160.2275	180	0	180
625.8583	0.1162109	1.724609	0.1005859	-12.84375	-16	-33.15625	-0.359375	1.924805	-0.9570313	-179.6875	166.1875	-32.90625	0	0	0	0	0	0	133.5009	15.95407	160.2275	180	0	180
625.8912	0.1162109	1.724609	0.1005859	-12.84375	-16	-33.15625	-0.359375	1.924805	-0.9570313	-179.6875	166.1875	-32.90625	0	0	0	0	0	0	133.5009	15.95407	160.2275	180	0	180
625.9248	0.09863281	1.154297	-0.3369141	-51.09375	68.40625	-18.875	-0.359375	1.924805	-0.9570313	-179.6875	166.1875	-32.90625	0	0	0	0	0	0	133.5009	15.95407	160.2275	180	0	180
625.958	0.09863281	1.154297	-0.3369141	-51.09375	68.40625	-18.875	0.4404297	-0.3378906	-1.105469	0.71875	55.09375	5.21875	0	0	0	0	0	0	133.5009	15.95407	160.2275	180	0	180
625.9915	0.09863281	1.154297	-0.3369141	-51.09375	68.40625	-18.875	0.4404297	-0.3378906	-1.105469	0.71875	55.09375	5.21875	0	0	0	0	0	0	137.6352	356.768	165.201	180	0	180
626.0252	0.09863281	1.154297	-0.3369141	-51.09375	68.40625	-18.875	-2	0.2724609	0.4726563	-13.6875	-67.53125	-22.0625	0	0	0	0	0	0	144.7519	352.7583	164.5763	180	0	180
626.0579	0.09863281	1.154297	-0.3369141	-51.09375	68.40625	-18.875	-2	0.2724609	0.4726563	-13.6875	-67.53125	-22.0625	0	0	0	0	0	0	144.7519	352.7583	164.5763	180	0	180
626.0916	0.09863281	1.154297	-0.3369141	-51.09375	68.40625	-18.875	-2	0.2724609	0.4726563	-13.6875	-67.53125	-22.0625	0	0	0	0	0	0	144.7519	352.7583	164.5763	180	0	180
626.1257	0.1728516	0.9052734	0.078125	-12.34375	36	-4.78125	-2	0.2724609	0.4726563	-13.6875	-67.53125	-22.0625	0	0	0	0	0	0	144.7519	352.7583	164.5763	180	0	180
626.1581	0.1728516	0.9052734	0.078125	-12.34375	36	-4.78125	-2	0.2724609	0.4726563	-13.6875	-67.53125	-22.0625	0	0	0	0	0	0	144.7519	352.7583	164.5763	180	0	180
626.192	0.1728516	0.9052734	0.078125	-12.34375	36	-4.78125	0.1503906	0.04980469	-1.849609	67.25	-145.1563	56.9375	0	0	0	0	0	0	144.7519	352.7583	164.5763	180	0	180
626.2258	0.1728516	0.9052734	0.078125	-12.34375	36	-4.78125	0.1503906	0.04980469	-1.849609	67.25	-145.1563	56.9375	0	0	0	0	0	0	144.7519	352.7583	164.5763	180	0	180
626.2582	0.1728516	0.9052734	0.078125	-12.34375	36	-4.78125	0.1503906	0.04980469	-1.849609	67.25	-145.1563	56.9375	0	0	0	0	0	0	144.7519	352.7583	164.5763	180	0	180
626.2915	0.1640625	0.7714844	-0.3105469	35.25	5.46875	2.375	0.1503906	0.04980469	-1.849609	67.25	-145.1563	56.9375	0	0	0	0	0	0	144.7519	352.7583	164.5763	180	0	180
626.3259	0.1640625	0.7714844	-0.3105469	35.25	5.46875	2.375	0.5507813	1.000977	-0.1611328	79.34375	86.59375	17.0625	0	0	0	0	0	0	124.875	28.45699	180	180	0	180
626.3582	-0.05761719	0.7177734	-0.03320313	-33.34375	12.875	-6.53125	0.5507813	1.000977	-0.1611328	79.34375	86.59375	17.0625	0	0	0	0	0	0	124.875	28.45699	180	180	0	180
626.3916	-0.05761719	0.7177734	-0.03320313	-33.34375	12.875	-6.53125	0.5507813	1.000977	-0.1611328	79.34375	86.59375	17.0625	0	0	0	0	0	0	124.875	28.45699	180	180	0	180
626.4258	-0.05761719	0.7177734	-0.03320313	-33.34375	12.875	-6.53125	-0.3125	0.8544922	-0.3398438	96.84375	-4.09375	32.8125	0	0	0	0	0	0	123.7957	25.53937	180	180	0	180
626.4584	0.1757813	1.182617	-0.1171875	-35.15625	27.28125	-8.125	-0.3125	0.8544922	-0.3398438	96.84375	-4.09375	32.8125	0	0	0	0	0	0	123.7957	25.53937	180	180	0	180
626.4917	0.1757813	1.182617	-0.1171875	-35.15625	27.28125	-8.125	-0.2324219	1.064453	0.3017578	102.7188	-14.25	41.5	0	0	0	0	0	0	123.7957	25.53937	180	180	0	180
626.5261	0.2880859	0.8125	-0.6416016	-19.59375	-34.25	2	-0.2324219	1.064453	0.3017578	102.7188	-14.25	41.5	0	0	0	0	0	0	116.7108	29.16961	180	180	0	180
626.5585	0.2880859	0.8125	-0.6416016	-19.59375	-34.25	2	-1.09082	1.255859	0.2744141	-102.1875	-126.3125	-135.2188	0	0	0	0	0	0	116.7108	29.16961	180	180	0	180
626.5922	0.2880859	0.8125	-0.6416016	-19.59375	-34.25	2	-1.09082	1.255859	0.2744141	-102.1875	-126.3125	-135.2188	0	0	0	0	0	0	105.9446	32.30656	180	180	0	180
626.6263	0.2880859	0.8125	-0.6416016	-19.59375	-34.25	2	-1.09082	1.255859	0.2744141	-102.1875	-126.3125	-135.2188	0	0	0	0	0	0	105.9446	32.30656	180	180	0	180
626.6589	0.2880859	0.8125	-0.6416016	-19.59375	-34.25	2	-1.09082	1.255859	0.2744141	-102.1875	-126.3125	-135.2188	0	0	0	0	0	0	105.9446	32.30656	180	180	0	180
626.6923	0.2880859	0.8125	-0.6416016	-19.59375	-34.25	2	-1.09082	1.255859	0.2744141	-102.1875	-126.3125	-135.2188	0	0	0	0	0	0	105.9446	32.30656	180	180	0	180
626.7264	0.2880859	0.8125	-0.6416016	-19.59375	-34.25	2	0.2685547	0.5048828	-1.044922	-75.40625	217.3438	11.15625	0	0	0	0	0	0	134.7863	8.490746	170.8439	180	0	180
626.7592	0.1337891	1.075195	-0.1523438	33.625	4.0625	-16.8125	0.2685547	0.5048828	-1.044922	-75.40625	217.3438	11.15625	0	0	0	0	0	0	134.7863	8.490746	170.8439	180	0	180
626.7923	0.1337891	1.075195	-0.1523438	33.625	4.0625	-16.8125	0.2685547	0.5048828	-1.044922	-75.40625	217.3438	11.15625	0	0	0	0	0	0	134.7863	8.490746	170.8439	180	0	180
626.8268	-0.08398438	0.8212891	-0.0390625	-3.96875	41.65625	-11.90625	0.2685547	0.5048828	-1.044922	-75.40625	217.3438	11.15625	0	0	0	0	0	0	134.7863	8.490746	170.8439	180	0	180
626.8592	-0.08398438	0.8212891	-0.0390625	-3.96875	41.65625	-11.90625	-0.1962891	1.073242	0.1826172	28.65625	136.0313	12.9375	0	0	0	0	0	0	134.7863	8.490746	170.8439	180	0	180
626.8925	-0.08398438	0.8212891	-0.0390625	-3.96875	41.65625	-11.90625	-0.1962891	1.073242	0.1826172	28.65625	136.0313	12.9375	0	0	0	0	0	0	130.5903	4.571646	180	180	0	180
626.9268	-0.08398438	0.8212891	-0.0390625	-3.96875	41.65625	-11.90625	-1.462891	0.3369141	-0.078125	12	-60.75	41.84375	0	0	0	0	0	0	132.6886	3.065201	180	180	0	180
626.9591	0.3222656	1.077148	-0.2529297	2.90625	59.8125	-7.46875	-1.462891	0.3369141	-0.078125	12	-60.75	41.84375	0	0	0	0	0	0	132.6886	3.065201	180	180	0	180
626.993	0.3222656	1.077148	-0.2529297	2.90625	59.8125	-7.46875	-1.462891	0.3369141	-0.078125	12	-60.75	41.84375	0	0	0	0	0	0	132.6886	3.065201	180	180	0	180
627.0275	0.3222656	1.077148	-0.2529297	2.90625	59.8125	-7.46875	0.140625	0.6757813	-0.7998047	38.75	-76.375	10	0	0	0	0	0	0	120.8935	29.1822	180	180	0	180
627.0599	-0.1298828	1.413086	-0.078125	15.5	48.03125	-15.625	0.140625	0.6757813	-0.7998047	38.75	-76.375	10	0	0	0	0	0	0	120.8935	29.1822	180	180	0	180
627.0936	-0.1298828	1.413086	-0.078125	15.5	48.03125	-15.625	0.3535156	1.00293	-0.2958984	53.875	77.5	11.8125	0	0	0	0	0	0	120.8935	29.1822	180	180	0	180
627.1277	-0.1298828	1.413086	-0.078125	15.5	48.03125	-15.625	0.3535156	1.00293	-0.2958984	53.875	77.5	11.8125	0	0	0	0	0	0	116.8927	32.68423	180	180	0	180
627.1606	-0.1298828	1.413086	-0.078125	15.5	48.03125	-15.625	0.3535156	1.00293	-0.2958984	53.875	77.5	11.8125	0	0	0	0	0	0	116.8927	32.68423	180	180	0	180
627.1938	-0.1298828	1.413086	-0.078125	15.5	48.03125	-15.625	0.3535156	1.00293	-0.2958984	53.875	77.5	11.8125	0	0	0	0	0	0	116.8927	32.68423	180	180	0	180
627.2278	-0.1298828	1.413086	-0.078125	15.5	48.03125	-15.625	0.1923828	0.8544922	-0.3662109	74.09375	84.875	17.1875	0	0	0	0	0	0	116.8927	32.68423	180	180	0	180
627.2604	0.2978516	1.223633	-0.05859375	-4.90625	90.5625	-27.0625	0.1923828	0.8544922	-0.3662109	74.09375	84.875	17.1875	0	0	0	0	0	0	116.8927	32.68423	180	180	0	180
627.2946	0.2978516	1.223633	-0.05859375	-4.90625	90.5625	-27.0625	-0.5488281	1.055664	0.3125	11.75	41.625	0.71875	0	0	0	0	0	0	116.8927	32.68423	180	180	0	180
627.3283	0.2978516	1.223633	-0.05859375	-4.90625	90.5625	-27.0625	-0.5488281	1.055664	0.3125	11.75	41.625	0.71875	0	0	0	0	0	0	111.8829	36.35454	180	180	0	180
627.3612	0.2978516	1.223633	-0.05859375	-4.90625	90.5625	-27.0625	-0.5488281	1.055664	0.3125	11.75	41.625	0.71875	0	0	0	0	0	0	111.8829	36.35454	180	180	0	180
627.3947	0.2978516	1.223633	-0.05859375	-4.90625	90.5625	-27.0625	-0.125	1.999023	0.671875	-162.125	35.5	-143.5	0	0	0	0	0	0	111.8829	36.35454	180	180	0	180
627.4464	0.1289063	0.8964844	-0.4384766	0.28125	74.21875	-34.4375	-0.125	1.999023	0.671875	-162.125	35.5	-143.5	0	0	0	0	0	0	111.8829	36.35454	180	180	0	180
627.4481	0.1289063	0.8964844	-0.4384766	0.28125	74.21875	-34.4375	-0.125	1.999023	0.671875	-162.125	35.5	-143.5	0	0	0	0	0	0	111.8829	36.35454	180	180	0	180
627.4797	0.08691406	0.6708984	-0.4355469	4.9375	51.125	-26.375	1.135742	1.807617	-0.8867188	-167.9688	271.9063	26.40625	0	0	0	0	0	0	111.8829	36.35454	180	180	0	180
627.5136	0.08691406	0.6708984	-0.4355469	4.9375	51.125	-26.375	1.135742	1.807617	-0.8867188	-167.9688	271.9063	26.40625	0	0	0	0	0	0	154.736	23.69422	180	180	0	180
627.5469	0.08691406	0.6708984	-0.4355469	4.9375	51.125	-26.375	1.135742	1.807617	-0.8867188	-167.9688	271.9063	26.40625	0	0	0	0	0	0	154.736	23.69422	180	180	0	180
627.5807	0.08691406	0.6708984	-0.4355469	4.9375	51.125	-26.375	0.4287109	0.5351563	-1.046875	-56.84375	317.5	63.59375	0	0	0	0	0	0	155.4245	359.9251	180	180	0	180
627.6146	0.08691406	0.6708984	-0.4355469	4.9375	51.125	-26.375	0.4287109	0.5351563	-1.046875	-56.84375	317.5	63.59375	0	0	0	0	0	0	155.4245	359.9251	180	180	0	180
627.6472	0.08691406	0.6708984	-0.4355469	4.9375	51.125	-26.375	0.4287109	0.5351563	-1.046875	-56.84375	317.5	63.59375	0	0	0	0	0	0	155.4245	359.9251	180	180	0	180
627.681	0.008789063	0.953125	-0.2880859	45.40625	151.7813	-27.96875	0.4287109	0.5351563	-1.046875	-56.84375	317.5	63.59375	0	0	0	0	0	0	155.4245	359.9251	180	180	0	180
627.7145	0.008789063	0.953125	-0.2880859	45.40625	151.7813	-27.96875	-2	0.8242188	-1.341797	78.0625	391.0313	73.40625	0	0	0	0	0	0	155.4245	359.9251	180	180	0	180
627.7471	0.008789063	0.953125	-0.2880859	45.40625	151.7813	-27.96875	1.081055	1.999023	0.6972656	1.15625	-93.09375	74.5625	0	0	0	0	0	0	155.4245	359.9251	180	180	0	180
627.7809	-0.09667969	0.7246094	-0.6347656	37.875	167.0938	-20.21875	1.081055	1.999023	0.6972656	1.15625	-93.09375	74.5625	0	0	0	0	0	0	155.4245	359.9251	180	180	0	180
627.8147	-0.09667969	0.7246094	-0.6347656	37.875	167.0938	-20.21875	1.081055	1.999023	0.6972656	1.15625	-93.09375	74.5625	0	0	0	0	0	0	146.1092	10.29373	180	180	0	180
627.847	0.2382813	0.2714844	-0.6757813	55.34375	225.8125	-16.5625	1.081055	1.999023	0.6972656	1.15625	-93.09375	74.5625	0	0	0	0	0	0	146.1092	10.29373	180	180	0	180
627.8815	0.2382813	0.2714844	-0.6757813	55.34375	225.8125	-16.5625	1.081055	1.999023	0.6972656	1.15625	-93.09375	74.5625	0	0	0	0	0	0	153.4169	1.713387	180	180	0	180
627.9149	0.2382813	0.2714844	-0.6757813	55.34375	225.8125	-16.5625	1.081055	1.999023	0.6972656	1.15625	-93.09375	74.5625	0	0	0	0	0	0	153.4169	1.713387	180	180	0	180
627.9476	0.2382813	0.2714844	-0.6757813	55.34375	225.8125	-16.5625	1.081055	1.999023	0.6972656	1.15625	-93.09375	74.5625	0	0	0	0	0	0	153.4169	1.713387	180	180	0	180
627.9814	0.3193359	0.75	-0.6416016	66.4375	55.28125	-33.71875	1.081055	1.999023	0.6972656	1.15625	-93.09375	74.5625	0	0	0	0	0	0	153.4169	1.713387	180	180	0	180
628.0156	0.3193359	0.75	-0.6416016	66.4375	55.28125	-33.71875	0.1943359	1.043945	-0.3017578	-56.78125	0.40625	15.125	0	0	0	0	0	0	153.4169	1.713387	180	180	0	180
628.0477	0.3193359	0.75	-0.6416016	66.4375	55.28125	-33.71875	-0.2011719	0.8935547	-0.1611328	-37.0625	52.0625	10.53125	0	0	0	0	0	0	153.4169	1.713387	180	180	0	180
628.0817	0.3193359	0.75	-0.6416016	66.4375	55.28125	-33.71875	-0.2011719	0.8935547	-0.1611328	-37.0625	52.0625	10.53125	0	0	0	0	0	0	153.4169	1.713387	180	180	0	180
628.1154	0.3193359	0.75	-0.6416016	66.4375	55.28125	-33.71875	-0.1347656	0.9316406	0.0390625	-36.40625	37.75	3.53125	0	0	0	0	0	0	150.668	47.66184	180	180	0	180
628.1481	0.3193359	0.75	-0.6416016	66.4375	55.28125	-33.71875	-0.1347656	0.9316406	0.0390625	-36.40625	37.75	3.53125	0	0	0	0	0	0	150.668	47.66184	180	180	0	180
628.1821	0.3193359	0.75	-0.6416016	66.4375	55.28125	-33.71875	0.1982422	0.9423828	-0.02246094	-38.96875	-2.09375	-0.6875	0	0	0	0	0	0	153.1341	44.80154	180	180	0	180
628.2154	0.3789063	0.4453125	-0.6191406	82.625	-19.25	-6.78125	0.1982422	0.9423828	-0.02246094	-38.96875	-2.09375	-0.6875	0	0	0	0	0	0	153.1341	44.80154	180	180	0	180
628.2479	0.3789063	0.4453125	-0.6191406	82.625	-19.25	-6.78125	0.1982422	0.9423828	-0.02246094	-38.96875	-2.09375	-0.6875	0	0	0	0	0	0	153.1341	44.80154	180	180	0	180
628.2819	0.3789063	0.4453125	-0.6191406	82.625	-19.25	-6.78125	0.1982422	0.9423828	-0.02246094	-38.96875	-2.09375	-0.6875	0	0	0	0	0	0	153.1341	44.80154	180	180	0	180
628.3155	0.2363281	0.9638672	-0.4794922	46.90625	-26.625	-17.71875	0.1982422	0.9423828	-0.02246094	-38.96875	-2.09375	-0.6875	0	0	0	0	0	0	153.1341	44.80154	180	180	0	180
628.3484	0.2363281	0.9638672	-0.4794922	46.90625	-26.625	-17.71875	0.1982422	0.9423828	-0.02246094	-38.96875	-2.09375	-0.6875	0	0	0	0	0	0	153.1341	44.80154	180	180	0	180
628.3822	0.2363281	0.9638672	-0.4794922	46.90625	-26.625	-17.71875	0.1982422	0.9423828	-0.02246094	-38.96875	-2.09375	-0.6875	0	0	0	0	0	0	153.1341	44.80154	180	180	0	180
628.4156	0.2363281	0.9638672	-0.4794922	46.90625	-26.625	-17.71875	-0.2402344	0.6943359	0.5537109	-74.46875	130.8438	-47.125	0	0	0	0	0	0	149.1122	40.18532	180	180	0	180
628.4481	0.2363281	0.9638672	-0.4794922	46.90625	-26.625	-17.71875	-0.2402344	0.6943359	0.5537109	-74.46875	130.8438	-47.125	0	0	0	0	0	0	149.1122	40.18532	180	180	0	180
628.4823	0.2363281	0.9638672	-0.4794922	46.90625	-26.625	-17.71875	-0.4863281	1.474609	0.3535156	-96.375	54.5625	-20.40625	0	0	0	0	0	0	149.1122	40.18532	180	180	0	180
628.5158	-0.1474609	0.02734375	-1.162109	54.84375	48.3125	-16.5625	-0.4863281	1.474609	0.3535156	-96.375	54.5625	-20.40625	0	0	0	0	0	0	149.1122	40.18532	180	180	0	180
628.5484	-0.1474609	0.02734375	-1.162109	54.84375	48.3125	-16.5625	-0.4863281	1.474609	0.3535156	-96.375	54.5625	-20.40625	0	0	0	0	0	0	149.1122	40.18532	180	180	0	180
628.5822	0.3359375	0.6748047	-0.7207031	4.375	-6.96875	-44.625	-0.4863281	1.474609	0.3535156	-96.375	54.5625	-20.40625	0	0	0	0	0	0	149.7154	33.87179	180	180	0	180
628.6162	0.3359375	0.6748047	-0.7207031	4.375	-6.96875	-44.625	-0.4863281	1.474609	0.3535156	-96.375	54.5625	-20.40625	0	0	0	0	0	0	149.7154	33.87179	180	180	0	180
628.6483	0.3359375	0.6748047	-0.7207031	4.375	-6.96875	-44.625	-0.4863281	1.474609	0.3535156	-96.375	54.5625	-20.40625	0	0	0	0	0	0	149.7154	33.87179	180	180	0	180
628.6821	0.3359375	0.6748047	-0.7207031	4.375	-6.96875	-44.625	-0.4863281	1.474609	0.3535156	-96.375	54.5625	-20.40625	0	0	0	0	0	0	149.7154	33.87179	180	180	0	180
628.7158	0.3359375	0.6748047	-0.7207031	4.375	-6.96875	-44.625	-0.2314453	0.6279297	0.4121094	-67.46875	17.25	-26.875	0	0	0	0	0	0	147.4042	34.854	180	180	0	180
628.7491	0.3359375	0.6748047	-0.7207031	4.375	-6.96875	-44.625	-0.2314453	0.6279297	0.4121094	-67.46875	17.25	-26.875	0	0	0	0	0	0	147.4042	34.854	180	180	0	180
628.7829	0.3359375	0.6748047	-0.7207031	4.375	-6.96875	-44.625	-0.2314453	0.6279297	0.4121094	-67.46875	17.25	-26.875	0	0	0	0	0	0	147.4042	34.854	180	180	0	180
628.8162	0.1689453	0.5839844	-1.015625	-32.4375	-14.0625	-28.6875	-0.2314453	0.6279297	0.4121094	-67.46875	17.25	-26.875	0	0	0	0	0	0	147.4042	34.854	180	180	0	180
628.8494	0.1689453	0.5839844	-1.015625	-32.4375	-14.0625	-28.6875	-0.5537109	0.296875	0.25	-48.90625	4.875	-47.5625	0	0	0	0	0	0	147.4042	34.854	180	180	0	180
628.8838	0.1689453	0.5839844	-1.015625	-32.4375	-14.0625	-28.6875	-0.5537109	0.296875	0.25	-48.90625	4.875	-47.5625	0	0	0	0	0	0	148.6298	30.71801	180	180	0	180
628.9169	0.3359375	0.3203125	-0.6738281	-39.0625	-14.0625	-17.96875	-0.5537109	0.296875	0.25	-48.90625	4.875	-47.5625	0	0	0	0	0	0	148.6298	30.71801	180	180	0	180
628.9492	0.3359375	0.3203125	-0.6738281	-39.0625	-14.0625	-17.96875	-0.5537109	0.296875	0.25	-48.90625	4.875	-47.5625	0	0	0	0	0	0	148.6298	30.71801	180	180	0	180
628.9836	0.3359375	0.3203125	-0.6738281	-39.0625	-14.0625	-17.96875	-0.5537109	0.296875	0.25	-48.90625	4.875	-47.5625	0	0	0	0	0	0	148.6298	30.71801	180	180	0	180
629.017	0.3359375	0.3203125	-0.6738281	-39.0625	-14.0625	-17.96875	-0.6103516	0.1240234	0.4638672	-56.90625	4.8125	-52.25	0	0	0	0	0	0	148.6298	30.71801	180	180	0	180
629.0499	0.3359375	0.3203125	-0.6738281	-39.0625	-14.0625	-17.96875	-0.6103516	0.1240234	0.4638672	-56.90625	4.8125	-52.25	0	0	0	0	0	0	148.6298	30.71801	180	180	0	180
629.0845	0.3359375	0.3203125	-0.6738281	-39.0625	-14.0625	-17.96875	-0.6103516	0.1240234	0.4638672	-56.90625	4.8125	-52.25	0	0	0	0	0	0	159.5501	20.73715	180	180	0	180
629.118	0.3359375	0.3203125	-0.6738281	-39.0625	-14.0625	-17.96875	-0.6103516	0.1240234	0.4638672	-56.90625	4.8125	-52.25	0	0	0	0	0	0	159.5501	20.73715	180	180	0	180
629.1505	0.3359375	0.3203125	-0.6738281	-39.0625	-14.0625	-17.96875	-0.7587891	-0.1582031	0.4814453	-29.9375	12.8125	-35.90625	0	0	0	0	0	0	159.5501	20.73715	180	180	0	180
629.1846	0.000976563	1.011719	-0.4130859	-100	14.03125	-22.65625	-0.3417969	-0.08886719	0.4316406	-1.84375	-6.125	7.1875	0	0	0	0	0	0	167.8441	13.05268	180	180	0	180
629.218	0.000976563	1.011719	-0.4130859	-100	14.03125	-22.65625	-0.3417969	-0.08886719	0.4316406	-1.84375	-6.125	7.1875	0	0	0	0	0	0	167.8441	13.05268	180	180	0	180
629.2507	0.000976563	1.011719	-0.4130859	-100	14.03125	-22.65625	-0.3417969	-0.08886719	0.4316406	-1.84375	-6.125	7.1875	0	0	0	0	0	0	167.8441	13.05268	180	180	0	180
629.2844	0.000976563	1.011719	-0.4130859	-100	14.03125	-22.65625	-0.3417969	-0.08886719	0.4316406	-1.84375	-6.125	7.1875	0	0	0	0	0	0	167.8441	13.05268	180	180	0	180
629.3179	0.000976563	1.011719	-0.4130859	-100	14.03125	-22.65625	-0.640625	0.04296875	0.5029297	-0.375	-2.625	-4.59375	0	0	0	0	0	0	172.7291	13.09186	180	180	0	180
629.3507	0.000976563	1.011719	-0.4130859	-100	14.03125	-22.65625	-0.640625	0.04296875	0.5029297	-0.375	-2.625	-4.59375	0	0	0	0	0	0	172.7291	13.09186	180	180	0	180
629.3846	0.000976563	1.011719	-0.4130859	-100	14.03125	-22.65625	-0.640625	0.04296875	0.5029297	-0.375	-2.625	-4.59375	0	0	0	0	0	0	172.7291	13.09186	180	180	0	180
629.4185	0.1855469	0.9492188	-0.5351563	-52.4375	-16.125	-6.59375	-0.640625	0.04296875	0.5029297	-0.375	-2.625	-4.59375	0	0	0	0	0	0	172.7291	13.09186	180	180	0	180
629.4506	0.1855469	0.9492188	-0.5351563	-52.4375	-16.125	-6.59375	-0.5703125	0.03027344	0.5849609	-0.3125	5.40625	3.21875	0	0	0	0	0	0	172.7291	13.09186	180	180	0	180
629.4846	0.1855469	0.9492188	-0.5351563	-52.4375	-16.125	-6.59375	-0.5703125	0.03027344	0.5849609	-0.3125	5.40625	3.21875	0	0	0	0	0	0	174.7398	14.27405	180	180	0	180
629.5184	0.1855469	0.9492188	-0.5351563	-52.4375	-16.125	-6.59375	-0.5703125	0.03027344	0.5849609	-0.3125	5.40625	3.21875	0	0	0	0	0	0	174.7398	14.27405	180	180	0	180
629.5507	0.1855469	0.9492188	-0.5351563	-52.4375	-16.125	-6.59375	-0.5703125	0.03027344	0.5849609	-0.3125	5.40625	3.21875	0	0	0	0	0	0	174.7398	14.27405	180	180	0	180
