669.0646	0.2705078	0.9755859	0.1074219	-7.15625	0.59375	1.75	0.3212891	0.3222656	0.8242188	-0.375	1.3125	-0.25	0.1455078	0.9765625	-0.3945313	0.84375	-1.0625	1.21875	106.1435	84.09628	171.0569	94.02039	81.70769	158.0112
669.0676	0.2705078	0.9755859	0.1074219	-7.15625	0.59375	1.75	0.3212891	0.3222656	0.8242188	-0.375	1.3125	-0.25	0.1455078	0.9765625	-0.3945313	0.84375	-1.0625	1.21875	106.1435	84.09628	171.0569	93.99066	81.82364	157.5675
669.0878	0.2705078	0.9755859	0.1074219	-7.15625	0.59375	1.75	0.3212891	0.3222656	0.8242188	-0.375	1.3125	-0.25	0.08984375	0.8212891	-0.3134766	-0.8125	1.4375	0.28125	106.1435	84.09628	171.0569	93.99066	81.82364	157.5675
669.1216	0.2705078	0.9755859	0.1074219	-7.15625	0.59375	1.75	0.3212891	0.3222656	0.8242188	-0.375	1.3125	-0.25	0.08984375	0.8212891	-0.3134766	-0.8125	1.4375	0.28125	106.1435	84.09628	171.0569	93.99066	81.82364	157.5675
669.1548	0.2705078	0.9755859	0.1074219	-7.15625	0.59375	1.75	0.3212891	0.3222656	0.8242188	-0.375	1.3125	-0.25	0.08984375	0.8212891	-0.3134766	-0.8125	1.4375	0.28125	106.1435	84.09628	171.0569	94.08067	81.50545	157.1051
669.1884	0.2705078	0.9755859	0.1074219	-7.15625	0.59375	1.75	0.3212891	0.3222656	0.8242188	-0.375	1.3125	-0.25	0.09765625	0.8369141	-0.3662109	0.90625	-0.8125	0.40625	106.1435	84.09628	171.0569	94.08067	81.50545	157.1051
669.2217	0.2705078	0.9755859	0.1074219	-7.15625	0.59375	1.75	0.4013672	0.2734375	0.8496094	-0.375	-2.6875	-0.125	0.09765625	0.8369141	-0.3662109	0.90625	-0.8125	0.40625	106.262	84.11668	171.1079	94.08067	81.50545	157.1051
669.2549	0.2705078	0.9755859	0.1074219	-7.15625	0.59375	1.75	0.4013672	0.2734375	0.8496094	-0.375	-2.6875	-0.125	0.09765625	0.8369141	-0.3662109	0.90625	-0.8125	0.40625	106.262	84.11668	171.1079	93.95961	81.80629	157.1367
669.2881	0.2705078	0.9755859	0.1074219	-7.15625	0.59375	1.75	0.4013672	0.2734375	0.8496094	-0.375	-2.6875	-0.125	0.09765625	0.8369141	-0.3662109	0.90625	-0.8125	0.40625	106.262	84.11668	171.1079	93.95961	81.80629	157.1367
669.3217	-0.004882813	0.8798828	0.1503906	-2.59375	1.625	-1.84375	0.4013672	0.2734375	0.8496094	-0.375	-2.6875	-0.125	0.1728516	0.8203125	-0.3457031	0.34375	-0.1875	0.59375	106.4055	83.98233	171.0171	93.95961	81.80629	157.1367
669.3546	-0.004882813	0.8798828	0.1503906	-2.59375	1.625	-1.84375	0.4013672	0.2734375	0.8496094	-0.375	-2.6875	-0.125	0.1728516	0.8203125	-0.3457031	0.34375	-0.1875	0.59375	106.4055	83.98233	171.0171	94.27515	80.78522	156.9986
669.3879	-0.004882813	0.8798828	0.1503906	-2.59375	1.625	-1.84375	0.4404297	0.2050781	0.8417969	0.34375	1.5	0.34375	0.2070313	0.9150391	-0.3613281	0	2.78125	0.40625	106.4055	83.98233	171.0171	94.27515	80.78522	156.9986
669.4213	-0.004882813	0.8798828	0.1503906	-2.59375	1.625	-1.84375	0.4404297	0.2050781	0.8417969	0.34375	1.5	0.34375	0.2070313	0.9150391	-0.3613281	0	2.78125	0.40625	106.4055	83.98233	171.0171	94.27515	80.78522	156.9986
669.4553	-0.004882813	0.8798828	0.1503906	-2.59375	1.625	-1.84375	0.4404297	0.2050781	0.8417969	0.34375	1.5	0.34375	0.2070313	0.9150391	-0.3613281	0	2.78125	0.40625	106.4055	83.98233	171.0171	94.25566	80.9998	157.0298
669.4882	0.01269531	1.018555	0.2207031	-0.875	0.34375	-0.8125	0.4306641	0.3457031	0.8837891	0.09375	0.90625	0	0.1933594	0.9550781	-0.2841797	1.03125	-1.71875	1.03125	106.4055	83.98233	171.0171	94.25566	80.9998	157.0298
669.5216	0.01269531	1.018555	0.2207031	-0.875	0.34375	-0.8125	0.4306641	0.3457031	0.8837891	0.09375	0.90625	0	0.1933594	0.9550781	-0.2841797	1.03125	-1.71875	1.03125	106.4055	83.98233	171.0171	94.25566	80.9998	157.0298
669.5546	0.01269531	1.018555	0.2207031	-0.875	0.34375	-0.8125	0.3212891	0.2255859	0.8154297	-1	-0.6875	0.21875	0.1933594	0.9550781	-0.2841797	1.03125	-1.71875	1.03125	106.4055	83.98233	171.0171	94.61938	79.90984	156.9687
669.5881	0.2919922	0.8535156	0.078125	-1.71875	1.03125	-0.3125	0.3212891	0.2255859	0.8154297	-1	-0.6875	0.21875	0.1933594	0.9550781	-0.2841797	1.03125	-1.71875	1.03125	106.4055	83.98233	171.0171	94.61938	79.90984	156.9687
669.6219	0.2919922	0.8535156	0.078125	-1.71875	1.03125	-0.3125	0.3212891	0.2255859	0.8154297	-1	-0.6875	0.21875	0.09765625	0.8955078	-0.3769531	1.375	0	-0.125	106.777	83.96755	170.9111	94.61938	79.90984	156.9687
669.6548	0.2919922	0.8535156	0.078125	-1.71875	1.03125	-0.3125	0.3574219	0.2949219	0.9130859	-0.25	1.03125	-1.25	0.09765625	0.8955078	-0.3769531	1.375	0	-0.125	106.777	83.96755	170.9111	94.76503	79.12125	156.8261
669.6885	0.2919922	0.8535156	0.078125	-1.71875	1.03125	-0.3125	0.3447266	0.2431641	0.859375	0.65625	-1.96875	-1.25	0.01269531	0.8066406	-0.3964844	0	1.3125	-0.8125	106.777	83.96755	170.9111	94.76503	79.12125	156.8261
669.7215	0.2919922	0.8535156	0.078125	-1.71875	1.03125	-0.3125	0.3447266	0.2431641	0.859375	0.65625	-1.96875	-1.25	0.01269531	0.8066406	-0.3964844	0	1.3125	-0.8125	106.777	83.96755	170.9111	94.76503	79.12125	156.8261
669.7552	0.2919922	0.8535156	0.078125	-1.71875	1.03125	-0.3125	0.3447266	0.2431641	0.859375	0.65625	-1.96875	-1.25	0.01269531	0.8066406	-0.3964844	0	1.3125	-0.8125	106.8607	84.0097	171.1302	94.46702	79.86667	157.0308
669.7886	0.2919922	0.8535156	0.078125	-1.71875	1.03125	-0.3125	0.3447266	0.2431641	0.859375	0.65625	-1.96875	-1.25	0.01269531	0.8066406	-0.3964844	0	1.3125	-0.8125	106.8607	84.0097	171.1302	94.46702	79.86667	157.0308
669.8215	0.2919922	0.8535156	0.078125	-1.71875	1.03125	-0.3125	0.3242188	0.2568359	0.8925781	-0.9375	-0.5	-1	0.2167969	0.9033203	-0.4433594	0.09375	-1	0.03125	106.8607	84.0097	171.1302	94.46702	79.86667	157.0308
669.8553	0.2919922	0.8535156	0.078125	-1.71875	1.03125	-0.3125	0.3242188	0.2568359	0.8925781	-0.9375	-0.5	-1	0.2167969	0.9033203	-0.4433594	0.09375	-1	0.03125	106.8607	84.0097	171.1302	94.41039	80.08749	157.2898
669.8885	0.2919922	0.8535156	0.078125	-1.71875	1.03125	-0.3125	0.3242188	0.2568359	0.8925781	-0.9375	-0.5	-1	0.2167969	0.9033203	-0.4433594	0.09375	-1	0.03125	106.8607	84.0097	171.1302	94.41039	80.08749	157.2898
669.9213	-0.0625	0.9121094	0.1777344	-1.125	-0.0625	0.03125	0.3242188	0.2568359	0.8925781	-0.9375	-0.5	-1	0.203125	0.7382813	-0.4101563	0.28125	0.21875	0.84375	106.8607	84.0097	171.1302	94.41039	80.08749	157.2898
669.9553	-0.0625	0.9121094	0.1777344	-1.125	-0.0625	0.03125	0.3242188	0.2568359	0.8925781	-0.9375	-0.5	-1	0.203125	0.7382813	-0.4101563	0.28125	0.21875	0.84375	106.8607	84.0097	171.1302	94.41039	80.08749	157.2898
669.9885	-0.0625	0.9121094	0.1777344	-1.125	-0.0625	0.03125	0.3242188	0.2568359	0.8925781	-0.9375	-0.5	-1	0.203125	0.7382813	-0.4101563	0.28125	0.21875	0.84375	106.8607	84.0097	171.1302	94.41039	80.08749	157.2898
670.0213	-0.0625	0.9121094	0.1777344	-1.125	-0.0625	0.03125	0.3242188	0.2568359	0.8925781	-0.9375	-0.5	-1	0.1181641	0.9892578	-0.3466797	0.59375	-0.125	0.09375	106.8607	84.0097	171.1302	94.54946	79.6701	157.471
670.0549	-0.0625	0.9121094	0.1777344	-1.125	-0.0625	0.03125	0.3710938	0.2929688	0.8964844	-0.125	-2.59375	-0.4375	0.1181641	0.9892578	-0.3466797	0.59375	-0.125	0.09375	106.8607	84.0097	171.1302	94.69511	79.19726	157.3905
670.0876	-0.0625	0.9121094	0.1777344	-1.125	-0.0625	0.03125	0.3710938	0.2929688	0.8964844	-0.125	-2.59375	-0.4375	0.05371094	0.9794922	-0.4277344	0.59375	-0.4375	0.90625	106.8607	84.0097	171.1302	94.69511	79.19726	157.3905
670.1211	-0.0625	0.9121094	0.1777344	-1.125	-0.0625	0.03125	0.3710938	0.2929688	0.8964844	-0.125	-2.59375	-0.4375	0.05371094	0.9794922	-0.4277344	0.59375	-0.4375	0.90625	106.8607	84.0097	171.1302	94.74779	79.04967	157.4118
670.1543	-0.0625	0.9121094	0.1777344	-1.125	-0.0625	0.03125	0.3710938	0.2929688	0.8964844	-0.125	-2.59375	-0.4375	0.05371094	0.9794922	-0.4277344	0.59375	-0.4375	0.90625	106.8607	84.0097	171.1302	94.74779	79.04967	157.4118
670.1879	-0.0625	0.9121094	0.1777344	-1.125	-0.0625	0.03125	0.3710938	0.2929688	0.8964844	-0.125	-2.59375	-0.4375	0.05371094	0.9794922	-0.4277344	0.59375	-0.4375	0.90625	106.8607	84.0097	171.1302	94.74779	79.04967	157.4118
670.2211	-0.0625	0.9121094	0.1777344	-1.125	-0.0625	0.03125	0.3710938	0.2929688	0.8964844	-0.125	-2.59375	-0.4375	0.1289063	0.8261719	-0.3730469	0.46875	0.15625	0.59375	106.8607	84.0097	171.1302	94.54781	79.70417	157.1663
670.2552	-0.0625	0.9121094	0.1777344	-1.125	-0.0625	0.03125	0.4267578	0.4267578	0.8730469	0.53125	0.40625	-0.1875	0.1289063	0.8261719	-0.3730469	0.46875	0.15625	0.59375	106.7925	84.93076	170.8727	94.54781	79.70417	157.1663
670.288	-0.0625	0.9121094	0.1777344	-1.125	-0.0625	0.03125	0.4267578	0.4267578	0.8730469	0.53125	0.40625	-0.1875	0.1289063	0.8261719	-0.3730469	0.46875	0.15625	0.59375	106.7925	84.93076	170.8727	94.54781	79.70417	157.1663
670.3209	-0.0625	0.9121094	0.1777344	-1.125	-0.0625	0.03125	0.4267578	0.4267578	0.8730469	0.53125	0.40625	-0.1875	0.2011719	0.8349609	-0.3554688	0.96875	-0.375	0.40625	106.7925	84.93076	170.8727	94.47526	79.59808	156.4551
670.3546	0.1337891	0.9658203	0.09375	2.65625	-0.6875	0.96875	0.3886719	0.2382813	0.9208984	-0.6875	0.40625	0.09375	0.2011719	0.8349609	-0.3554688	0.96875	-0.375	0.40625	106.7925	84.93076	170.8727	94.47526	79.59808	156.4551
670.3879	0.1337891	0.9658203	0.09375	2.65625	-0.6875	0.96875	0.3886719	0.2382813	0.9208984	-0.6875	0.40625	0.09375	0.09375	0.7470703	-0.3847656	0.15625	0.90625	0.46875	106.7925	84.93076	170.8727	94.47526	79.59808	156.4551
670.4208	0.1337891	0.9658203	0.09375	2.65625	-0.6875	0.96875	0.3886719	0.2382813	0.9208984	-0.6875	0.40625	0.09375	0.09375	0.7470703	-0.3847656	0.15625	0.90625	0.46875	106.7925	84.93076	170.8727	94.25517	80.41124	156.5386
670.4546	0.1337891	0.9658203	0.09375	2.65625	-0.6875	0.96875	0.3886719	0.2382813	0.9208984	-0.6875	0.40625	0.09375	0.09375	0.7470703	-0.3847656	0.15625	0.90625	0.46875	106.7925	84.93076	170.8727	94.25517	80.41124	156.5386
670.4872	0.1337891	0.9658203	0.09375	2.65625	-0.6875	0.96875	0.3886719	0.2382813	0.9208984	-0.6875	0.40625	0.09375	0.09375	0.7470703	-0.3847656	0.15625	0.90625	0.46875	106.7925	84.93076	170.8727	94.25517	80.41124	156.5386
670.5209	0.1337891	0.9658203	0.09375	2.65625	-0.6875	0.96875	0.3886719	0.2382813	0.9208984	-0.6875	0.40625	0.09375	0.009765625	0.90625	-0.3896484	-0.1875	-0.5625	-0.25	106.7925	84.93076	170.8727	94.03559	81.10958	156.4118
670.5546	0.1337891	0.9658203	0.09375	2.65625	-0.6875	0.96875	0.3886719	0.2382813	0.9208984	-0.6875	0.40625	0.09375	0.009765625	0.90625	-0.3896484	-0.1875	-0.5625	-0.25	106.7017	85.05264	171.1014	94.03559	81.10958	156.4118
670.5875	0.1337891	0.9658203	0.09375	2.65625	-0.6875	0.96875	0.3886719	0.2382813	0.9208984	-0.6875	0.40625	0.09375	0.009765625	0.90625	-0.3896484	-0.1875	-0.5625	-0.25	106.7017	85.05264	171.1014	94.03559	81.10958	156.4118
670.6205	0.1337891	0.9658203	0.09375	2.65625	-0.6875	0.96875	0.3720703	0.2880859	0.8740234	0.59375	-0.3125	-0.4375	0.1708984	0.9013672	-0.2373047	0.59375	0.40625	-0.0625	106.7017	85.05264	171.1014	93.73901	81.97826	156.5688
670.6546	0.1337891	0.9658203	0.09375	2.65625	-0.6875	0.96875	0.3720703	0.2880859	0.8740234	0.59375	-0.3125	-0.4375	0.1708984	0.9013672	-0.2373047	0.59375	0.40625	-0.0625	106.7017	85.05264	171.1014	93.73901	81.97826	156.5688
670.687	0.1337891	0.9658203	0.09375	2.65625	-0.6875	0.96875	0.4101563	0.2148438	0.796875	-1.40625	0.34375	-0.625	0.1708984	0.9013672	-0.2373047	0.59375	0.40625	-0.0625	106.7017	85.05264	171.1014	93.73901	81.97826	156.5688
670.7206	0.1972656	0.9853516	0.1376953	2.125	0.59375	-0.875	0.4101563	0.2148438	0.796875	-1.40625	0.34375	-0.625	0.1445313	0.9267578	-0.3066406	0.71875	0.21875	0.90625	106.7017	85.05264	171.1014	94.15079	80.63447	156.4806
670.7542	0.1972656	0.9853516	0.1376953	2.125	0.59375	-0.875	0.4101563	0.2148438	0.796875	-1.40625	0.34375	-0.625	0.1445313	0.9267578	-0.3066406	0.71875	0.21875	0.90625	106.7017	85.05264	171.1014	94.15079	80.63447	156.4806
670.7869	0.1972656	0.9853516	0.1376953	2.125	0.59375	-0.875	0.4101563	0.2148438	0.796875	-1.40625	0.34375	-0.625	0.1445313	0.9267578	-0.3066406	0.71875	0.21875	0.90625	106.7017	85.05264	171.1014	94.15079	80.63447	156.4806
670.8207	0.1972656	0.9853516	0.1376953	2.125	0.59375	-0.875	0.4101563	0.2148438	0.796875	-1.40625	0.34375	-0.625	0.1445313	0.9267578	-0.3066406	0.71875	0.21875	0.90625	106.7017	85.05264	171.1014	94.15079	80.63447	156.4806
670.8542	0.1972656	0.9853516	0.1376953	2.125	0.59375	-0.875	0.4101563	0.2148438	0.796875	-1.40625	0.34375	-0.625	0.2783203	0.9003906	-0.4033203	-0.4375	-0.3125	-0.6875	106.6142	85.53135	171.2981	94.21645	80.25571	156.4602
670.887	0.1972656	0.9853516	0.1376953	2.125	0.59375	-0.875	0.34375	0.2431641	0.9228516	-0.0625	-0.5	-0.5625	0.2783203	0.9003906	-0.4033203	-0.4375	-0.3125	-0.6875	106.6142	85.53135	171.2981	94.21645	80.25571	156.4602
670.9203	0.1972656	0.9853516	0.1376953	2.125	0.59375	-0.875	0.34375	0.2431641	0.9228516	-0.0625	-0.5	-0.5625	0.1513672	0.921875	-0.3886719	0	0.28125	0.03125	106.6142	85.53135	171.2981	94.25146	80.16939	156.6027
670.9536	0.1972656	0.9853516	0.1376953	2.125	0.59375	-0.875	0.34375	0.2431641	0.9228516	-0.0625	-0.5	-0.5625	0.1513672	0.921875	-0.3886719	0	0.28125	0.03125	106.4128	85.83897	171.5939	94.25146	80.16939	156.6027
670.987	0.08789063	1.026367	-0.03027344	0.53125	1.21875	-0.5625	0.34375	0.2431641	0.9228516	-0.0625	-0.5	-0.5625	0.1425781	0.9414063	-0.3720703	0.28125	0.53125	0.28125	106.4128	85.83897	171.5939	94.25146	80.16939	156.6027
671.0202	0.08789063	1.026367	-0.03027344	0.53125	1.21875	-0.5625	0.4199219	0.2578125	0.8330078	-0.625	1.15625	-0.25	0.1425781	0.9414063	-0.3720703	0.28125	0.53125	0.28125	106.4128	85.83897	171.5939	93.92383	81.07817	156.9767
671.0538	0.08789063	1.026367	-0.03027344	0.53125	1.21875	-0.5625	0.4199219	0.2578125	0.8330078	-0.625	1.15625	-0.25	0.1425781	0.9414063	-0.3720703	0.28125	0.53125	0.28125	106.4128	85.83897	171.5939	93.92383	81.07817	156.9767
671.0869	0.08789063	1.026367	-0.03027344	0.53125	1.21875	-0.5625	0.4199219	0.2578125	0.8330078	-0.625	1.15625	-0.25	0.1425781	0.9414063	-0.3720703	0.28125	0.53125	0.28125	106.4128	85.83897	171.5939	93.92383	81.07817	156.9767
671.1199	0.08789063	1.026367	-0.03027344	0.53125	1.21875	-0.5625	0.4199219	0.2578125	0.8330078	-0.625	1.15625	-0.25	0.1025391	0.9462891	-0.2744141	0.03125	-0.125	0.46875	106.4128	85.83897	171.5939	93.72378	81.68629	156.9917
671.1548	0.08789063	1.026367	-0.03027344	0.53125	1.21875	-0.5625	0.4199219	0.2578125	0.8330078	-0.625	1.15625	-0.25	0.1025391	0.9462891	-0.2744141	0.03125	-0.125	0.46875	106.4128	85.83897	171.5939	93.72378	81.68629	156.9917
671.1866	0.08789063	1.026367	-0.03027344	0.53125	1.21875	-0.5625	0.4199219	0.2578125	0.8330078	-0.625	1.15625	-0.25	0.1025391	0.9462891	-0.2744141	0.03125	-0.125	0.46875	106.4128	85.83897	171.5939	93.72378	81.68629	156.9917
671.2198	0.08789063	1.026367	-0.03027344	0.53125	1.21875	-0.5625	0.4199219	0.2578125	0.8330078	-0.625	1.15625	-0.25	0.1699219	0.9345703	-0.34375	0.46875	1.75	-1.1875	106.4607	86.01712	171.5988	94.16959	80.17488	157.1637
671.2538	0.08789063	1.026367	-0.03027344	0.53125	1.21875	-0.5625	0.4199219	0.2578125	0.8330078	-0.625	1.15625	-0.25	0.1699219	0.9345703	-0.34375	0.46875	1.75	-1.1875	106.4607	86.01712	171.5988	94.16959	80.17488	157.1637
671.2868	0.08789063	1.026367	-0.03027344	0.53125	1.21875	-0.5625	0.4199219	0.2578125	0.8330078	-0.625	1.15625	-0.25	0.1699219	0.9345703	-0.34375	0.46875	1.75	-1.1875	106.4607	86.01712	171.5988	94.16959	80.17488	157.1637
671.32	0.08789063	1.026367	-0.03027344	0.53125	1.21875	-0.5625	0.4199219	0.2578125	0.8330078	-0.625	1.15625	-0.25	0.1699219	0.9492188	-0.3349609	0.53125	0.34375	-1.125	106.7073	85.65295	171.6931	94.36259	79.14096	157.2691
671.3535	0.08789063	1.026367	-0.03027344	0.53125	1.21875	-0.5625	0.4199219	0.2578125	0.8330078	-0.625	1.15625	-0.25	0.1699219	0.9492188	-0.3349609	0.53125	0.34375	-1.125	106.7073	85.65295	171.6931	94.36259	79.14096	157.2691
671.3865	0.08789063	1.026367	-0.03027344	0.53125	1.21875	-0.5625	0.4199219	0.2578125	0.8330078	-0.625	1.15625	-0.25	0.1699219	0.9492188	-0.3349609	0.53125	0.34375	-1.125	106.7073	85.65295	171.6931	94.36259	79.14096	157.2691
671.4194	0.08789063	1.026367	-0.03027344	0.53125	1.21875	-0.5625	0.3740234	0.1982422	0.921875	1.4375	0.28125	-1.1875	0.1572266	0.8720703	-0.3261719	-0.1875	-1.0625	0	106.6551	85.85233	171.6464	94.29473	79.38605	157.3188
671.4535	0.08789063	1.026367	-0.03027344	0.53125	1.21875	-0.5625	0.3740234	0.1982422	0.921875	1.4375	0.28125	-1.1875	0.1572266	0.8720703	-0.3261719	-0.1875	-1.0625	0	106.6551	85.85233	171.6464	94.29473	79.38605	157.3188
671.486	0.08789063	1.026367	-0.03027344	0.53125	1.21875	-0.5625	0.3740234	0.1982422	0.921875	1.4375	0.28125	-1.1875	0.1572266	0.8720703	-0.3261719	-0.1875	-1.0625	0	106.6551	85.85233	171.6464	94.29473	79.38605	157.3188
671.5198	0.08789063	1.026367	-0.03027344	0.53125	1.21875	-0.5625	0.3740234	0.1982422	0.921875	1.4375	0.28125	-1.1875	0.1669922	0.9658203	-0.4306641	0	-0.0625	0.34375	106.6551	85.85233	171.6464	94.56638	78.4923	157.339
671.5531	0.08789063	1.026367	-0.03027344	0.53125	1.21875	-0.5625	0.3740234	0.1982422	0.921875	1.4375	0.28125	-1.1875	0.1669922	0.9658203	-0.4306641	0	-0.0625	0.34375	106.6551	85.85233	171.6464	94.56638	78.4923	157.339
671.586	0.08789063	1.026367	-0.03027344	0.53125	1.21875	-0.5625	0.3740234	0.1982422	0.921875	1.4375	0.28125	-1.1875	0.1669922	0.9658203	-0.4306641	0	-0.0625	0.34375	106.6551	85.85233	171.6464	94.56638	78.4923	157.339
671.6199	0.08789063	1.026367	-0.03027344	0.53125	1.21875	-0.5625	0.3740234	0.1982422	0.921875	1.4375	0.28125	-1.1875	0.15625	0.890625	-0.4140625	-0.125	1.8125	0	106.4149	86.24655	171.624	94.48531	78.77551	156.9401
671.6535	0.08789063	1.026367	-0.03027344	0.53125	1.21875	-0.5625	0.4130859	0.2265625	0.828125	0.65625	-0.3125	-0.25	0.15625	0.890625	-0.4140625	-0.125	1.8125	0	106.4149	86.24655	171.624	94.48531	78.77551	156.9401
671.6864	0.08789063	1.026367	-0.03027344	0.53125	1.21875	-0.5625	0.4130859	0.2265625	0.828125	0.65625	-0.3125	-0.25	0.15625	0.890625	-0.4140625	-0.125	1.8125	0	106.4149	86.24655	171.624	94.48531	78.77551	156.9401
671.7195	0.08789063	1.026367	-0.03027344	0.53125	1.21875	-0.5625	0.4130859	0.2265625	0.828125	0.65625	-0.3125	-0.25	0.1240234	0.8554688	-0.296875	0.78125	0.34375	-0.8125	106.3767	86.23572	171.756	94.30302	79.30531	156.7441
671.7534	0.08789063	1.026367	-0.03027344	0.53125	1.21875	-0.5625	0.3144531	0.28125	0.8320313	0.03125	0.59375	0.40625	0.1240234	0.8554688	-0.296875	0.78125	0.34375	-0.8125	106.3767	86.23572	171.756	94.30302	79.30531	156.7441
671.7856	0.08789063	1.026367	-0.03027344	0.53125	1.21875	-0.5625	0.3144531	0.28125	0.8320313	0.03125	0.59375	0.40625	0.1240234	0.8554688	-0.296875	0.78125	0.34375	-0.8125	106.3767	86.23572	171.756	94.30302	79.30531	156.7441
671.8192	0.08789063	1.026367	-0.03027344	0.53125	1.21875	-0.5625	0.3144531	0.28125	0.8320313	0.03125	0.59375	0.40625	0.07226563	0.7958984	-0.2001953	0.21875	0.34375	-0.625	106.677	85.7353	171.7139	94.48183	78.65356	157.1964
671.853	0.06933594	0.9677734	0.004882813	-2.03125	1.21875	-0.4375	0.3144531	0.28125	0.8320313	0.03125	0.59375	0.40625	0.07226563	0.7958984	-0.2001953	0.21875	0.34375	-0.625	106.677	85.7353	171.7139	94.48183	78.65356	157.1964
671.8858	0.06933594	0.9677734	0.004882813	-2.03125	1.21875	-0.4375	0.3144531	0.28125	0.8320313	0.03125	0.59375	0.40625	0.07226563	0.7958984	-0.2001953	0.21875	0.34375	-0.625	106.677	85.7353	171.7139	94.48183	78.65356	157.1964
671.9193	0.06933594	0.9677734	0.004882813	-2.03125	1.21875	-0.4375	0.3144531	0.28125	0.8320313	0.03125	0.59375	0.40625	0.1884766	0.9013672	-0.3369141	0	0.03125	0.09375	106.677	85.7353	171.7139	94.76144	77.7486	157.1118
671.9535	0.06933594	0.9677734	0.004882813	-2.03125	1.21875	-0.4375	0.3144531	0.28125	0.8320313	0.03125	0.59375	0.40625	0.1884766	0.9013672	-0.3369141	0	0.03125	0.09375	106.677	85.7353	171.7139	94.76144	77.7486	157.1118
671.986	0.06933594	0.9677734	0.004882813	-2.03125	1.21875	-0.4375	0.3144531	0.28125	0.8320313	0.03125	0.59375	0.40625	0.1884766	0.9013672	-0.3369141	0	0.03125	0.09375	106.677	85.7353	171.7139	94.76144	77.7486	157.1118
672.0468	0.06933594	0.9677734	0.004882813	-2.03125	1.21875	-0.4375	0.3144531	0.28125	0.8320313	0.03125	0.59375	0.40625	0.2099609	0.8671875	-0.2490234	0.15625	-0.1875	-0.0625	106.677	85.7353	171.7139	94.5702	78.33086	157.2295
672.0692	0.06933594	0.9677734	0.004882813	-2.03125	1.21875	-0.4375	0.3144531	0.28125	0.8320313	0.03125	0.59375	0.40625	0.2099609	0.8671875	-0.2490234	0.15625	-0.1875	-0.0625	106.431	86.07669	171.7344	94.47781	78.60075	157.3294
672.1022	0.06933594	0.9677734	0.004882813	-2.03125	1.21875	-0.4375	0.3671875	0.2675781	0.8984375	1.03125	-1.34375	-0.375	0.2099609	0.8671875	-0.2490234	0.15625	-0.1875	-0.0625	106.431	86.07669	171.7344	94.47781	78.60075	157.3294
672.1358	0.1601563	1.106445	0.09960938	-1	-0.6875	-0.375	0.3671875	0.2675781	0.8984375	1.03125	-1.34375	-0.375	0.1865234	0.9345703	-0.3789063	0.40625	2.125	-0.8125	106.431	86.07669	171.7344	94.47781	78.60075	157.3294
672.1689	0.1601563	1.106445	0.09960938	-1	-0.6875	-0.375	0.4140625	0.2285156	0.9267578	-0.25	-0.0625	-0.125	0.1865234	0.9345703	-0.3789063	0.40625	2.125	-0.8125	106.5113	86.06329	171.6818	94.47781	78.60075	157.3294
672.202	0.1601563	1.106445	0.09960938	-1	-0.6875	-0.375	0.4140625	0.2285156	0.9267578	-0.25	-0.0625	-0.125	0.1865234	0.9345703	-0.3789063	0.40625	2.125	-0.8125	106.5113	86.06329	171.6818	94.47781	78.60075	157.3294
672.2363	0.08886719	1.060547	0.09863281	1.5625	-0.3125	-1.0625	0.4140625	0.2285156	0.9267578	-0.25	-0.0625	-0.125	0.2216797	0.8896484	-0.2548828	-2.21875	-1.3125	0.03125	106.822	85.51368	171.8333	94.56226	78.05268	157.8963
672.2687	0.08886719	1.060547	0.09863281	1.5625	-0.3125	-1.0625	0.3564453	0.2382813	0.9287109	2.0625	1.4375	-1.59375	0.2216797	0.8896484	-0.2548828	-2.21875	-1.3125	0.03125	106.822	85.51368	171.8333	94.56226	78.05268	157.8963
672.3019	0.08886719	1.060547	0.09863281	1.5625	-0.3125	-1.0625	0.3564453	0.2382813	0.9287109	2.0625	1.4375	-1.59375	0.1074219	1.088867	-0.3955078	-1.3125	2.125	-1.34375	106.822	85.51368	171.8333	94.7297	77.12915	158.3909
672.3353	0.08886719	1.060547	0.09863281	1.5625	-0.3125	-1.0625	0.3564453	0.2382813	0.9287109	2.0625	1.4375	-1.59375	0.1074219	1.088867	-0.3955078	-1.3125	2.125	-1.34375	106.8567	85.18753	172.0024	94.7297	77.12915	158.3909
672.369	0.08886719	1.060547	0.09863281	1.5625	-0.3125	-1.0625	0.3564453	0.2382813	0.9287109	2.0625	1.4375	-1.59375	0.1074219	1.088867	-0.3955078	-1.3125	2.125	-1.34375	106.8567	85.18753	172.0024	94.7297	77.12915	158.3909
672.4017	0.05761719	0.8378906	0.1884766	-0.1875	-0.6875	-0.5625	0.3564453	0.2382813	0.9287109	2.0625	1.4375	-1.59375	0.1074219	1.088867	-0.3955078	-1.3125	2.125	-1.34375	106.8567	85.18753	172.0024	94.96443	76.20521	158.1691
672.4352	0.05761719	0.8378906	0.1884766	-0.1875	-0.6875	-0.5625	0.4091797	0.3242188	0.8564453	-0.75	1.28125	0.34375	0.171875	0.9238281	-0.328125	0.03125	0	0.96875	106.8567	85.18753	172.0024	94.96443	76.20521	158.1691
672.4683	0.05761719	0.8378906	0.1884766	-0.1875	-0.6875	-0.5625	0.4091797	0.3242188	0.8564453	-0.75	1.28125	0.34375	0.171875	0.9238281	-0.328125	0.03125	0	0.96875	106.8567	85.18753	172.0024	94.96443	76.20521	158.1691
672.5015	0.05761719	0.8378906	0.1884766	-0.1875	-0.6875	-0.5625	0.4091797	0.3242188	0.8564453	-0.75	1.28125	0.34375	0.171875	0.9238281	-0.328125	0.03125	0	0.96875	106.8567	85.18753	172.0024	94.96443	76.20521	158.1691
672.5356	0.05761719	0.8378906	0.1884766	-0.1875	-0.6875	-0.5625	0.4091797	0.3242188	0.8564453	-0.75	1.28125	0.34375	0.09472656	0.8554688	-0.4453125	1.15625	6.9375	-6.71875	106.8567	85.18753	172.0024	94.74538	76.7385	158.2927
672.5686	0.05761719	0.8378906	0.1884766	-0.1875	-0.6875	-0.5625	0.4091797	0.3242188	0.8564453	-0.75	1.28125	0.34375	0.09472656	0.8554688	-0.4453125	1.15625	6.9375	-6.71875	106.8567	85.18753	172.0024	94.74538	76.7385	158.2927
672.6016	0.05761719	0.8378906	0.1884766	-0.1875	-0.6875	-0.5625	0.3457031	0.2197266	0.8261719	0.59375	0.46875	0.21875	0.2148438	1.025391	-0.2607422	6.03125	2.125	-9.46875	106.6687	85.43687	172.1412	94.1816	78.04095	158.5048
672.6357	-0.02441406	0.7128906	0.1337891	3.34375	0.59375	-0.9375	0.3457031	0.2197266	0.8261719	0.59375	0.46875	0.21875	0.2148438	1.025391	-0.2607422	6.03125	2.125	-9.46875	106.6687	85.43687	172.1412	94.1816	78.04095	158.5048
672.6686	-0.02441406	0.7128906	0.1337891	3.34375	0.59375	-0.9375	0.4130859	0.2255859	0.8583984	-0.8125	0.09375	1.09375	0.2148438	1.025391	-0.2607422	6.03125	2.125	-9.46875	106.6687	85.43687	172.1412	94.1816	78.04095	158.5048
672.7015	-0.02441406	0.7128906	0.1337891	3.34375	0.59375	-0.9375	0.4130859	0.2255859	0.8583984	-0.8125	0.09375	1.09375	0.2148438	1.025391	-0.2607422	6.03125	2.125	-9.46875	106.6687	85.43687	172.1412	93.71294	79.14985	158.0898
672.7352	-0.02441406	0.7128906	0.1337891	3.34375	0.59375	-0.9375	0.4130859	0.2255859	0.8583984	-0.8125	0.09375	1.09375	0.05371094	0.9365234	-0.3154297	21.34375	1.15625	-1.40625	106.6687	85.43687	172.1412	93.71294	79.14985	158.0898
672.7688	-0.02441406	0.7128906	0.1337891	3.34375	0.59375	-0.9375	0.4130859	0.2255859	0.8583984	-0.8125	0.09375	1.09375	0.05371094	0.9365234	-0.3154297	21.34375	1.15625	-1.40625	106.6687	85.43687	172.1412	93.71294	79.14985	158.0898
672.8014	-0.02441406	0.7128906	0.1337891	3.34375	0.59375	-0.9375	0.4130859	0.2255859	0.8583984	-0.8125	0.09375	1.09375	0.05371094	0.9365234	-0.3154297	21.34375	1.15625	-1.40625	106.6687	85.43687	172.1412	93.71294	79.14985	158.0898
672.8354	-0.02441406	0.7128906	0.1337891	3.34375	0.59375	-0.9375	0.4130859	0.2255859	0.8583984	-0.8125	0.09375	1.09375	0.6142578	0.9228516	0.07617188	48.09375	-84.71875	35.5625	106.4234	85.38964	172.5408	91.58972	87.33113	156.9426
672.8686	0.01757813	0.8193359	0.1757813	12.4375	-0.0625	-1.96875	0.3886719	0.2255859	0.8173828	1.5	6.875	4.1875	0.6142578	0.9228516	0.07617188	48.09375	-84.71875	35.5625	106.4234	85.38964	172.5408	91.58972	87.33113	156.9426
672.9014	0.01757813	0.8193359	0.1757813	12.4375	-0.0625	-1.96875	0.3886719	0.2255859	0.8173828	1.5	6.875	4.1875	0.2753906	0.890625	-0.5175781	64.125	3.03125	-22.53125	106.4234	85.38964	172.5408	88.17701	97.415	160.4937
672.9344	0.01757813	0.8193359	0.1757813	12.4375	-0.0625	-1.96875	0.3886719	0.2255859	0.8173828	1.5	6.875	4.1875	0.2753906	0.890625	-0.5175781	64.125	3.03125	-22.53125	106.4234	85.38964	172.5408	88.17701	97.415	160.4937
672.9681	0.01757813	0.8193359	0.1757813	12.4375	-0.0625	-1.96875	0.3886719	0.2255859	0.8173828	1.5	6.875	4.1875	0.2753906	0.890625	-0.5175781	64.125	3.03125	-22.53125	106.4234	85.38964	172.5408	88.17701	97.415	160.4937
673.0012	0.01757813	0.8193359	0.1757813	12.4375	-0.0625	-1.96875	0.3886719	0.2255859	0.8173828	1.5	6.875	4.1875	0.2753906	0.890625	-0.5175781	64.125	3.03125	-22.53125	106.4234	85.38964	172.5408	76.22791	113.3073	160.8051
673.0343	0.01757813	0.8193359	0.1757813	12.4375	-0.0625	-1.96875	0.3886719	0.2255859	0.8173828	1.5	6.875	4.1875	0.203125	0.78125	-0.6298828	57.90625	17.375	-18.25	106.4234	85.38964	172.5408	76.22791	113.3073	160.8051
673.0681	0.01757813	0.8193359	0.1757813	12.4375	-0.0625	-1.96875	0.3886719	0.2255859	0.8173828	1.5	6.875	4.1875	0.203125	0.78125	-0.6298828	57.90625	17.375	-18.25	106.4234	85.38964	172.5408	76.22791	113.3073	160.8051
673.1013	0.02246094	0.7978516	0.07617188	54.5625	-4.03125	-1.59375	0.4775391	0.2685547	0.9306641	2.71875	-3	2.375	0.203125	0.78125	-0.6298828	57.90625	17.375	-18.25	105.7362	85.51009	172.7053	76.22791	113.3073	160.8051
673.1345	0.09082031	0.9003906	-0.3115234	72.1875	-9.40625	10.40625	0.4775391	0.2685547	0.9306641	2.71875	-3	2.375	-0.0078125	0.7597656	-0.4482422	73.84375	24.8125	9.5	105.7362	85.51009	172.7053	62.70933	129.2623	160.5548
673.168	0.09082031	0.9003906	-0.3115234	72.1875	-9.40625	10.40625	0.2578125	0.1914063	0.9892578	5.53125	16.09375	5.78125	-0.0078125	0.7597656	-0.4482422	73.84375	24.8125	9.5	105.6591	85.94272	171.8599	62.70933	129.2623	160.5548
673.2012	0.09082031	0.9003906	-0.3115234	72.1875	-9.40625	10.40625	0.2578125	0.1914063	0.9892578	5.53125	16.09375	5.78125	-0.03125	1.999023	-1.339844	80.71875	-56.40625	61.9375	105.6591	85.94272	171.8599	52.11245	141.5884	163.029
673.2343	0.09082031	0.9003906	-0.3115234	72.1875	-9.40625	10.40625	0.2167969	0.1220703	0.8935547	6.8125	18.21875	4.3125	-0.03125	1.999023	-1.339844	80.71875	-56.40625	61.9375	105.6591	85.94272	171.8599	52.11245	141.5884	163.029
673.268	0.09082031	0.9003906	-0.3115234	72.1875	-9.40625	10.40625	0.2167969	0.1220703	0.8935547	6.8125	18.21875	4.3125	-0.03125	1.999023	-1.339844	80.71875	-56.40625	61.9375	105.6591	85.94272	171.8599	52.11245	141.5884	163.029
673.3008	0.09082031	0.9003906	-0.3115234	72.1875	-9.40625	10.40625	0.2167969	0.1220703	0.8935547	6.8125	18.21875	4.3125	-0.03125	1.999023	-1.339844	80.71875	-56.40625	61.9375	105.6591	85.94272	171.8599	52.11245	141.5884	163.029
673.3342	0.09082031	0.9003906	-0.3115234	72.1875	-9.40625	10.40625	0.2167969	0.1220703	0.8935547	6.8125	18.21875	4.3125	0.5595703	-0.6875	0.07617188	-241.8438	-115.4375	181.3125	105.2011	83.15809	172.8329	61.39711	124.7839	155.0216
673.3678	0.09082031	0.9003906	-0.3115234	72.1875	-9.40625	10.40625	0.0859375	0.1757813	0.859375	8.21875	-15.40625	-18.25	0.5595703	-0.6875	0.07617188	-241.8438	-115.4375	181.3125	105.2011	83.15809	172.8329	61.39711	124.7839	155.0216
673.4007	0.2109375	1.183594	-1.020508	174.7188	-12.28125	13.59375	0.0859375	0.1757813	0.859375	8.21875	-15.40625	-18.25	0.5595703	-0.6875	0.07617188	-241.8438	-115.4375	181.3125	105.2011	83.15809	172.8329	61.39711	124.7839	155.0216
673.4351	0.2109375	1.183594	-1.020508	174.7188	-12.28125	13.59375	0.0859375	0.1757813	0.859375	8.21875	-15.40625	-18.25	0.5771484	0.3261719	-1.149414	-417.875	108.625	101.0625	105.2011	83.15809	172.8329	93.12679	93.39177	150.8158
673.468	0.2109375	1.183594	-1.020508	174.7188	-12.28125	13.59375	0.0859375	0.1757813	0.859375	8.21875	-15.40625	-18.25	0.5771484	0.3261719	-1.149414	-417.875	108.625	101.0625	105.2011	83.15809	172.8329	93.12679	93.39177	150.8158
673.5006	0.2109375	1.183594	-1.020508	174.7188	-12.28125	13.59375	0.0859375	0.1757813	0.859375	8.21875	-15.40625	-18.25	1.999023	0.3623047	1.999023	279.0313	-134.5938	475.875	105.2011	83.15809	172.8329	119.8247	48.65395	143.3777
673.5343	0.2109375	1.183594	-1.020508	174.7188	-12.28125	13.59375	0.0859375	0.1757813	0.859375	8.21875	-15.40625	-18.25	1.999023	0.3623047	1.999023	279.0313	-134.5938	475.875	105.2011	83.15809	172.8329	119.8247	48.65395	143.3777
673.5677	0.2109375	1.183594	-1.020508	174.7188	-12.28125	13.59375	0.0859375	0.1757813	0.859375	8.21875	-15.40625	-18.25	1.999023	0.3623047	1.999023	279.0313	-134.5938	475.875	109.6006	83.03793	174.0659	119.8247	48.65395	143.3777
673.6005	0.2109375	1.183594	-1.020508	174.7188	-12.28125	13.59375	0.04492188	0.5693359	0.6650391	94.71875	-13.25	-27.1875	1.999023	0.3623047	1.999023	279.0313	-134.5938	475.875	109.6006	83.03793	174.0659	102.6467	57.88257	151.8521
673.6342	0.2109375	1.183594	-1.020508	174.7188	-12.28125	13.59375	0.04492188	0.5693359	0.6650391	94.71875	-13.25	-27.1875	-1.227539	1.283203	-0.9453125	213.5938	31.125	112.7813	109.6006	83.03793	174.0659	102.6467	57.88257	151.8521
673.6675	0.2109375	1.183594	-1.020508	174.7188	-12.28125	13.59375	0.04492188	0.5693359	0.6650391	94.71875	-13.25	-27.1875	-1.227539	1.283203	-0.9453125	213.5938	31.125	112.7813	109.6006	83.03793	174.0659	102.6467	57.88257	151.8521
673.7007	0.2109375	1.183594	-1.020508	174.7188	-12.28125	13.59375	0.04492188	0.5693359	0.6650391	94.71875	-13.25	-27.1875	-1.227539	1.283203	-0.9453125	213.5938	31.125	112.7813	128.0948	64.00095	171.7076	102.6467	57.88257	151.8521
673.7339	0.2109375	1.183594	-1.020508	174.7188	-12.28125	13.59375	0.04492188	0.5693359	0.6650391	94.71875	-13.25	-27.1875	0.3212891	0.5898438	-0.9296875	155.1875	244.375	-119.6563	128.0948	64.00095	171.7076	107.7415	59.63194	161.6602
673.767	0.1015625	1.650391	-0.8144531	-148.1563	-22.46875	-44.09375	0.04492188	0.5693359	0.6650391	94.71875	-13.25	-27.1875	0.3212891	0.5898438	-0.9296875	155.1875	244.375	-119.6563	128.0948	64.00095	171.7076	107.7415	59.63194	161.6602
673.8002	0.1015625	1.650391	-0.8144531	-148.1563	-22.46875	-44.09375	1.291016	1.948242	1.811523	-20.40625	-55.875	-34	0.2294922	1.350586	-0.1396484	6.40625	-8.9375	91.84375	135.951	63.70555	171.1016	105.2933	52.90133	159.1139
673.8336	0.1015625	1.650391	-0.8144531	-148.1563	-22.46875	-44.09375	1.291016	1.948242	1.811523	-20.40625	-55.875	-34	0.2294922	1.350586	-0.1396484	6.40625	-8.9375	91.84375	135.951	63.70555	171.1016	105.2933	52.90133	159.1139
673.8671	0.1015625	1.650391	-0.8144531	-148.1563	-22.46875	-44.09375	1.291016	1.948242	1.811523	-20.40625	-55.875	-34	0.2294922	1.350586	-0.1396484	6.40625	-8.9375	91.84375	135.951	63.70555	171.1016	105.2933	52.90133	159.1139
673.9004	0.1015625	1.650391	-0.8144531	-148.1563	-22.46875	-44.09375	1.291016	1.948242	1.811523	-20.40625	-55.875	-34	0.2294922	1.350586	-0.1396484	6.40625	-8.9375	91.84375	132.6684	60.04439	177.8316	111.6306	47.56833	166.8742
673.9336	0.1015625	1.650391	-0.8144531	-148.1563	-22.46875	-44.09375	1.291016	1.948242	1.811523	-20.40625	-55.875	-34	0.390625	1.34082	1.075195	160.5	-9.15625	-34.375	132.6684	60.04439	177.8316	111.6306	47.56833	166.8742
673.9671	-0.2617188	0.7021484	-0.3857422	-19.59375	-68.1875	1.5625	1.291016	1.948242	1.811523	-20.40625	-55.875	-34	0.390625	1.34082	1.075195	160.5	-9.15625	-34.375	132.6684	60.04439	177.8316	111.6306	47.56833	166.8742
674.0003	-0.2617188	0.7021484	-0.3857422	-19.59375	-68.1875	1.5625	1.291016	1.948242	1.811523	-20.40625	-55.875	-34	0.390625	1.34082	1.075195	160.5	-9.15625	-34.375	132.6684	60.04439	177.8316	111.6306	47.56833	166.8742
674.0338	-0.2617188	0.7021484	-0.3857422	-19.59375	-68.1875	1.5625	-0.1669922	0.1845703	-0.5380859	27.6875	130.2813	-58.3125	0.9365234	1.858398	-0.5058594	129.125	-198.0625	40.875	132.6684	60.04439	177.8316	103.9422	58.02234	165.6883
674.0671	-0.09472656	0.9912109	0.1865234	-19.1875	-60.375	9.875	-0.1669922	0.1845703	-0.5380859	27.6875	130.2813	-58.3125	0.9365234	1.858398	-0.5058594	129.125	-198.0625	40.875	132.6684	60.04439	177.8316	103.9422	58.02234	165.6883
674.1	-0.09472656	0.9912109	0.1865234	-19.1875	-60.375	9.875	-0.1669922	0.1845703	-0.5380859	27.6875	130.2813	-58.3125	-0.08398438	0.02050781	-0.6669922	-197.5313	-1.46875	99.71875	132.6684	60.04439	177.8316	96.10978	82.41861	166.861
674.1333	-0.09472656	0.9912109	0.1865234	-19.1875	-60.375	9.875	-0.1669922	0.1845703	-0.5380859	27.6875	130.2813	-58.3125	-0.08398438	0.02050781	-0.6669922	-197.5313	-1.46875	99.71875	151.8995	60.24488	169.3593	96.10978	82.41861	166.861
674.1671	-0.09472656	0.9912109	0.1865234	-19.1875	-60.375	9.875	-0.1669922	0.1845703	-0.5380859	27.6875	130.2813	-58.3125	-0.08398438	0.02050781	-0.6669922	-197.5313	-1.46875	99.71875	151.8995	60.24488	169.3593	96.10978	82.41861	166.861
674.1998	-0.09472656	0.9912109	0.1865234	-19.1875	-60.375	9.875	-0.1669922	0.1845703	-0.5380859	27.6875	130.2813	-58.3125	-0.08398438	0.02050781	-0.6669922	-197.5313	-1.46875	99.71875	151.8995	60.24488	169.3593	127.2774	13.06371	170.5892
674.2333	-0.09472656	0.9912109	0.1865234	-19.1875	-60.375	9.875	-0.1669922	0.1845703	-0.5380859	27.6875	130.2813	-58.3125	-0.890625	0.4833984	-1.507813	-387.5313	-14.25	-41.8125	151.8995	60.24488	169.3593	127.2774	13.06371	170.5892
674.2669	0.3925781	1.368164	-0.4404297	-39.6875	60.96875	-48.78125	0.2861328	1.34082	-0.484375	154.5938	-74.90625	-68	-0.890625	0.4833984	-1.507813	-387.5313	-14.25	-41.8125	170.509	45.5178	166.3184	127.2774	13.06371	170.5892
674.2994	0.3925781	1.368164	-0.4404297	-39.6875	60.96875	-48.78125	0.2861328	1.34082	-0.484375	154.5938	-74.90625	-68	-0.890625	0.4833984	-1.507813	-387.5313	-14.25	-41.8125	170.509	45.5178	166.3184	127.2774	13.06371	170.5892
674.3331	-0.04394531	0.5732422	-0.1230469	-48	18.96875	-3.25	0.2861328	1.34082	-0.484375	154.5938	-74.90625	-68	0.1162109	-0.8779297	1.121094	-357.25	-13.4375	54.375	170.509	45.5178	166.3184	183.602	13.58915	175.5714
674.3668	-0.04394531	0.5732422	-0.1230469	-48	18.96875	-3.25	0.2861328	1.34082	-0.484375	154.5938	-74.90625	-68	0.1162109	-0.8779297	1.121094	-357.25	-13.4375	54.375	192.3119	45.78815	164.9809	183.602	13.58915	175.5714
674.3997	-0.04394531	0.5732422	-0.1230469	-48	18.96875	-3.25	0.2861328	1.34082	-0.484375	154.5938	-74.90625	-68	0.1162109	-0.8779297	1.121094	-357.25	-13.4375	54.375	192.3119	45.78815	164.9809	203.2485	9.32457	195.2603
674.4333	-0.04394531	0.5732422	-0.1230469	-48	18.96875	-3.25	0.2861328	1.34082	-0.484375	154.5938	-74.90625	-68	-1.989258	1.65918	-2	52.15625	193.5938	-65.625	192.3119	45.78815	164.9809	203.2485	9.32457	195.2603
674.4662	-0.04394531	0.5732422	-0.1230469	-48	18.96875	-3.25	0.2861328	1.34082	-0.484375	154.5938	-74.90625	-68	-1.989258	1.65918	-2	52.15625	193.5938	-65.625	192.3119	45.78815	164.9809	203.2485	9.32457	195.2603
674.5001	-0.04394531	0.5732422	-0.1230469	-48	18.96875	-3.25	0.2861328	1.34082	-0.484375	154.5938	-74.90625	-68	-1.989258	1.65918	-2	52.15625	193.5938	-65.625	192.3119	45.78815	164.9809	180.1235	9.414082	180.7615
674.5333	-0.04394531	0.5732422	-0.1230469	-48	18.96875	-3.25	0.7412109	1.325195	1.144531	102.6563	-103.0938	-37.3125	-0.5634766	-0.8623047	0.1347656	-179.3438	294.2813	-15.28125	192.3119	45.78815	164.9809	180.1235	9.414082	180.7615
674.5663	-0.04394531	0.5732422	-0.1230469	-48	18.96875	-3.25	0.7412109	1.325195	1.144531	102.6563	-103.0938	-37.3125	-0.5634766	-0.8623047	0.1347656	-179.3438	294.2813	-15.28125	192.3119	45.78815	164.9809	180.1235	9.414082	180.7615
674.5997	0.5576172	0.9941406	-0.2050781	-92.65625	-46.59375	-8.8125	0.7412109	1.325195	1.144531	102.6563	-103.0938	-37.3125	-0.5634766	-0.8623047	0.1347656	-179.3438	294.2813	-15.28125	194.506	55.45007	168.4175	180.1235	9.414082	180.7615
674.6332	0.5576172	0.9941406	-0.2050781	-92.65625	-46.59375	-8.8125	0.7412109	1.325195	1.144531	102.6563	-103.0938	-37.3125	0.3339844	0.9013672	-0.2333984	24.46875	21.09375	100.3125	194.506	55.45007	168.4175	172.7619	356.2241	177.0739
674.6669	-0.328125	1.993164	-0.5126953	63.8125	-11.96875	70.53125	0.7412109	1.325195	1.144531	102.6563	-103.0938	-37.3125	0.3339844	0.9013672	-0.2333984	24.46875	21.09375	100.3125	194.506	55.45007	168.4175	172.7619	356.2241	177.0739
674.6992	-0.328125	1.993164	-0.5126953	63.8125	-11.96875	70.53125	0.7412109	1.325195	1.144531	102.6563	-103.0938	-37.3125	0.3339844	0.9013672	-0.2333984	24.46875	21.09375	100.3125	183.8103	55.62314	167.8973	161.7567	2.099187	177.8832
674.7338	0.0234375	0.1220703	0.1054688	-82.46875	73.78125	-30.28125	0.7412109	1.325195	1.144531	102.6563	-103.0938	-37.3125	-0.2919922	1.131836	0.3466797	132.6875	36.0625	-66.375	183.8103	55.62314	167.8973	161.7567	2.099187	177.8832
674.7667	0.0234375	0.1220703	0.1054688	-82.46875	73.78125	-30.28125	-0.5244141	0.9277344	-0.8251953	-181.5938	29.03125	91.96875	-0.2919922	1.131836	0.3466797	132.6875	36.0625	-66.375	183.8103	55.62314	167.8973	161.7567	2.099187	177.8832
674.7995	0.0234375	0.1220703	0.1054688	-82.46875	73.78125	-30.28125	-0.5244141	0.9277344	-0.8251953	-181.5938	29.03125	91.96875	-0.2919922	1.131836	0.3466797	132.6875	36.0625	-66.375	183.8103	55.62314	167.8973	156.8693	3.760816	174.3245
674.8333	0.0234375	0.1220703	0.1054688	-82.46875	73.78125	-30.28125	-0.1806641	0.07226563	-0.7587891	-55	46.75	92.34375	-0.07226563	1.999023	0.3310547	326.9375	-120.3125	-33.65625	177.1476	59.86747	166.6258	156.8693	3.760816	174.3245
674.8663	0.0234375	0.1220703	0.1054688	-82.46875	73.78125	-30.28125	-0.1806641	0.07226563	-0.7587891	-55	46.75	92.34375	-0.07226563	1.999023	0.3310547	326.9375	-120.3125	-33.65625	177.1476	59.86747	166.6258	156.8693	3.760816	174.3245
674.8999	0.0234375	0.1220703	0.1054688	-82.46875	73.78125	-30.28125	-0.1806641	0.07226563	-0.7587891	-55	46.75	92.34375	-0.07226563	1.999023	0.3310547	326.9375	-120.3125	-33.65625	177.1476	59.86747	166.6258	156.8693	3.760816	174.3245
674.9335	0.0234375	0.1220703	0.1054688	-82.46875	73.78125	-30.28125	-0.1806641	0.07226563	-0.7587891	-55	46.75	92.34375	-0.6474609	1.550781	-1.667969	263.9063	-23.40625	-478.0938	177.1476	59.86747	166.6258	137.6826	11.03698	166.6273
674.9674	0.0234375	0.1220703	0.1054688	-82.46875	73.78125	-30.28125	-0.05859375	1.957031	1.985352	-146.3125	197.875	-34.9375	-0.6474609	1.550781	-1.667969	263.9063	-23.40625	-478.0938	177.1476	59.86747	166.6258	137.6826	11.03698	166.6273
674.9997	-0.2773438	0.9667969	-0.1181641	-92.78125	-3.625	-0.125	-0.05859375	1.957031	1.985352	-146.3125	197.875	-34.9375	0.09472656	-0.3291016	-1.445313	-438.1875	185.2188	-158.4688	177.1476	59.86747	166.6258	137.6826	11.03698	166.6273
675.0331	-0.2773438	0.9667969	-0.1181641	-92.78125	-3.625	-0.125	-0.05859375	1.957031	1.985352	-146.3125	197.875	-34.9375	0.09472656	-0.3291016	-1.445313	-438.1875	185.2188	-158.4688	177.1476	59.86747	166.6258	141.0985	354.3391	153.6863
675.0663	-0.2773438	0.9667969	-0.1181641	-92.78125	-3.625	-0.125	-0.05859375	1.957031	1.985352	-146.3125	197.875	-34.9375	0.09472656	-0.3291016	-1.445313	-438.1875	185.2188	-158.4688	177.1476	59.86747	166.6258	141.0985	354.3391	153.6863
675.0991	-0.2773438	0.9667969	-0.1181641	-92.78125	-3.625	-0.125	-0.05859375	1.957031	1.985352	-146.3125	197.875	-34.9375	0.09472656	-0.3291016	-1.445313	-438.1875	185.2188	-158.4688	179.1815	50.33756	165.5834	177.1735	344.976	154.9541
675.1326	-0.2773438	0.9667969	-0.1181641	-92.78125	-3.625	-0.125	-0.05859375	1.957031	1.985352	-146.3125	197.875	-34.9375	0.7324219	0.5996094	-1.354492	-431.7188	329.3438	67.90625	179.1815	50.33756	165.5834	177.1735	344.976	154.9541
675.166	-0.2773438	0.9667969	-0.1181641	-92.78125	-3.625	-0.125	-0.05859375	1.957031	1.985352	-146.3125	197.875	-34.9375	0.7324219	0.5996094	-1.354492	-431.7188	329.3438	67.90625	179.1815	50.33756	165.5834	177.1735	344.976	154.9541
675.1987	-0.2773438	0.9667969	-0.1181641	-92.78125	-3.625	-0.125	-0.05859375	1.957031	1.985352	-146.3125	197.875	-34.9375	0.7324219	0.5996094	-1.354492	-431.7188	329.3438	67.90625	198.8243	51.38897	164.013	177.1735	344.976	154.9541
675.2327	-0.2773438	0.9667969	-0.1181641	-92.78125	-3.625	-0.125	0.3115234	0.9775391	0.1259766	103.5625	-96.875	-89.0625	0.015625	1.43457	1.999023	-229.1563	153.125	-145.875	198.8243	51.38897	164.013	213.959	318.2721	164.1041
675.2659	0.1845703	0.5546875	0.1015625	1.625	-23.28125	-16.75	0.3115234	0.9775391	0.1259766	103.5625	-96.875	-89.0625	0.015625	1.43457	1.999023	-229.1563	153.125	-145.875	198.8243	51.38897	164.013	213.959	318.2721	164.1041
675.2988	0.1845703	0.5546875	0.1015625	1.625	-23.28125	-16.75	0.05078125	1.054688	0.5351563	97.34375	-124.4688	-53.71875	0.5566406	1.484375	-2	216.8438	-443.9375	-344.875	208.5529	55.24983	166.4983	213.959	318.2721	164.1041
675.3326	0.1845703	0.5546875	0.1015625	1.625	-23.28125	-16.75	0.05078125	1.054688	0.5351563	97.34375	-124.4688	-53.71875	0.5566406	1.484375	-2	216.8438	-443.9375	-344.875	208.5529	55.24983	166.4983	200.1085	304.2707	159.8515
675.3655	0.1181641	1.083984	-0.1298828	-80.59375	27.6875	-20.09375	0.05078125	1.054688	0.5351563	97.34375	-124.4688	-53.71875	0.5566406	1.484375	-2	216.8438	-443.9375	-344.875	213.1541	58.52374	171.1326	200.1085	304.2707	159.8515
675.3983	0.1181641	1.083984	-0.1298828	-80.59375	27.6875	-20.09375	0.2070313	1.30957	1.727539	-95.96875	122.9063	-33.46875	0.5566406	1.484375	-2	216.8438	-443.9375	-344.875	213.1541	58.52374	171.1326	200.1085	304.2707	159.8515
675.4322	0.1181641	1.083984	-0.1298828	-80.59375	27.6875	-20.09375	0.2070313	1.30957	1.727539	-95.96875	122.9063	-33.46875	-1.353516	1.320313	-0.2568359	-69.15625	98	-281.625	213.1541	58.52374	171.1326	198.088	298.2801	155.2167
675.4652	0.1181641	1.083984	-0.1298828	-80.59375	27.6875	-20.09375	0.2070313	1.30957	1.727539	-95.96875	122.9063	-33.46875	-1.353516	1.320313	-0.2568359	-69.15625	98	-281.625	213.1541	58.52374	171.1326	198.088	298.2801	155.2167
675.4987	0.1181641	1.083984	-0.1298828	-80.59375	27.6875	-20.09375	0.2070313	1.30957	1.727539	-95.96875	122.9063	-33.46875	-1.353516	1.320313	-0.2568359	-69.15625	98	-281.625	213.1541	58.52374	171.1326	198.088	298.2801	155.2167
675.5324	0.1181641	1.083984	-0.1298828	-80.59375	27.6875	-20.09375	0.2070313	1.30957	1.727539	-95.96875	122.9063	-33.46875	0.02246094	0.8964844	0.8466797	29.46875	77.6875	-51.03125	213.1541	58.52374	171.1326	210.2412	296.7828	153.3359
675.5655	0.1181641	1.083984	-0.1298828	-80.59375	27.6875	-20.09375	0.2070313	1.30957	1.727539	-95.96875	122.9063	-33.46875	0.02246094	0.8964844	0.8466797	29.46875	77.6875	-51.03125	213.1541	58.52374	171.1326	210.2412	296.7828	153.3359
675.5983	0.1181641	1.083984	-0.1298828	-80.59375	27.6875	-20.09375	0.2070313	1.30957	1.727539	-95.96875	122.9063	-33.46875	0.02246094	0.8964844	0.8466797	29.46875	77.6875	-51.03125	186.0241	36.21766	164.9337	210.2412	296.7828	153.3359
675.6317	0.1181641	1.083984	-0.1298828	-80.59375	27.6875	-20.09375	0.234375	1.061523	-1.412109	-125	88.59375	119.5	0.008789063	1.999023	0.7558594	218.9063	67.0625	-63.3125	186.0241	36.21766	164.9337	180.3251	311.9231	145.8969
675.6652	0.1181641	1.083984	-0.1298828	-80.59375	27.6875	-20.09375	0.234375	1.061523	-1.412109	-125	88.59375	119.5	0.008789063	1.999023	0.7558594	218.9063	67.0625	-63.3125	186.0241	36.21766	164.9337	180.3251	311.9231	145.8969
675.715	-0.06347656	1.223633	0.04492188	26.96875	122.3125	-15.28125	-0.6679688	-0.3857422	-0.8857422	-69.53125	236	-9.78125	0.008789063	1.999023	0.7558594	218.9063	67.0625	-63.3125	173.4697	57.19838	155.8855	180.3251	311.9231	145.8969
675.7171	-0.06347656	1.223633	0.04492188	26.96875	122.3125	-15.28125	-0.6679688	-0.3857422	-0.8857422	-69.53125	236	-9.78125	0.008789063	1.999023	0.7558594	218.9063	67.0625	-63.3125	173.4697	57.19838	155.8855	159.8071	318.1322	132.927
675.7491	-0.06347656	1.223633	0.04492188	26.96875	122.3125	-15.28125	-0.6679688	-0.3857422	-0.8857422	-69.53125	236	-9.78125	0.8837891	0.8740234	-1.364258	166.125	329.5625	-332.7813	173.4697	57.19838	155.8855	159.8071	318.1322	132.927
675.7816	-0.06347656	1.223633	0.04492188	26.96875	122.3125	-15.28125	-0.6679688	-0.3857422	-0.8857422	-69.53125	236	-9.78125	0.8837891	0.8740234	-1.364258	166.125	329.5625	-332.7813	173.4697	57.19838	155.8855	159.8071	318.1322	132.927
675.8153	-0.06347656	1.223633	0.04492188	26.96875	122.3125	-15.28125	-0.6679688	-0.3857422	-0.8857422	-69.53125	236	-9.78125	1.251953	0.6113281	-1.598633	-264.4688	180.9063	-213.1563	173.4697	57.19838	155.8855	157.8066	298.0805	127.8351
675.8491	0.4404297	1.412109	-1.452148	80	302.7813	-114.0938	-0.6679688	-0.3857422	-0.8857422	-69.53125	236	-9.78125	1.251953	0.6113281	-1.598633	-264.4688	180.9063	-213.1563	173.4697	57.19838	155.8855	157.8066	298.0805	127.8351
675.8817	0.4404297	1.412109	-1.452148	80	302.7813	-114.0938	-0.6679688	-0.3857422	-0.8857422	-69.53125	236	-9.78125	1.251953	0.6113281	-1.598633	-264.4688	180.9063	-213.1563	173.4697	57.19838	155.8855	157.8066	298.0805	127.8351
675.9153	0.4404297	1.412109	-1.452148	80	302.7813	-114.0938	-0.6679688	-0.3857422	-0.8857422	-69.53125	236	-9.78125	0.04101563	1.65918	-2	-376.5938	308.4063	-95.84375	173.4697	57.19838	155.8855	170.8082	252.236	146.0964
675.9495	0.5302734	1.119141	-0.3330078	-56.90625	81.34375	-25.65625	-0.6679688	-0.3857422	-0.8857422	-69.53125	236	-9.78125	0.04101563	1.65918	-2	-376.5938	308.4063	-95.84375	173.4697	57.19838	155.8855	170.8082	252.236	146.0964
675.9819	0.5302734	1.119141	-0.3330078	-56.90625	81.34375	-25.65625	-0.6679688	-0.3857422	-0.8857422	-69.53125	236	-9.78125	0.04101563	1.65918	-2	-376.5938	308.4063	-95.84375	173.4697	57.19838	155.8855	170.8082	252.236	146.0964
676.0157	0.5302734	1.119141	-0.3330078	-56.90625	81.34375	-25.65625	-0.6679688	-0.3857422	-0.8857422	-69.53125	236	-9.78125	0.04101563	1.65918	-2	-376.5938	308.4063	-95.84375	173.4697	57.19838	155.8855	194.3165	277.201	163.7801
676.0488	0.5302734	1.119141	-0.3330078	-56.90625	81.34375	-25.65625	-0.6679688	-0.3857422	-0.8857422	-69.53125	236	-9.78125	1.999023	-0.9785156	-1.700195	289.2188	-41.75	575.7813	173.4697	57.19838	155.8855	194.3165	277.201	163.7801
676.0816	0.5302734	1.119141	-0.3330078	-56.90625	81.34375	-25.65625	0.1142578	1.112305	0.4443359	96.90625	154.0313	-46.78125	1.999023	-0.9785156	-1.700195	289.2188	-41.75	575.7813	173.4697	57.19838	155.8855	194.3165	277.201	163.7801
676.1151	0.5302734	1.119141	-0.3330078	-56.90625	81.34375	-25.65625	0.1142578	1.112305	0.4443359	96.90625	154.0313	-46.78125	-0.1289063	-0.6162109	-1.643555	311.75	-142.3438	59.5	173.4697	57.19838	155.8855	176.8003	257	149.0598
676.1486	0.5302734	1.119141	-0.3330078	-56.90625	81.34375	-25.65625	0.1142578	1.112305	0.4443359	96.90625	154.0313	-46.78125	-0.1289063	-0.6162109	-1.643555	311.75	-142.3438	59.5	173.4697	57.19838	155.8855	176.8003	257	149.0598
676.1813	0.5302734	1.119141	-0.3330078	-56.90625	81.34375	-25.65625	0.0390625	1.52832	1.985352	-42.9375	46.75	-45.71875	-0.1289063	-0.6162109	-1.643555	311.75	-142.3438	59.5	173.4697	57.19838	155.8855	176.8003	257	149.0598
676.2155	0.2392578	0.4443359	-0.5429688	-55.125	153.1875	23.1875	0.0390625	1.52832	1.985352	-42.9375	46.75	-45.71875	-0.1875	1.223633	-0.1982422	57.71875	160.5	20.4375	173.4697	57.19838	155.8855	165.5726	276.6434	140.1022
676.2486	0.2392578	0.4443359	-0.5429688	-55.125	153.1875	23.1875	0.0390625	1.52832	1.985352	-42.9375	46.75	-45.71875	-0.1875	1.223633	-0.1982422	57.71875	160.5	20.4375	173.4697	57.19838	155.8855	165.5726	276.6434	140.1022
676.2816	0.2392578	0.4443359	-0.5429688	-55.125	153.1875	23.1875	2.007813	1.957031	-1.579102	-48.53125	80.25	75.4375	-0.4658203	1.100586	-0.4199219	30.4375	119.9688	-36.34375	173.4697	57.19838	155.8855	165.5726	276.6434	140.1022
676.3151	0.2392578	0.4443359	-0.5429688	-55.125	153.1875	23.1875	2.007813	1.957031	-1.579102	-48.53125	80.25	75.4375	-0.4658203	1.100586	-0.4199219	30.4375	119.9688	-36.34375	152.9624	68.94316	165.0734	146.8204	281.6962	147.5705
676.3488	0.2392578	0.4443359	-0.5429688	-55.125	153.1875	23.1875	2.007813	1.957031	-1.579102	-48.53125	80.25	75.4375	0.2255859	0.9824219	-0.2597656	69.25	102.9375	-41.6875	152.9624	68.94316	165.0734	146.8204	281.6962	147.5705
676.3811	0.2392578	0.4443359	-0.5429688	-55.125	153.1875	23.1875	0.4199219	1.578125	-1.764648	-151.625	433.4688	52.34375	0.2255859	0.9824219	-0.2597656	69.25	102.9375	-41.6875	152.9624	68.94316	165.0734	146.8204	281.6962	147.5705
676.4145	-0.2724609	0.6816406	-0.46875	9.1875	175.8125	-62.15625	0.4199219	1.578125	-1.764648	-151.625	433.4688	52.34375	0.2255859	0.9824219	-0.2597656	69.25	102.9375	-41.6875	152.9624	68.94316	165.0734	142.2451	279.6415	147.3904
676.4482	-0.2724609	0.6816406	-0.46875	9.1875	175.8125	-62.15625	0.4199219	1.578125	-1.764648	-151.625	433.4688	52.34375	0.2207031	1.47168	0.8154297	152.625	-77.03125	-37.375	152.9624	68.94316	165.0734	142.2451	279.6415	147.3904
676.4813	-0.2724609	0.6816406	-0.46875	9.1875	175.8125	-62.15625	0.4199219	1.578125	-1.764648	-151.625	433.4688	52.34375	0.2207031	1.47168	0.8154297	152.625	-77.03125	-37.375	152.9624	68.94316	165.0734	142.2451	279.6415	147.3904
676.5149	-0.2724609	0.6816406	-0.46875	9.1875	175.8125	-62.15625	0.4199219	1.578125	-1.764648	-151.625	433.4688	52.34375	0.2207031	1.47168	0.8154297	152.625	-77.03125	-37.375	152.9624	68.94316	165.0734	137.5013	338.0121	138.8346
676.5484	0.07128906	1.396484	0.1015625	68.53125	63.71875	-50.6875	0.4199219	1.578125	-1.764648	-151.625	433.4688	52.34375	0.2861328	1.999023	0.3769531	215	-126.4063	-25.34375	133.404	39.71115	192.7467	137.5013	338.0121	138.8346
676.5813	0.07128906	1.396484	0.1015625	68.53125	63.71875	-50.6875	0.4199219	1.578125	-1.764648	-151.625	433.4688	52.34375	0.2861328	1.999023	0.3769531	215	-126.4063	-25.34375	133.404	39.71115	192.7467	137.5013	338.0121	138.8346
676.6158	0.07128906	1.396484	0.1015625	68.53125	63.71875	-50.6875	-0.7578125	0.921875	0.1699219	-103.2813	45.03125	63.15625	0.2861328	1.999023	0.3769531	215	-126.4063	-25.34375	133.404	39.71115	192.7467	99.04606	359.5354	163.8741
676.649	0.07128906	1.396484	0.1015625	68.53125	63.71875	-50.6875	-0.7578125	0.921875	0.1699219	-103.2813	45.03125	63.15625	-0.08691406	0.5576172	-0.6503906	-164.5	26.71875	57.53125	133.404	39.71115	192.7467	99.04606	359.5354	163.8741
676.6813	0.07128906	1.396484	0.1015625	68.53125	63.71875	-50.6875	-0.7578125	0.921875	0.1699219	-103.2813	45.03125	63.15625	-0.08691406	0.5576172	-0.6503906	-164.5	26.71875	57.53125	133.404	39.71115	192.7467	99.04606	359.5354	163.8741
676.7147	0.07128906	1.396484	0.1015625	68.53125	63.71875	-50.6875	-0.7578125	0.921875	0.1699219	-103.2813	45.03125	63.15625	-0.08691406	0.5576172	-0.6503906	-164.5	26.71875	57.53125	133.404	39.71115	192.7467	110.2015	359.8554	167.2432
676.7482	0.2128906	1.012695	-0.2451172	-23.34375	-2.75	-34.1875	-1.992188	-0.03027344	-1.373047	8.59375	406.6563	86.78125	-0.1337891	0.6191406	-1.214844	-411.6875	-41.34375	25.375	133.404	39.71115	192.7467	110.2015	359.8554	167.2432
676.7811	0.2128906	1.012695	-0.2451172	-23.34375	-2.75	-34.1875	-1.992188	-0.03027344	-1.373047	8.59375	406.6563	86.78125	-0.1337891	0.6191406	-1.214844	-411.6875	-41.34375	25.375	133.404	39.71115	192.7467	110.2015	359.8554	167.2432
676.8149	0.2128906	1.012695	-0.2451172	-23.34375	-2.75	-34.1875	-1.992188	-0.03027344	-1.373047	8.59375	406.6563	86.78125	-0.1337891	0.6191406	-1.214844	-411.6875	-41.34375	25.375	133.404	39.71115	192.7467	138.3263	353.8344	173.3968
676.8486	0.2128906	1.012695	-0.2451172	-23.34375	-2.75	-34.1875	-1.992188	-0.03027344	-1.373047	8.59375	406.6563	86.78125	0.06738281	0.3466797	-0.6103516	-303.5313	14.5	73.21875	133.404	39.71115	192.7467	138.3263	353.8344	173.3968
676.8813	0.07714844	0.3916016	0.02246094	-66.90625	62.3125	2	-1.992188	-0.03027344	-1.373047	8.59375	406.6563	86.78125	0.06738281	0.3466797	-0.6103516	-303.5313	14.5	73.21875	133.404	39.71115	192.7467	138.3263	353.8344	173.3968
676.9149	0.07714844	0.3916016	0.02246094	-66.90625	62.3125	2	-1.992188	-0.03027344	-1.373047	8.59375	406.6563	86.78125	0.06738281	0.3466797	-0.6103516	-303.5313	14.5	73.21875	164.86	40.85803	194.6915	172.9984	359.7124	201.3978
676.9481	0.07714844	0.3916016	0.02246094	-66.90625	62.3125	2	-1.992188	-0.03027344	-1.373047	8.59375	406.6563	86.78125	1.999023	1.999023	-2	715	578.3438	-518.625	164.86	40.85803	194.6915	172.9984	359.7124	201.3978
676.9811	0.07714844	0.3916016	0.02246094	-66.90625	62.3125	2	0.4355469	1.144531	0.0703125	85.125	-16.0625	-52.5625	1.999023	1.999023	-2	715	578.3438	-518.625	164.86	40.85803	194.6915	149.7905	341.2036	187.63
677.0143	0.07714844	0.3916016	0.02246094	-66.90625	62.3125	2	0.4355469	1.144531	0.0703125	85.125	-16.0625	-52.5625	1.999023	1.999023	-2	715	578.3438	-518.625	164.86	40.85803	194.6915	149.7905	341.2036	187.63
677.048	0.07714844	0.3916016	0.02246094	-66.90625	62.3125	2	0.4355469	1.144531	0.0703125	85.125	-16.0625	-52.5625	-0.07714844	1.999023	-0.5878906	-61.65625	-54.6875	-168.8438	176.6544	42.30424	192.8995	149.7905	341.2036	187.63
677.0812	0.4335938	0.8291016	-0.3320313	-127.625	42.40625	-4.40625	0.4355469	1.144531	0.0703125	85.125	-16.0625	-52.5625	-0.07714844	1.999023	-0.5878906	-61.65625	-54.6875	-168.8438	176.6544	42.30424	192.8995	149.7905	341.2036	187.63
677.1143	0.4335938	0.8291016	-0.3320313	-127.625	42.40625	-4.40625	0.3886719	1.101563	0.8857422	91.65625	2.0625	-25.90625	-0.07714844	1.999023	-0.5878906	-61.65625	-54.6875	-168.8438	176.6544	42.30424	192.8995	144.9679	346.8972	191.3331
677.1477	0.4335938	0.8291016	-0.3320313	-127.625	42.40625	-4.40625	0.3886719	1.101563	0.8857422	91.65625	2.0625	-25.90625	0.004882813	0.7636719	-0.4931641	100.9375	1.75	-132.875	176.6544	42.30424	192.8995	144.9679	346.8972	191.3331
677.181	0.4335938	0.8291016	-0.3320313	-127.625	42.40625	-4.40625	0.3886719	1.101563	0.8857422	91.65625	2.0625	-25.90625	0.004882813	0.7636719	-0.4931641	100.9375	1.75	-132.875	176.6544	42.30424	192.8995	144.9679	346.8972	191.3331
677.2147	-0.9404297	1.259766	-0.4941406	46.5625	65.40625	-2.40625	0.3886719	1.101563	0.8857422	91.65625	2.0625	-25.90625	0.004882813	0.7636719	-0.4931641	100.9375	1.75	-132.875	162.1927	53.89744	190.8945	143.2616	355.2516	188.2167
677.2477	-0.9404297	1.259766	-0.4941406	46.5625	65.40625	-2.40625	0.3886719	1.101563	0.8857422	91.65625	2.0625	-25.90625	0.1923828	0.8691406	0.03613281	82.5	-27	-1.125	162.1927	53.89744	190.8945	143.2616	355.2516	188.2167
677.2807	-0.9404297	1.259766	-0.4941406	46.5625	65.40625	-2.40625	0.3886719	1.101563	0.8857422	91.65625	2.0625	-25.90625	0.1923828	0.8691406	0.03613281	82.5	-27	-1.125	162.1927	53.89744	190.8945	128.0928	353.6488	177.1381
677.3141	-0.9404297	1.259766	-0.4941406	46.5625	65.40625	-2.40625	0.3886719	1.101563	0.8857422	91.65625	2.0625	-25.90625	0.1923828	0.8691406	0.03613281	82.5	-27	-1.125	162.1927	53.89744	190.8945	128.0928	353.6488	177.1381
677.3477	-0.2099609	0.5253906	0.07226563	3.40625	40.625	-6	0.3886719	1.101563	0.8857422	91.65625	2.0625	-25.90625	-0.7587891	1.195313	-0.2783203	195.9063	-34.9375	-29.0625	162.1927	53.89744	190.8945	128.0928	353.6488	177.1381
677.3806	-0.2099609	0.5253906	0.07226563	3.40625	40.625	-6	0.3886719	1.101563	0.8857422	91.65625	2.0625	-25.90625	-0.7587891	1.195313	-0.2783203	195.9063	-34.9375	-29.0625	153.8138	51.02787	185.8809	128.0928	353.6488	177.1381
677.4145	-0.2099609	0.5253906	0.07226563	3.40625	40.625	-6	0.3886719	1.101563	0.8857422	91.65625	2.0625	-25.90625	-0.7587891	1.195313	-0.2783203	195.9063	-34.9375	-29.0625	153.8138	51.02787	185.8809	111.7616	40.40783	155.3945
677.4479	-0.2099609	0.5253906	0.07226563	3.40625	40.625	-6	0.3886719	1.101563	0.8857422	91.65625	2.0625	-25.90625	1.999023	-2	0.4980469	-278.3438	238.875	-106.0938	149.4527	47.66018	190.606	111.7616	40.40783	155.3945
677.4805	-0.2294922	1.208008	0.01855469	-45.375	26.84375	-21.9375	0.3886719	1.101563	0.8857422	91.65625	2.0625	-25.90625	1.999023	-2	0.4980469	-278.3438	238.875	-106.0938	149.4527	47.66018	190.606	111.7616	40.40783	155.3945
677.514	-0.2294922	1.208008	0.01855469	-45.375	26.84375	-21.9375	0.3886719	1.101563	0.8857422	91.65625	2.0625	-25.90625	1.999023	-2	0.4980469	-278.3438	238.875	-106.0938	149.4527	47.66018	190.606	111.7616	40.40783	155.3945
677.5478	-0.2294922	1.208008	0.01855469	-45.375	26.84375	-21.9375	0.3886719	1.101563	0.8857422	91.65625	2.0625	-25.90625	0.4824219	0.3964844	-1.754883	84.9375	220.3125	6.875	149.4527	47.66018	190.606	91.19322	85.31193	164.1319
677.5806	-0.2294922	1.208008	0.01855469	-45.375	26.84375	-21.9375	0.3886719	1.101563	0.8857422	91.65625	2.0625	-25.90625	0.4824219	0.3964844	-1.754883	84.9375	220.3125	6.875	149.4527	47.66018	190.606	102.3812	359.0424	164.3531
677.6138	-0.2294922	1.208008	0.01855469	-45.375	26.84375	-21.9375	0.3886719	1.101563	0.8857422	91.65625	2.0625	-25.90625	0.4824219	0.3964844	-1.754883	84.9375	220.3125	6.875	149.4527	47.66018	190.606	102.3812	359.0424	164.3531
677.6478	-0.2294922	1.208008	0.01855469	-45.375	26.84375	-21.9375	0.3886719	1.101563	0.8857422	91.65625	2.0625	-25.90625	0.06152344	0.6132813	-0.9160156	-281.0938	45.6875	-362.5625	149.4527	47.66018	190.606	102.3812	359.0424	164.3531
677.6805	-0.2294922	1.208008	0.01855469	-45.375	26.84375	-21.9375	0.3886719	1.101563	0.8857422	91.65625	2.0625	-25.90625	0.06152344	0.6132813	-0.9160156	-281.0938	45.6875	-362.5625	149.4527	47.66018	190.606	102.3812	359.0424	164.3531
677.7141	0.2753906	0.453125	-0.03710938	-28.53125	-17.21875	-10.28125	0.3886719	1.101563	0.8857422	91.65625	2.0625	-25.90625	0.06152344	0.6132813	-0.9160156	-281.0938	45.6875	-362.5625	149.4527	47.66018	190.606	121.7615	306.304	156.5229
677.7474	0.2753906	0.453125	-0.03710938	-28.53125	-17.21875	-10.28125	0.1816406	0.8886719	-0.2128906	104.7813	-18.625	-61.78125	0.7744141	-0.3115234	-1.801758	-17.90625	480.0313	-386.9688	149.4527	47.66018	190.606	121.7615	306.304	156.5229
677.7806	0.2753906	0.453125	-0.03710938	-28.53125	-17.21875	-10.28125	0.1816406	0.8886719	-0.2128906	104.7813	-18.625	-61.78125	0.7744141	-0.3115234	-1.801758	-17.90625	480.0313	-386.9688	149.4527	47.66018	190.606	121.7615	306.304	156.5229
677.8143	0.2753906	0.453125	-0.03710938	-28.53125	-17.21875	-10.28125	0.1816406	0.8886719	-0.2128906	104.7813	-18.625	-61.78125	0.7744141	-0.3115234	-1.801758	-17.90625	480.0313	-386.9688	149.4527	47.66018	190.606	132.4226	232.6934	155.2569
677.8479	0.2753906	0.453125	-0.03710938	-28.53125	-17.21875	-10.28125	0.1816406	0.8886719	-0.2128906	104.7813	-18.625	-61.78125	0.6884766	0.7802734	-0.3603516	-118.9688	63.09375	64.4375	188.0818	53.99276	185.089	132.4226	232.6934	155.2569
677.8805	0.2753906	0.453125	-0.03710938	-28.53125	-17.21875	-10.28125	0.1816406	0.8886719	-0.2128906	104.7813	-18.625	-61.78125	0.6884766	0.7802734	-0.3603516	-118.9688	63.09375	64.4375	188.0818	53.99276	185.089	156.7697	243.5418	135.6551
677.9136	0.8037109	0.6962891	-1.09668	69.8125	26.46875	-48.0625	0.2705078	1.291992	0.8232422	73.28125	-95.15625	-11.5	0.6884766	0.7802734	-0.3603516	-118.9688	63.09375	64.4375	188.0818	53.99276	185.089	156.7697	243.5418	135.6551
677.9468	0.8037109	0.6962891	-1.09668	69.8125	26.46875	-48.0625	0.2705078	1.291992	0.8232422	73.28125	-95.15625	-11.5	-0.8603516	1.172852	-0.4873047	-91.5625	111.0625	-121.6563	184.8859	62.25974	189.9234	156.7697	243.5418	135.6551
677.9802	0.8037109	0.6962891	-1.09668	69.8125	26.46875	-48.0625	0.2705078	1.291992	0.8232422	73.28125	-95.15625	-11.5	-0.8603516	1.172852	-0.4873047	-91.5625	111.0625	-121.6563	184.8859	62.25974	189.9234	156.7697	243.5418	135.6551
678.0134	0.8037109	0.6962891	-1.09668	69.8125	26.46875	-48.0625	2.007813	1.890625	-1.182617	-144.8438	-116.4688	17.0625	-0.8603516	1.172852	-0.4873047	-91.5625	111.0625	-121.6563	184.8859	62.25974	189.9234	156.4515	224.5383	153.533
678.0468	-0.1269531	1.466797	0.08496094	-62.21875	194.1875	26.65625	2.007813	1.890625	-1.182617	-144.8438	-116.4688	17.0625	-0.01660156	0.5410156	-1.008789	-4.96875	56.0625	22.375	184.8859	62.25974	189.9234	156.4515	224.5383	153.533
678.0797	-0.1269531	1.466797	0.08496094	-62.21875	194.1875	26.65625	2.007813	1.890625	-1.182617	-144.8438	-116.4688	17.0625	-0.01660156	0.5410156	-1.008789	-4.96875	56.0625	22.375	184.8859	62.25974	189.9234	156.4515	224.5383	153.533
678.114	-0.1269531	1.466797	0.08496094	-62.21875	194.1875	26.65625	2.007813	1.890625	-1.182617	-144.8438	-116.4688	17.0625	-0.01660156	0.5410156	-1.008789	-4.96875	56.0625	22.375	184.8859	62.25974	189.9234	153.5669	216.4957	152.9674
678.1469	-0.1269531	1.466797	0.08496094	-62.21875	194.1875	26.65625	0.05175781	0.9208984	-1.431641	-104.6875	278.625	63.53125	0.04394531	0.8173828	-0.6035156	-37.1875	129.6875	-19.96875	170.7865	51.18262	191.2803	153.5669	216.4957	152.9674
678.1796	-0.1269531	1.466797	0.08496094	-62.21875	194.1875	26.65625	0.05175781	0.9208984	-1.431641	-104.6875	278.625	63.53125	0.04394531	0.8173828	-0.6035156	-37.1875	129.6875	-19.96875	165.5901	33.6549	187.6565	153.5669	216.4957	152.9674
678.2132	-0.1269531	1.466797	0.08496094	-62.21875	194.1875	26.65625	0.05175781	0.9208984	-1.431641	-104.6875	278.625	63.53125	0.04394531	0.8173828	-0.6035156	-37.1875	129.6875	-19.96875	165.5901	33.6549	187.6565	133.2214	243.612	180.1065
678.2469	-0.1132813	1.15918	-0.5634766	16.15625	228.375	-44.21875	0.05175781	0.9208984	-1.431641	-104.6875	278.625	63.53125	-0.3964844	0.9052734	-0.4150391	6.875	65.40625	-78.09375	165.5901	33.6549	187.6565	133.2214	243.612	180.1065
678.2799	-0.1132813	1.15918	-0.5634766	16.15625	228.375	-44.21875	0.05175781	0.9208984	-1.431641	-104.6875	278.625	63.53125	-0.3964844	0.9052734	-0.4150391	6.875	65.40625	-78.09375	174.5142	3.07143	193.9509	133.2214	243.612	180.1065
678.3133	-0.1132813	1.15918	-0.5634766	16.15625	228.375	-44.21875	0.05175781	0.9208984	-1.431641	-104.6875	278.625	63.53125	-0.3964844	0.9052734	-0.4150391	6.875	65.40625	-78.09375	174.5142	3.07143	193.9509	141.1393	266.8055	192.7099
678.3467	-0.1132813	1.15918	-0.5634766	16.15625	228.375	-44.21875	-0.5947266	0.5527344	-0.5449219	-87.53125	537.2188	-46.65625	-2	-0.1962891	0.75	68.53125	-77.71875	-587.2813	174.5142	3.07143	193.9509	141.1393	266.8055	192.7099
678.3801	-0.04785156	0.7353516	-0.59375	23.25	213.7813	-36.03125	-0.5947266	0.5527344	-0.5449219	-87.53125	537.2188	-46.65625	-2	-0.1962891	0.75	68.53125	-77.71875	-587.2813	192.6996	3.876002	201.6741	141.1393	266.8055	192.7099
678.4132	-0.04785156	0.7353516	-0.59375	23.25	213.7813	-36.03125	-1.577148	1.006836	-0.5527344	13.09375	70.1875	82.9375	-2	-0.1962891	0.75	68.53125	-77.71875	-587.2813	192.6996	3.876002	201.6741	153.1947	322.3593	214.9855
678.4465	-0.04785156	0.7353516	-0.59375	23.25	213.7813	-36.03125	-1.577148	1.006836	-0.5527344	13.09375	70.1875	82.9375	-2	-0.1962891	0.75	68.53125	-77.71875	-587.2813	192.6996	3.876002	201.6741	153.1947	322.3593	214.9855
678.4794	-0.04785156	0.7353516	-0.59375	23.25	213.7813	-36.03125	-1.577148	1.006836	-0.5527344	13.09375	70.1875	82.9375	-1.160156	1.999023	-0.8486328	2	35.625	-441.5313	192.6996	3.876002	201.6741	153.1947	322.3593	214.9855
678.5132	-0.04785156	0.7353516	-0.59375	23.25	213.7813	-36.03125	-1.577148	1.006836	-0.5527344	13.09375	70.1875	82.9375	-1.160156	1.999023	-0.8486328	2	35.625	-441.5313	192.6996	3.876002	201.6741	150.3689	315.3213	206.3228
678.5466	-0.04785156	0.7353516	-0.59375	23.25	213.7813	-36.03125	-1.577148	1.006836	-0.5527344	13.09375	70.1875	82.9375	0.07421875	0.5722656	-0.515625	74.03125	96.1875	-49.28125	192.6996	3.876002	201.6741	150.3689	315.3213	206.3228
678.58	0.2265625	0.6787109	-0.1279297	-9.15625	149.7188	-56.53125	-1.577148	1.006836	-0.5527344	13.09375	70.1875	82.9375	0.07421875	0.5722656	-0.515625	74.03125	96.1875	-49.28125	192.6996	3.876002	201.6741	150.3689	315.3213	206.3228
678.6132	0.2265625	0.6787109	-0.1279297	-9.15625	149.7188	-56.53125	-1.577148	1.006836	-0.5527344	13.09375	70.1875	82.9375	0.07421875	0.5722656	-0.515625	74.03125	96.1875	-49.28125	192.6996	3.876002	201.6741	157.1145	314.3409	205.7078
678.6465	0.2265625	0.6787109	-0.1279297	-9.15625	149.7188	-56.53125	-1.577148	1.006836	-0.5527344	13.09375	70.1875	82.9375	0.1103516	1.025391	-0.2539063	-23.5625	11.09375	1.28125	192.6996	3.876002	201.6741	157.1145	314.3409	205.7078
678.6796	0.2265625	0.6787109	-0.1279297	-9.15625	149.7188	-56.53125	-1.577148	1.006836	-0.5527344	13.09375	70.1875	82.9375	0.1103516	1.025391	-0.2539063	-23.5625	11.09375	1.28125	192.6996	3.876002	201.6741	157.1145	314.3409	205.7078
678.713	0.01953125	0.8935547	-0.3564453	14.9375	130.5938	-57.9375	-1.577148	1.006836	-0.5527344	13.09375	70.1875	82.9375	0.1103516	1.025391	-0.2539063	-23.5625	11.09375	1.28125	192.6996	3.876002	201.6741	160.2192	7.692157	230.6559
678.7463	0.01953125	0.8935547	-0.3564453	14.9375	130.5938	-57.9375	-1.577148	1.006836	-0.5527344	13.09375	70.1875	82.9375	0.3525391	0.9941406	-0.6484375	-53.25	25.125	4.125	192.6996	3.876002	201.6741	160.2192	7.692157	230.6559
678.7795	0.01953125	0.8935547	-0.3564453	14.9375	130.5938	-57.9375	-1.577148	1.006836	-0.5527344	13.09375	70.1875	82.9375	0.3525391	0.9941406	-0.6484375	-53.25	25.125	4.125	192.6996	3.876002	201.6741	160.2192	7.692157	230.6559
678.8126	0.01953125	0.8935547	-0.3564453	14.9375	130.5938	-57.9375	-1.577148	1.006836	-0.5527344	13.09375	70.1875	82.9375	0.3525391	0.9941406	-0.6484375	-53.25	25.125	4.125	192.6996	3.876002	201.6741	162.7266	24.87806	232.5642
678.8467	0.01953125	0.8935547	-0.3564453	14.9375	130.5938	-57.9375	0.08984375	0.4550781	-0.8037109	-106.6563	-51.34375	46.3125	0.5341797	0.8876953	-0.2744141	-20.59375	21.21875	32.53125	192.6996	3.876002	201.6741	162.7266	24.87806	232.5642
678.8792	0.01953125	0.8935547	-0.3564453	14.9375	130.5938	-57.9375	0.08984375	0.4550781	-0.8037109	-106.6563	-51.34375	46.3125	0.5341797	0.8876953	-0.2744141	-20.59375	21.21875	32.53125	172.2637	46.62988	164.235	162.7266	24.87806	232.5642
678.9128	0.01953125	0.8935547	-0.3564453	14.9375	130.5938	-57.9375	-0.7089844	0.4316406	0.5966797	-120.875	46.4375	68.03125	0.5341797	0.8876953	-0.2744141	-20.59375	21.21875	32.53125	172.2637	46.62988	164.235	150.3232	1.080836	183.5092
678.9461	0.01953125	0.8935547	-0.3564453	14.9375	130.5938	-57.9375	-0.7089844	0.4316406	0.5966797	-120.875	46.4375	68.03125	0.1035156	0.9082031	-0.2763672	-21.9375	9.875	-3.875	172.2637	46.62988	164.235	150.3232	1.080836	183.5092
678.9791	0.01953125	0.8935547	-0.3564453	14.9375	130.5938	-57.9375	-0.7089844	0.4316406	0.5966797	-120.875	46.4375	68.03125	0.1035156	0.9082031	-0.2763672	-21.9375	9.875	-3.875	172.2637	46.62988	164.235	150.3232	1.080836	183.5092
679.0129	0.01953125	0.8935547	-0.3564453	14.9375	130.5938	-57.9375	-0.7089844	0.4316406	0.5966797	-120.875	46.4375	68.03125	0.1035156	0.9082031	-0.2763672	-21.9375	9.875	-3.875	172.2637	46.62988	164.235	150.3232	1.080836	183.5092
679.0469	0.4189453	0.7460938	-0.1787109	29.15625	-12.78125	-32.375	-0.7089844	0.4316406	0.5966797	-120.875	46.4375	68.03125	0.1386719	0.9521484	-0.01171875	-11.625	6.03125	-0.625	157.7618	61.11388	164.5766	142.0817	3.630686	175.6739
679.0787	0.4189453	0.7460938	-0.1787109	29.15625	-12.78125	-32.375	-0.7089844	0.4316406	0.5966797	-120.875	46.4375	68.03125	0.1386719	0.9521484	-0.01171875	-11.625	6.03125	-0.625	157.7618	61.11388	164.5766	143.6105	2.494106	175.266
679.1127	-0.09863281	0.9277344	-1.003906	53.03125	20.625	-33.28125	-0.7089844	0.4316406	0.5966797	-120.875	46.4375	68.03125	0.1386719	0.9521484	-0.01171875	-11.625	6.03125	-0.625	157.7618	61.11388	164.5766	143.6105	2.494106	175.266
679.1461	-0.09863281	0.9277344	-1.003906	53.03125	20.625	-33.28125	-0.7089844	0.4316406	0.5966797	-120.875	46.4375	68.03125	0.1386719	0.9521484	-0.01171875	-11.625	6.03125	-0.625	157.7618	61.11388	164.5766	143.6105	2.494106	175.266
679.1793	-0.09863281	0.9277344	-1.003906	53.03125	20.625	-33.28125	0.3408203	0.6582031	0.6181641	-65.75	14.75	47.46875	0.08300781	0.9472656	-0.1357422	1.3125	6.6875	-0.4375	157.7618	61.11388	164.5766	143.6105	2.494106	175.266
679.213	-0.09863281	0.9277344	-1.003906	53.03125	20.625	-33.28125	0.3408203	0.6582031	0.6181641	-65.75	14.75	47.46875	0.08300781	0.9472656	-0.1357422	1.3125	6.6875	-0.4375	157.7618	61.11388	164.5766	144.3392	3.626772	174.4355
679.246	-0.09863281	0.9277344	-1.003906	53.03125	20.625	-33.28125	0.3408203	0.6582031	0.6181641	-65.75	14.75	47.46875	0.09765625	0.7988281	-0.1484375	1.21875	5.53125	-7.34375	138.3292	63.81389	165.3048	144.3392	3.626772	174.4355
679.2789	-0.09863281	0.9277344	-1.003906	53.03125	20.625	-33.28125	0.3408203	0.6582031	0.6181641	-65.75	14.75	47.46875	0.09765625	0.7988281	-0.1484375	1.21875	5.53125	-7.34375	138.3292	63.81389	165.3048	144.3392	3.626772	174.4355
679.3127	-0.09863281	0.9277344	-1.003906	53.03125	20.625	-33.28125	0.3408203	0.6582031	0.6181641	-65.75	14.75	47.46875	0.09765625	0.7988281	-0.1484375	1.21875	5.53125	-7.34375	138.3292	63.81389	165.3048	128.8546	18.79293	165.1398
679.3664	-0.09863281	0.9277344	-1.003906	53.03125	20.625	-33.28125	0.6777344	0.4970703	0.9521484	-67.65625	-3.5625	34.53125	0.04394531	0.9169922	-0.2236328	3.28125	-1.25	-1	138.3292	63.81389	165.3048	128.8546	18.79293	165.1398
679.3952	-0.09863281	0.9277344	-1.003906	53.03125	20.625	-33.28125	0.5126953	0.3876953	0.7734375	0.53125	-10.9375	5.53125	0.04394531	0.9169922	-0.2236328	3.28125	-1.25	-1	138.3292	63.81389	165.3048	128.8546	18.79293	165.1398
679.4291	-0.09863281	0.9277344	-1.003906	53.03125	20.625	-33.28125	1.143555	0.3222656	0.8759766	-13.6875	9.625	0.46875	0.04394531	0.9169922	-0.2236328	3.28125	-1.25	-1	138.3292	63.81389	165.3048	127.8048	19.34643	164.2105
679.4625	-0.09863281	0.9277344	-1.003906	53.03125	20.625	-33.28125	1.143555	0.3222656	0.8759766	-13.6875	9.625	0.46875	0.1933594	0.9267578	-0.1875	5.34375	-3.125	1.8125	138.3292	63.81389	165.3048	127.8048	19.34643	164.2105
679.4951	0.046875	0.9443359	0.006835938	-34.1875	3.59375	-14.46875	1.143555	0.3222656	0.8759766	-13.6875	9.625	0.46875	0.1933594	0.9267578	-0.1875	5.34375	-3.125	1.8125	120.7464	76.16328	165.1671	127.8048	19.34643	164.2105
679.5288	0.046875	0.9443359	0.006835938	-34.1875	3.59375	-14.46875	0.4462891	0.2460938	0.8808594	-16.6875	5.125	1.5	0.07714844	0.8847656	-0.2773438	3.65625	-3.1875	2.59375	120.7464	76.16328	165.1671	127.8048	19.34643	164.2105
679.5623	0.046875	0.9443359	0.006835938	-34.1875	3.59375	-14.46875	0.4462891	0.2460938	0.8808594	-16.6875	5.125	1.5	0.07714844	0.8847656	-0.2773438	3.65625	-3.1875	2.59375	120.7464	76.16328	165.1671	113.1595	37.59811	154.2206
679.5947	0.046875	0.9443359	0.006835938	-34.1875	3.59375	-14.46875	0.4462891	0.2460938	0.8808594	-16.6875	5.125	1.5	0.07714844	0.8847656	-0.2773438	3.65625	-3.1875	2.59375	120.7464	76.16328	165.1671	113.1595	37.59811	154.2206
679.6287	0.002929688	0.9775391	0.002929688	-11.5	0.03125	3.03125	0.4462891	0.2460938	0.8808594	-16.6875	5.125	1.5	0.03027344	0.9443359	-0.2685547	2.1875	-5.4375	5.1875	120.7464	76.16328	165.1671	112.8487	38.78591	153.7035
679.6622	0.05566406	1.098633	0.04296875	-18.75	7.5	-2.34375	0.4462891	0.2460938	0.8808594	-16.6875	5.125	1.5	0.03027344	0.9443359	-0.2685547	2.1875	-5.4375	5.1875	120.7464	76.16328	165.1671	112.8487	38.78591	153.7035
679.6948	0.05566406	1.098633	0.04296875	-18.75	7.5	-2.34375	0.4462891	0.2460938	0.8808594	-16.6875	5.125	1.5	0.03027344	0.9443359	-0.2685547	2.1875	-5.4375	5.1875	120.7464	76.16328	165.1671	112.8487	38.78591	153.7035
679.7285	0.05566406	1.098633	0.04296875	-18.75	7.5	-2.34375	0.4462891	0.2460938	0.8808594	-16.6875	5.125	1.5	0.03027344	0.9443359	-0.2685547	2.1875	-5.4375	5.1875	120.7464	76.16328	165.1671	112.6412	39.95428	153.3063
679.7617	0.05566406	1.098633	0.04296875	-18.75	7.5	-2.34375	0.4462891	0.2460938	0.8808594	-16.6875	5.125	1.5	0.140625	0.9267578	-0.1728516	3.21875	-3	2.78125	120.7464	76.16328	165.1671	112.6412	39.95428	153.3063
679.7947	0.1289063	0.9140625	0.07714844	2.5625	-24.75	14.6875	0.4462891	0.2460938	0.8808594	-16.6875	5.125	1.5	0.140625	0.9267578	-0.1728516	3.21875	-3	2.78125	120.7464	76.16328	165.1671	112.6412	39.95428	153.3063
679.828	0.1289063	0.9140625	0.07714844	2.5625	-24.75	14.6875	0.4462891	0.2460938	0.8808594	-16.6875	5.125	1.5	0.1748047	0.8466797	-0.07324219	1.625	0.40625	1.9375	120.7464	76.16328	165.1671	112.6412	39.95428	153.3063
679.8611	0.1289063	0.9140625	0.07714844	2.5625	-24.75	14.6875	0.4589844	0.3466797	0.8974609	0.65625	-4.59375	-1.0625	0.1748047	0.8466797	-0.07324219	1.625	0.40625	1.9375	115.3635	77.44858	167.4525	112.0247	40.73974	153.4408
679.8942	0.1289063	0.9140625	0.07714844	2.5625	-24.75	14.6875	0.4589844	0.3466797	0.8974609	0.65625	-4.59375	-1.0625	0.1748047	0.8466797	-0.07324219	1.625	0.40625	1.9375	115.3635	77.44858	167.4525	112.0247	40.73974	153.4408
679.9279	0.1289063	0.9140625	0.07714844	2.5625	-24.75	14.6875	0.4589844	0.3466797	0.8974609	0.65625	-4.59375	-1.0625	0.1748047	0.8466797	-0.07324219	1.625	0.40625	1.9375	115.4915	77.08442	167.8457	106.9978	52.4873	154.0422
