938.5187	-0.05273438	0.8710938	-0.2441406	-17.21875	1.28125	2.375	-0.1455078	0.4667969	0.9775391	2.84375	2.375	-7.46875	-0.07617188	0.8134766	-0.4052734	1.9375	-2.75	0.59375	331.2724	212.3185	141.2661	216.6309	241.8827	141.8552
938.5479	-0.1210938	0.8974609	0.01464844	-9.0625	1.28125	-2.75	-0.1455078	0.4667969	0.9775391	2.84375	2.375	-7.46875	-0.1035156	0.7744141	-0.2851563	-0.3125	-1.53125	0.90625	331.2724	212.3185	141.2661	216.6309	241.8827	141.8552
938.5492	-0.1210938	0.8974609	0.01464844	-9.0625	1.28125	-2.75	-0.1455078	0.4667969	0.9775391	2.84375	2.375	-7.46875	-0.1035156	0.7744141	-0.2851563	-0.3125	-1.53125	0.90625	329.4375	214.7292	138.8536	216.8001	241.4914	142.4387
938.5804	-0.05761719	0.8886719	-0.04492188	-0.4375	4.6875	-4.78125	-0.1455078	0.4667969	0.9775391	2.84375	2.375	-7.46875	-0.1035156	0.7744141	-0.2851563	-0.3125	-1.53125	0.90625	329.4375	214.7292	138.8536	216.8001	241.4914	142.4387
938.6141	-0.05761719	0.8886719	-0.04492188	-0.4375	4.6875	-4.78125	-0.2138672	0.4169922	0.8779297	0.21875	-2.625	1.8125	-0.1035156	0.7744141	-0.2851563	-0.3125	-1.53125	0.90625	329.4375	214.7292	138.8536	216.8001	241.4914	142.4387
938.6468	-0.05761719	0.8886719	-0.04492188	-0.4375	4.6875	-4.78125	-0.2636719	0.3818359	0.9414063	-1.40625	-5.03125	-0.8125	-0.1035156	0.7744141	-0.2851563	-0.3125	-1.53125	0.90625	329.4375	214.7292	138.8536	215.6243	243.4528	140.5523
938.6802	-0.05761719	0.8886719	-0.04492188	-0.4375	4.6875	-4.78125	-0.2636719	0.3818359	0.9414063	-1.40625	-5.03125	-0.8125	-0.2060547	0.9921875	-0.3691406	-0.3125	1.75	1.21875	329.4375	214.7292	138.8536	215.6243	243.4528	140.5523
938.7138	-0.05761719	0.8886719	-0.04492188	-0.4375	4.6875	-4.78125	-0.2636719	0.3818359	0.9414063	-1.40625	-5.03125	-0.8125	-0.2060547	0.9921875	-0.3691406	-0.3125	1.75	1.21875	329.4375	214.7292	138.8536	215.6243	243.4528	140.5523
938.7468	-0.05761719	0.8886719	-0.04492188	-0.4375	4.6875	-4.78125	-0.2636719	0.3818359	0.9414063	-1.40625	-5.03125	-0.8125	-0.1689453	0.8662109	-0.3525391	0.34375	1.4375	0.59375	329.4375	214.7292	138.8536	215.3646	243.6024	140.6326
938.7801	0.09179688	0.9980469	-0.07421875	-2.53125	-0.5625	4.4375	-0.2636719	0.3818359	0.9414063	-1.40625	-5.03125	-0.8125	-0.1689453	0.8662109	-0.3525391	0.34375	1.4375	0.59375	329.9135	214.2697	139.3149	215.3646	243.6024	140.6326
938.8139	0.09179688	0.9980469	-0.07421875	-2.53125	-0.5625	4.4375	-0.2636719	0.3818359	0.9414063	-1.40625	-5.03125	-0.8125	-0.1689453	0.8662109	-0.3525391	0.34375	1.4375	0.59375	329.9135	214.2697	139.3149	215.3646	243.6024	140.6326
938.8467	0.09179688	0.9980469	-0.07421875	-2.53125	-0.5625	4.4375	-0.2636719	0.3818359	0.9414063	-1.40625	-5.03125	-0.8125	-0.09667969	0.9111328	-0.3496094	1.375	0.84375	-0.25	329.9135	214.2697	139.3149	215.7685	242.8514	140.8246
938.8802	0.05859375	1.00293	-0.08691406	-4.65625	-2.34375	3.28125	-0.2636719	0.3818359	0.9414063	-1.40625	-5.03125	-0.8125	-0.09667969	0.9111328	-0.3496094	1.375	0.84375	-0.25	329.9135	214.2697	139.3149	215.7685	242.8514	140.8246
938.9141	0.05859375	1.00293	-0.08691406	-4.65625	-2.34375	3.28125	-0.2636719	0.3818359	0.9414063	-1.40625	-5.03125	-0.8125	-0.09667969	0.9111328	-0.3496094	1.375	0.84375	-0.25	330.0229	213.8475	139.6798	215.7685	242.8514	140.8246
938.9468	0.05859375	1.00293	-0.08691406	-4.65625	-2.34375	3.28125	-0.2636719	0.3818359	0.9414063	-1.40625	-5.03125	-0.8125	-0.01953125	0.9013672	-0.3457031	0.15625	-0.9375	0.21875	330.0229	213.8475	139.6798	215.7976	242.412	141.0242
938.9802	0.05859375	1.00293	-0.08691406	-4.65625	-2.34375	3.28125	-0.2636719	0.3818359	0.9414063	-1.40625	-5.03125	-0.8125	-0.01953125	0.9013672	-0.3457031	0.15625	-0.9375	0.21875	330.0229	213.8475	139.6798	215.7976	242.412	141.0242
939.0146	-0.01367188	1.003906	-0.08886719	-1.78125	1.6875	2	-0.2636719	0.3818359	0.9414063	-1.40625	-5.03125	-0.8125	-0.01953125	0.9013672	-0.3457031	0.15625	-0.9375	0.21875	330.0229	213.8475	139.6798	215.7976	242.412	141.0242
939.0467	-0.01367188	1.003906	-0.08886719	-1.78125	1.6875	2	-0.2636719	0.3818359	0.9414063	-1.40625	-5.03125	-0.8125	-0.2294922	0.8085938	-0.4697266	-0.125	0.59375	-0.1875	328.3683	215.805	137.702	215.9205	242.0018	141.1499
939.0813	-0.01367188	1.003906	-0.08886719	-1.78125	1.6875	2	-0.1230469	0.3583984	0.8720703	-0.875	-1.40625	0.78125	-0.2294922	0.8085938	-0.4697266	-0.125	0.59375	-0.1875	328.3683	215.805	137.702	215.9205	242.0018	141.1499
939.1136	-0.01367188	1.003906	-0.08886719	-1.78125	1.6875	2	-0.1230469	0.3583984	0.8720703	-0.875	-1.40625	0.78125	-0.2294922	0.8085938	-0.4697266	-0.125	0.59375	-0.1875	328.3683	215.805	137.702	215.9205	242.0018	141.1499
939.1475	0.09960938	1.098633	-0.04003906	-1.53125	1.875	0.34375	-0.1230469	0.3583984	0.8720703	-0.875	-1.40625	0.78125	-0.1464844	0.7304688	-0.3486328	0.03125	0.28125	-0.0625	328.3683	215.805	137.702	215.5393	242.0614	141.6164
939.1805	0.09960938	1.098633	-0.04003906	-1.53125	1.875	0.34375	-0.1230469	0.3583984	0.8720703	-0.875	-1.40625	0.78125	-0.1464844	0.7304688	-0.3486328	0.03125	0.28125	-0.0625	328.491	215.7647	137.7547	215.5393	242.0614	141.6164
939.2141	0.09960938	1.098633	-0.04003906	-1.53125	1.875	0.34375	-0.1230469	0.3583984	0.8720703	-0.875	-1.40625	0.78125	-0.1464844	0.7304688	-0.3486328	0.03125	0.28125	-0.0625	328.491	215.7647	137.7547	215.5393	242.0614	141.6164
939.2469	0.09960938	1.098633	-0.04003906	-1.53125	1.875	0.34375	-0.1230469	0.3583984	0.8720703	-0.875	-1.40625	0.78125	-0.2744141	0.96875	-0.3642578	0.59375	1.375	1.3125	328.491	215.7647	137.7547	216.1982	240.4438	143.3347
939.2809	0.09960938	1.098633	-0.04003906	-1.53125	1.875	0.34375	-0.1416016	0.4707031	0.8808594	0.46875	-1.1875	0.84375	-0.2744141	0.96875	-0.3642578	0.59375	1.375	1.3125	328.491	215.7647	137.7547	216.1982	240.4438	143.3347
939.3137	0.09960938	1.098633	-0.04003906	-1.53125	1.875	0.34375	-0.1416016	0.4707031	0.8808594	0.46875	-1.1875	0.84375	-0.2744141	0.96875	-0.3642578	0.59375	1.375	1.3125	328.491	215.7647	137.7547	216.1982	240.4438	143.3347
939.3467	0.09960938	1.098633	-0.04003906	-1.53125	1.875	0.34375	-0.1416016	0.4707031	0.8808594	0.46875	-1.1875	0.84375	-0.08886719	1.011719	-0.3457031	-0.1875	-1.34375	-0.3125	328.491	215.7647	137.7547	216.2225	240.4256	143.2074
939.3803	0.09960938	1.098633	-0.04003906	-1.53125	1.875	0.34375	-0.1416016	0.4707031	0.8808594	0.46875	-1.1875	0.84375	-0.08886719	1.011719	-0.3457031	-0.1875	-1.34375	-0.3125	328.491	215.7647	137.7547	216.2225	240.4256	143.2074
939.4136	0.09960938	1.098633	-0.04003906	-1.53125	1.875	0.34375	-0.1416016	0.4707031	0.8808594	0.46875	-1.1875	0.84375	-0.1113281	0.9365234	-0.4169922	0.15625	-0.6875	0.09375	328.491	215.7647	137.7547	216.2169	240.4209	143.2435
939.4468	0.09960938	1.098633	-0.04003906	-1.53125	1.875	0.34375	-0.1416016	0.4707031	0.8808594	0.46875	-1.1875	0.84375	-0.1113281	0.9365234	-0.4169922	0.15625	-0.6875	0.09375	327.5356	216.8011	136.7029	216.2169	240.4209	143.2435
939.4802	0.07617188	0.9306641	-0.09863281	-4.15625	2.0625	-3.125	-0.2050781	0.4042969	0.8388672	0.21875	0.03125	0.09375	-0.1113281	0.9365234	-0.4169922	0.15625	-0.6875	0.09375	327.5356	216.8011	136.7029	216.2169	240.4209	143.2435
939.5149	0.1855469	0.9882813	-0.06933594	-2.9375	0.84375	-3.6875	-0.2050781	0.4042969	0.8388672	0.21875	0.03125	0.09375	-0.2119141	0.8798828	-0.3271484	-0.5	1.28125	0.40625	327.5356	216.8011	136.7029	216.2169	240.4209	143.2435
939.5749	0.1855469	0.9882813	-0.06933594	-2.9375	0.84375	-3.6875	-0.1259766	0.4638672	0.9335938	1.875	0.40625	0.53125	-0.2119141	0.8798828	-0.3271484	-0.5	1.28125	0.40625	327.5356	216.8011	136.7029	216.2169	240.4209	143.2435
939.5967	0.1855469	0.9882813	-0.06933594	-2.9375	0.84375	-3.6875	-0.1259766	0.4638672	0.9335938	1.875	0.40625	0.53125	-0.1308594	0.9111328	-0.3056641	-0.5	1.6875	0.15625	327.5356	216.8011	136.7029	215.4863	241.5378	142.0722
939.6299	0.1855469	0.9882813	-0.06933594	-2.9375	0.84375	-3.6875	-0.1259766	0.4638672	0.9335938	1.875	0.40625	0.53125	-0.1308594	0.9111328	-0.3056641	-0.5	1.6875	0.15625	327.5356	216.8011	136.7029	216.0171	240.7229	142.673
939.6628	0.1855469	0.9882813	-0.06933594	-2.9375	0.84375	-3.6875	-0.1259766	0.4638672	0.9335938	1.875	0.40625	0.53125	-0.1308594	0.9111328	-0.3056641	-0.5	1.6875	0.15625	327.5356	216.8011	136.7029	216.0171	240.7229	142.673
939.6967	0.1855469	0.9882813	-0.06933594	-2.9375	0.84375	-3.6875	-0.1259766	0.4638672	0.9335938	1.875	0.40625	0.53125	-0.06542969	0.8945313	-0.3769531	-0.25	-0.1875	-0.1875	326.7331	217.6521	135.8477	216.0171	240.7229	142.673
939.7297	0.1855469	0.9882813	-0.06933594	-2.9375	0.84375	-3.6875	-0.1259766	0.4638672	0.9335938	1.875	0.40625	0.53125	-0.06542969	0.8945313	-0.3769531	-0.25	-0.1875	-0.1875	326.7331	217.6521	135.8477	215.5276	241.5282	141.9651
939.7623	0.1855469	0.9882813	-0.06933594	-2.9375	0.84375	-3.6875	-0.1259766	0.4638672	0.9335938	1.875	0.40625	0.53125	-0.06542969	0.8945313	-0.3769531	-0.25	-0.1875	-0.1875	326.5999	217.7879	135.7124	215.5276	241.5282	141.9651
939.7964	-0.09082031	0.8964844	0.06347656	-1.46875	0.96875	-2.625	-0.1259766	0.4638672	0.9335938	1.875	0.40625	0.53125	-0.06542969	0.8945313	-0.3769531	-0.25	-0.1875	-0.1875	326.5999	217.7879	135.7124	215.5276	241.5282	141.9651
939.8301	-0.09082031	0.8964844	0.06347656	-1.46875	0.96875	-2.625	-0.1259766	0.4638672	0.9335938	1.875	0.40625	0.53125	-0.1826172	0.9296875	-0.2421875	0.84375	1.8125	-0.4375	326.5999	217.7879	135.7124	215.5276	241.5282	141.9651
939.8627	-0.09082031	0.8964844	0.06347656	-1.46875	0.96875	-2.625	-0.1259766	0.4638672	0.9335938	1.875	0.40625	0.53125	-0.1826172	0.9296875	-0.2421875	0.84375	1.8125	-0.4375	326.5999	217.7879	135.7124	215.2136	241.895	141.7479
939.8969	0.1113281	0.9951172	0.1230469	-1.3125	0.53125	-1.96875	-0.1259766	0.4638672	0.9335938	1.875	0.40625	0.53125	-0.171875	1.039063	-0.3222656	1.21875	1.3125	-0.0625	326.5999	217.7879	135.7124	215.2136	241.895	141.7479
939.9297	0.1113281	0.9951172	0.1230469	-1.3125	0.53125	-1.96875	-0.1259766	0.4638672	0.9335938	1.875	0.40625	0.53125	-0.171875	1.039063	-0.3222656	1.21875	1.3125	-0.0625	326.5999	217.7879	135.7124	215.1691	242.0847	141.3176
939.9627	0.1113281	0.9951172	0.1230469	-1.3125	0.53125	-1.96875	-0.1259766	0.4638672	0.9335938	1.875	0.40625	0.53125	-0.171875	1.039063	-0.3222656	1.21875	1.3125	-0.0625	326.5999	217.7879	135.7124	215.1691	242.0847	141.3176
939.9963	0.1113281	0.9951172	0.1230469	-1.3125	0.53125	-1.96875	-0.1259766	0.4638672	0.9335938	1.875	0.40625	0.53125	-0.1152344	0.8652344	-0.3408203	0.09375	0.21875	0.40625	326.5999	217.7879	135.7124	215.1691	242.0847	141.3176
940.0298	0.00390625	0.9248047	-0.04785156	-1.65625	1.21875	-0.3125	-0.1259766	0.4638672	0.9335938	1.875	0.40625	0.53125	-0.1152344	0.8652344	-0.3408203	0.09375	0.21875	0.40625	326.5999	217.7879	135.7124	215.8428	241.0287	141.9589
940.0626	0.00390625	0.9248047	-0.04785156	-1.65625	1.21875	-0.3125	-0.07519531	0.3300781	0.8115234	-0.125	-1	0	-0.1152344	0.8652344	-0.3408203	0.09375	0.21875	0.40625	326.5999	217.7879	135.7124	215.8428	241.0287	141.9589
940.0964	0.00390625	0.9248047	-0.04785156	-1.65625	1.21875	-0.3125	-0.07519531	0.3300781	0.8115234	-0.125	-1	0	-0.02832031	0.8564453	-0.4033203	0.09375	1.6875	0.40625	326.5999	217.7879	135.7124	215.8428	241.0287	141.9589
940.1306	0.00390625	0.9248047	-0.04785156	-1.65625	1.21875	-0.3125	-0.07519531	0.3300781	0.8115234	-0.125	-1	0	-0.02832031	0.8564453	-0.4033203	0.09375	1.6875	0.40625	325.4366	219.1507	134.3712	215.3495	242.0992	140.6985
940.1624	-0.0390625	0.921875	0.04882813	-0.875	-0.375	-1.3125	-0.07519531	0.3300781	0.8115234	-0.125	-1	0	-0.02832031	0.8564453	-0.4033203	0.09375	1.6875	0.40625	325.4366	219.1507	134.3712	215.3495	242.0992	140.6985
940.1964	-0.0390625	0.921875	0.04882813	-0.875	-0.375	-1.3125	-0.07519531	0.3300781	0.8115234	-0.125	-1	0	-0.02832031	0.8564453	-0.4033203	0.09375	1.6875	0.40625	325.4366	219.1507	134.3712	215.3495	242.0992	140.6985
940.2295	-0.0390625	0.921875	0.04882813	-0.875	-0.375	-1.3125	-0.07519531	0.3300781	0.8115234	-0.125	-1	0	0.004882813	0.9169922	-0.3935547	-1.90625	0.15625	-2.40625	325.4366	219.1507	134.3712	215.3495	242.0992	140.6985
940.2623	-0.0390625	0.921875	0.04882813	-0.875	-0.375	-1.3125	-0.07519531	0.3300781	0.8115234	-0.125	-1	0	0.004882813	0.9169922	-0.3935547	-1.90625	0.15625	-2.40625	325.4366	219.1507	134.3712	215.7444	241.7514	140.9426
940.2965	-0.03515625	1.114258	-0.03613281	2	2.375	-0.5625	-0.1914063	0.3554688	0.9541016	-0.75	-0.3125	0.40625	-0.09277344	0.7587891	-0.3837891	2.78125	-20.40625	-3.625	325.4366	219.1507	134.3712	215.7444	241.7514	140.9426
940.3297	-0.03515625	1.114258	-0.03613281	2	2.375	-0.5625	-0.1914063	0.3554688	0.9541016	-0.75	-0.3125	0.40625	-0.09277344	0.7587891	-0.3837891	2.78125	-20.40625	-3.625	325.4366	219.1507	134.3712	215.7444	241.7514	140.9426
940.3624	-0.03515625	1.114258	-0.03613281	2	2.375	-0.5625	-0.1914063	0.3554688	0.9541016	-0.75	-0.3125	0.40625	-0.2011719	0.8330078	-0.4287109	23.1875	19.40625	-16.8125	324.9039	219.7451	133.7883	214.3431	242.1741	141.6202
940.3959	-0.03515625	1.114258	-0.03613281	2	2.375	-0.5625	-0.1914063	0.3554688	0.9541016	-0.75	-0.3125	0.40625	-0.2011719	0.8330078	-0.4287109	23.1875	19.40625	-16.8125	324.9039	219.7451	133.7883	214.1751	241.7523	142.5373
940.4293	-0.08105469	1.015625	0.01171875	2.78125	1.375	-0.0625	-0.1914063	0.3554688	0.9541016	-0.75	-0.3125	0.40625	-0.3095703	0.7158203	-0.4707031	25.0625	14.03125	-11.625	324.9039	219.7451	133.7883	214.1751	241.7523	142.5373
940.4623	-0.08105469	1.015625	0.01171875	2.78125	1.375	-0.0625	-0.1914063	0.3554688	0.9541016	-0.75	-0.3125	0.40625	-0.3095703	0.7158203	-0.4707031	25.0625	14.03125	-11.625	324.9039	219.7451	133.7883	214.1751	241.7523	142.5373
940.4962	-0.08105469	1.015625	0.01171875	2.78125	1.375	-0.0625	-0.1914063	0.3554688	0.9541016	-0.75	-0.3125	0.40625	0.05566406	0.703125	-0.6123047	36.78125	12.9375	0.53125	324.9039	219.7451	133.7883	214.1751	241.7523	142.5373
940.5295	-0.08105469	1.015625	0.01171875	2.78125	1.375	-0.0625	-0.1914063	0.3554688	0.9541016	-0.75	-0.3125	0.40625	0.05566406	0.703125	-0.6123047	36.78125	12.9375	0.53125	324.9039	219.7451	133.7883	215.503	239.0691	145.8887
940.5623	-0.08105469	1.015625	0.01171875	2.78125	1.375	-0.0625	-0.1914063	0.3554688	0.9541016	-0.75	-0.3125	0.40625	0.05566406	0.703125	-0.6123047	36.78125	12.9375	0.53125	324.9039	219.7451	133.7883	215.503	239.0691	145.8887
940.5961	-0.08105469	1.015625	0.01171875	2.78125	1.375	-0.0625	-0.1914063	0.3554688	0.9541016	-0.75	-0.3125	0.40625	-0.2275391	1.148438	-0.3076172	10.96875	-11.1875	-26.0625	324.9039	219.7451	133.7883	215.503	239.0691	145.8887
940.6293	0.1806641	0.953125	-0.02148438	5.28125	0.03125	0.84375	-0.1914063	0.3554688	0.9541016	-0.75	-0.3125	0.40625	-0.2275391	1.148438	-0.3076172	10.96875	-11.1875	-26.0625	324.9039	219.7451	133.7883	216.1221	238.6249	145.7099
940.6624	0.1806641	0.953125	-0.02148438	5.28125	0.03125	0.84375	-0.1914063	0.3554688	0.9541016	-0.75	-0.3125	0.40625	-0.2275391	1.148438	-0.3076172	10.96875	-11.1875	-26.0625	324.9039	219.7451	133.7883	216.1221	238.6249	145.7099
940.696	0.1806641	0.953125	-0.02148438	5.28125	0.03125	0.84375	-0.1914063	0.3554688	0.9541016	-0.75	-0.3125	0.40625	-0.3007813	0.90625	-0.5126953	20.0625	-2.59375	-21.4375	324.9039	219.7451	133.7883	216.1221	238.6249	145.7099
940.7291	0.1308594	0.8164063	0.02148438	8.09375	6.40625	8.21875	-0.1914063	0.3554688	0.9541016	-0.75	-0.3125	0.40625	-0.3007813	0.90625	-0.5126953	20.0625	-2.59375	-21.4375	324.9039	219.7451	133.7883	213.6329	237.4744	148.0796
940.762	0.1308594	0.8164063	0.02148438	8.09375	6.40625	8.21875	-0.1376953	0.4892578	0.9335938	-5.25	-1.65625	1.15625	-0.3007813	0.90625	-0.5126953	20.0625	-2.59375	-21.4375	324.9039	219.7451	133.7883	213.6329	237.4744	148.0796
940.7958	0.1308594	0.8164063	0.02148438	8.09375	6.40625	8.21875	-0.1376953	0.4892578	0.9335938	-5.25	-1.65625	1.15625	-0.1982422	0.7001953	-0.5322266	27.5625	26.65625	-14.53125	324.9039	219.7451	133.7883	213.6329	237.4744	148.0796
940.8293	0.1308594	0.8164063	0.02148438	8.09375	6.40625	8.21875	-0.1376953	0.4892578	0.9335938	-5.25	-1.65625	1.15625	-0.1982422	0.7001953	-0.5322266	27.5625	26.65625	-14.53125	324.9039	219.7451	133.7883	212.5161	234.8605	151.0634
940.8624	0.1308594	0.8164063	0.02148438	8.09375	6.40625	8.21875	-0.1376953	0.4892578	0.9335938	-5.25	-1.65625	1.15625	-0.1982422	0.7001953	-0.5322266	27.5625	26.65625	-14.53125	324.9039	219.7451	133.7883	212.5161	234.8605	151.0634
940.8961	0.1308594	0.8164063	0.02148438	8.09375	6.40625	8.21875	-0.1376953	0.4892578	0.9335938	-5.25	-1.65625	1.15625	-0.71875	1.212891	-0.7919922	30.5	46.5625	2.90625	324.9039	219.7451	133.7883	211.1704	232.4129	151.3122
940.9288	0.02734375	0.8144531	-0.2021484	70.0625	0.09375	13	-0.1376953	0.4892578	0.9335938	-5.25	-1.65625	1.15625	-0.71875	1.212891	-0.7919922	30.5	46.5625	2.90625	323.9561	220.9816	132.5904	211.1704	232.4129	151.3122
940.9622	0.02734375	0.8144531	-0.2021484	70.0625	0.09375	13	-0.1376953	0.4892578	0.9335938	-5.25	-1.65625	1.15625	-0.1572266	1.704102	0.6298828	53.5	-53.59375	74.21875	323.9561	220.9816	132.5904	211.1704	232.4129	151.3122
940.996	0.02734375	0.8144531	-0.2021484	70.0625	0.09375	13	-0.1376953	0.4892578	0.9335938	-5.25	-1.65625	1.15625	-0.1572266	1.704102	0.6298828	53.5	-53.59375	74.21875	323.9561	220.9816	132.5904	213.4927	238.1622	150.066
941.0293	0.02734375	0.8144531	-0.2021484	70.0625	0.09375	13	-0.1074219	0.3476563	0.8007813	26	-12.65625	4.25	-0.1572266	1.704102	0.6298828	53.5	-53.59375	74.21875	323.0023	220.7594	132.6004	213.4927	238.1622	150.066
941.0624	0.1025391	0.7402344	-0.5888672	127.375	-14.96875	23.375	-0.1074219	0.3476563	0.8007813	26	-12.65625	4.25	-0.1572266	1.704102	0.6298828	53.5	-53.59375	74.21875	323.0023	220.7594	132.6004	213.4927	238.1622	150.066
941.0957	0.1025391	0.7402344	-0.5888672	127.375	-14.96875	23.375	-0.1074219	0.3476563	0.8007813	26	-12.65625	4.25	0.1386719	0.7148438	-0.4404297	-240.0625	-87.28125	189.625	323.0023	220.7594	132.6004	216.9519	264.8063	125.8307
941.1288	0.1025391	0.7402344	-0.5888672	127.375	-14.96875	23.375	-0.0625	0.1308594	0.7783203	90.375	15.3125	17.0625	0.1386719	0.7148438	-0.4404297	-240.0625	-87.28125	189.625	323.0023	220.7594	132.6004	216.9519	264.8063	125.8307
941.1625	0.1025391	0.7402344	-0.5888672	127.375	-14.96875	23.375	-0.0625	0.1308594	0.7783203	90.375	15.3125	17.0625	0.1386719	0.7148438	-0.4404297	-240.0625	-87.28125	189.625	323.0023	220.7594	132.6004	216.9519	264.8063	125.8307
941.1951	0.1025391	0.7402344	-0.5888672	127.375	-14.96875	23.375	-0.0625	0.1308594	0.7783203	90.375	15.3125	17.0625	0.1386719	0.7148438	-0.4404297	-240.0625	-87.28125	189.625	323.0023	220.7594	132.6004	216.9519	264.8063	125.8307
941.2288	0.1025391	0.7402344	-0.5888672	127.375	-14.96875	23.375	-0.0625	0.1308594	0.7783203	90.375	15.3125	17.0625	-0.3925781	0.203125	-0.6640625	-140.3438	9.4375	69.875	331.8254	204.649	148.5625	220.4191	276.3801	119.3928
941.2618	0.05761719	0.9306641	-1.037109	-11.25	1.5625	-12.09375	-0.04003906	0.6826172	0.7158203	121.0313	-35.40625	41	-2	0.4931641	-1.469727	61.1875	129.3125	-64.03125	331.8254	204.649	148.5625	220.4191	276.3801	119.3928
941.2952	0.05761719	0.9306641	-1.037109	-11.25	1.5625	-12.09375	-0.04003906	0.6826172	0.7158203	121.0313	-35.40625	41	-2	0.4931641	-1.469727	61.1875	129.3125	-64.03125	331.8254	204.649	148.5625	221.5159	270.808	122.4882
941.3286	0.05761719	0.9306641	-1.037109	-11.25	1.5625	-12.09375	-0.04003906	0.6826172	0.7158203	121.0313	-35.40625	41	-2	0.4931641	-1.469727	61.1875	129.3125	-64.03125	331.8254	204.649	148.5625	223.2155	263.6612	131.5589
941.3618	0.2128906	1.251953	-0.7910156	-30.28125	-7.65625	-27.90625	-0.04003906	0.6826172	0.7158203	121.0313	-35.40625	41	0.25	0.9873047	-0.7382813	101.7813	-43.28125	-10.21875	331.8254	204.649	148.5625	223.2155	263.6612	131.5589
941.395	0.2128906	1.251953	-0.7910156	-30.28125	-7.65625	-27.90625	-0.04003906	0.6826172	0.7158203	121.0313	-35.40625	41	0.25	0.9873047	-0.7382813	101.7813	-43.28125	-10.21875	331.8254	204.649	148.5625	223.2155	263.6612	131.5589
941.4284	0.2128906	1.251953	-0.7910156	-30.28125	-7.65625	-27.90625	-0.04003906	0.6826172	0.7158203	121.0313	-35.40625	41	0.25	0.9873047	-0.7382813	101.7813	-43.28125	-10.21875	318.8314	195.9039	156.4082	223.2155	263.6612	131.5589
941.4612	0.2128906	1.251953	-0.7910156	-30.28125	-7.65625	-27.90625	-0.04003906	0.6826172	0.7158203	121.0313	-35.40625	41	-0.03613281	0.7617188	-0.3388672	45.5625	7.125	-11.5	318.8314	195.9039	156.4082	223.2155	263.6612	131.5589
941.4942	0.2128906	1.251953	-0.7910156	-30.28125	-7.65625	-27.90625	-1.157227	0.1445313	0.2832031	-48.90625	18.53125	-35.96875	-0.03613281	0.7617188	-0.3388672	45.5625	7.125	-11.5	318.8314	195.9039	156.4082	223.7063	253.6371	163.4964
941.5279	-0.5820313	0.1884766	-0.3466797	-79.71875	-40.1875	-17.34375	-1.157227	0.1445313	0.2832031	-48.90625	18.53125	-35.96875	-0.03613281	0.7617188	-0.3388672	45.5625	7.125	-11.5	318.8314	195.9039	156.4082	223.7063	253.6371	163.4964
941.5618	-0.5820313	0.1884766	-0.3466797	-79.71875	-40.1875	-17.34375	-1.157227	0.1445313	0.2832031	-48.90625	18.53125	-35.96875	0.1083984	0.9179688	-0.2998047	54.1875	43.6875	-21.5625	318.8314	195.9039	156.4082	223.7063	253.6371	163.4964
941.5952	-0.5820313	0.1884766	-0.3466797	-79.71875	-40.1875	-17.34375	-1.157227	0.1445313	0.2832031	-48.90625	18.53125	-35.96875	0.1083984	0.9179688	-0.2998047	54.1875	43.6875	-21.5625	318.8314	195.9039	156.4082	225.5048	249.2025	165.7287
941.6284	-0.5820313	0.1884766	-0.3466797	-79.71875	-40.1875	-17.34375	-1.157227	0.1445313	0.2832031	-48.90625	18.53125	-35.96875	0.1083984	0.9179688	-0.2998047	54.1875	43.6875	-21.5625	318.8314	195.9039	156.4082	225.5048	249.2025	165.7287
941.6614	-0.1777344	0.5917969	-0.2353516	-2.875	-91.4375	30.1875	-1.157227	0.1445313	0.2832031	-48.90625	18.53125	-35.96875	0.1083984	0.9179688	-0.2998047	54.1875	43.6875	-21.5625	318.8314	195.9039	156.4082	225.5048	249.2025	165.7287
941.6974	-0.1777344	0.5917969	-0.2353516	-2.875	-91.4375	30.1875	-1.157227	0.1445313	0.2832031	-48.90625	18.53125	-35.96875	0.1083984	0.9179688	-0.2998047	54.1875	43.6875	-21.5625	318.8314	195.9039	156.4082	225.5048	249.2025	165.7287
941.7281	-0.1777344	0.5917969	-0.2353516	-2.875	-91.4375	30.1875	-1.157227	0.1445313	0.2832031	-48.90625	18.53125	-35.96875	-0.06933594	1.202148	-0.2841797	112.8438	-23.03125	-35.28125	318.8314	195.9039	156.4082	222.9529	246.9603	166.0125
941.7615	-0.1777344	0.5917969	-0.2353516	-2.875	-91.4375	30.1875	-1.157227	0.1445313	0.2832031	-48.90625	18.53125	-35.96875	-0.8798828	1.999023	-0.2236328	197.5625	-52.5625	-36.40625	318.8314	195.9039	156.4082	222.9529	246.9603	166.0125
941.7974	-0.1777344	0.5917969	-0.2353516	-2.875	-91.4375	30.1875	-1.157227	0.1445313	0.2832031	-48.90625	18.53125	-35.96875	-0.8798828	1.999023	-0.2236328	197.5625	-52.5625	-36.40625	319.6977	166.9467	175.5238	218.3504	229.0826	181.2219
941.8287	-0.2421875	1.235352	-0.9101563	17.25	58.6875	16.09375	-0.6015625	0.9316406	0.6728516	-14.46875	50.71875	40.4375	-0.8798828	1.999023	-0.2236328	197.5625	-52.5625	-36.40625	319.6977	166.9467	175.5238	222.2753	231.059	193.6559
941.8616	-0.2421875	1.235352	-0.9101563	17.25	58.6875	16.09375	-0.6015625	0.9316406	0.6728516	-14.46875	50.71875	40.4375	0.1220703	1.9375	-0.234375	85.6875	72.90625	-39.375	319.6977	166.9467	175.5238	222.2753	231.059	193.6559
941.8944	-0.2421875	1.235352	-0.9101563	17.25	58.6875	16.09375	-0.6015625	0.9316406	0.6728516	-14.46875	50.71875	40.4375	0.1220703	1.9375	-0.234375	85.6875	72.90625	-39.375	319.6977	166.9467	175.5238	222.2753	231.059	193.6559
941.9284	-0.2421875	1.235352	-0.9101563	17.25	58.6875	16.09375	-0.6015625	0.9316406	0.6728516	-14.46875	50.71875	40.4375	-0.4628906	0.4101563	-0.5751953	-285.9063	-17.53125	67.625	313.0746	169.9464	169.9946	216.6164	234.8196	188.3178
941.9618	0.1191406	1.023438	-0.4462891	-59.59375	-47.375	-20.53125	-0.6015625	0.9316406	0.6728516	-14.46875	50.71875	40.4375	-0.4628906	0.4101563	-0.5751953	-285.9063	-17.53125	67.625	313.0746	169.9464	169.9946	216.6164	234.8196	188.3178
941.9947	0.1191406	1.023438	-0.4462891	-59.59375	-47.375	-20.53125	-0.6015625	0.9316406	0.6728516	-14.46875	50.71875	40.4375	-0.4628906	0.4101563	-0.5751953	-285.9063	-17.53125	67.625	313.0746	169.9464	169.9946	216.6164	234.8196	188.3178
942.0283	0.1191406	1.023438	-0.4462891	-59.59375	-47.375	-20.53125	-0.6015625	0.9316406	0.6728516	-14.46875	50.71875	40.4375	-0.4628906	0.4101563	-0.5751953	-285.9063	-17.53125	67.625	313.0746	169.9464	169.9946	208.8135	252.2764	158.0081
942.0618	0.1191406	1.023438	-0.4462891	-59.59375	-47.375	-20.53125	0.2832031	0.9384766	0.01953125	134.625	-9.0625	-14.46875	0.2275391	1.064453	-1.614258	-366.6563	125.4688	169.8438	313.0746	169.9464	169.9946	208.8135	252.2764	158.0081
942.0947	0.1191406	1.023438	-0.4462891	-59.59375	-47.375	-20.53125	0.2832031	0.9384766	0.01953125	134.625	-9.0625	-14.46875	0.2275391	1.064453	-1.614258	-366.6563	125.4688	169.8438	313.0746	169.9464	169.9946	208.8135	252.2764	158.0081
942.1281	-0.1230469	0.6923828	-0.0703125	4.8125	16.71875	-0.125	0.2832031	0.9384766	0.01953125	134.625	-9.0625	-14.46875	0.2275391	1.064453	-1.614258	-366.6563	125.4688	169.8438	313.0746	169.9464	169.9946	209.7718	261.4444	139.1451
942.1622	-0.1230469	0.6923828	-0.0703125	4.8125	16.71875	-0.125	0.2832031	0.9384766	0.01953125	134.625	-9.0625	-14.46875	0.2275391	1.064453	-1.614258	-366.6563	125.4688	169.8438	313.0746	169.9464	169.9946	209.7718	261.4444	139.1451
942.1946	-0.1230469	0.6923828	-0.0703125	4.8125	16.71875	-0.125	0.2832031	0.9384766	0.01953125	134.625	-9.0625	-14.46875	-0.8544922	1.999023	0.5380859	169.125	114.4375	-93.40625	313.0746	169.9464	169.9946	209.7718	261.4444	139.1451
942.2281	0.01074219	1.520508	-0.006835938	-21.75	-24.5625	-4.59375	0.2832031	0.9384766	0.01953125	134.625	-9.0625	-14.46875	0.07714844	1.111328	-1.067383	85.0625	147.1875	-49.40625	313.0746	169.9464	169.9946	216.3922	245.8533	162.0117
942.2614	0.01074219	1.520508	-0.006835938	-21.75	-24.5625	-4.59375	0.2832031	0.9384766	0.01953125	134.625	-9.0625	-14.46875	0.07714844	1.111328	-1.067383	85.0625	147.1875	-49.40625	313.0746	169.9464	169.9946	216.3922	245.8533	162.0117
942.2944	0.01074219	1.520508	-0.006835938	-21.75	-24.5625	-4.59375	0.2832031	0.9384766	0.01953125	134.625	-9.0625	-14.46875	0.07714844	1.111328	-1.067383	85.0625	147.1875	-49.40625	313.0746	169.9464	169.9946	216.3922	245.8533	162.0117
942.328	0.01074219	1.520508	-0.006835938	-21.75	-24.5625	-4.59375	0.2832031	0.9384766	0.01953125	134.625	-9.0625	-14.46875	0.07714844	1.111328	-1.067383	85.0625	147.1875	-49.40625	263.8325	97.20357	179.9735	196.0711	247.601	207.5298
942.3635	0.01074219	1.520508	-0.006835938	-21.75	-24.5625	-4.59375	0.2832031	0.9384766	0.01953125	134.625	-9.0625	-14.46875	-0.3427734	0.8330078	-0.5888672	57.59375	110.4063	-29.0625	263.8325	97.20357	179.9735	196.0711	247.601	207.5298
942.3948	0.01074219	1.520508	-0.006835938	-21.75	-24.5625	-4.59375	0.2832031	0.9384766	0.01953125	134.625	-9.0625	-14.46875	-0.3427734	0.8330078	-0.5888672	57.59375	110.4063	-29.0625	273.1747	126.177	177.3112	196.0711	247.601	207.5298
942.4278	0.1455078	1.008789	-0.2001953	-9.125	-47	12.625	0.2832031	0.9384766	0.01953125	134.625	-9.0625	-14.46875	0.04589844	0.7617188	-0.34375	63.59375	53.8125	-29.25	298.5504	155.1815	172.6824	198.5881	233.1189	200.483
942.4815	0.1455078	1.008789	-0.2001953	-9.125	-47	12.625	-0.328125	0.6865234	-0.5957031	-191.8438	117.3438	-8.375	0.04589844	0.7617188	-0.34375	63.59375	53.8125	-29.25	298.5504	155.1815	172.6824	198.5881	233.1189	200.483
942.5115	0.1455078	1.008789	-0.2001953	-9.125	-47	12.625	-0.328125	0.6865234	-0.5957031	-191.8438	117.3438	-8.375	0.04589844	0.7617188	-0.34375	63.59375	53.8125	-29.25	298.5504	155.1815	172.6824	198.5881	233.1189	200.483
942.5443	0.1660156	0.4931641	0.03222656	-22	22.5625	-17.53125	-0.5361328	-0.00390625	-0.6943359	-28.28125	-35.71875	-2.53125	-0.00390625	0.9990234	-0.5224609	113.2188	-29.0625	-33.03125	298.5504	155.1815	172.6824	198.5881	233.1189	200.483
942.5773	0.1660156	0.4931641	0.03222656	-22	22.5625	-17.53125	-0.5361328	-0.00390625	-0.6943359	-28.28125	-35.71875	-2.53125	-0.00390625	0.9990234	-0.5224609	113.2188	-29.0625	-33.03125	298.5504	155.1815	172.6824	209.9641	227.8634	193.5105
942.6107	0.1660156	0.4931641	0.03222656	-22	22.5625	-17.53125	-0.5361328	-0.00390625	-0.6943359	-28.28125	-35.71875	-2.53125	-0.3183594	1.999023	0.1123047	181.4375	-59.40625	-53.71875	298.5504	155.1815	172.6824	208.9453	228.18	204.2235
942.6447	0.1660156	0.4931641	0.03222656	-22	22.5625	-17.53125	-0.5361328	-0.00390625	-0.6943359	-28.28125	-35.71875	-2.53125	-0.3183594	1.999023	0.1123047	181.4375	-59.40625	-53.71875	298.5504	155.1815	172.6824	208.9453	228.18	204.2235
942.6772	0.1660156	0.4931641	0.03222656	-22	22.5625	-17.53125	-0.5361328	-0.00390625	-0.6943359	-28.28125	-35.71875	-2.53125	-0.3183594	1.999023	0.1123047	181.4375	-59.40625	-53.71875	307.4781	170.6526	166.6887	208.9453	228.18	204.2235
942.7111	0.1660156	0.4931641	0.03222656	-22	22.5625	-17.53125	-0.5361328	-0.00390625	-0.6943359	-28.28125	-35.71875	-2.53125	-0.5996094	1.999023	0.1425781	37.71875	15.125	-44.28125	307.4781	170.6526	166.6887	208.9453	228.18	204.2235
942.7443	0.1660156	0.4931641	0.03222656	-22	22.5625	-17.53125	-0.5361328	-0.00390625	-0.6943359	-28.28125	-35.71875	-2.53125	-0.5996094	1.999023	0.1425781	37.71875	15.125	-44.28125	307.4781	170.6526	166.6887	216.2729	228.6192	207.3662
942.7776	-0.1220703	1.666992	-0.7011719	39.90625	8.53125	5.65625	-0.5361328	-0.00390625	-0.6943359	-28.28125	-35.71875	-2.53125	-0.5996094	1.999023	0.1425781	37.71875	15.125	-44.28125	303.7033	181.7238	159.4177	216.2729	228.6192	207.3662
942.811	-0.1220703	1.666992	-0.7011719	39.90625	8.53125	5.65625	-0.5361328	-0.00390625	-0.6943359	-28.28125	-35.71875	-2.53125	0.02050781	0.7431641	-0.1025391	-300.8438	-117.3125	101.4375	303.7033	181.7238	159.4177	216.2729	228.6192	207.3662
942.8441	-0.1220703	1.666992	-0.7011719	39.90625	8.53125	5.65625	-0.5361328	-0.00390625	-0.6943359	-28.28125	-35.71875	-2.53125	0.02050781	0.7431641	-0.1025391	-300.8438	-117.3125	101.4375	303.7033	181.7238	159.4177	211.3448	239.2673	195.045
942.8772	0.234375	0.8105469	-0.1796875	-3.375	13.21875	-22.65625	-0.5361328	-0.00390625	-0.6943359	-28.28125	-35.71875	-2.53125	0.02050781	0.7431641	-0.1025391	-300.8438	-117.3125	101.4375	291.4384	147.8241	173.3126	211.3448	239.2673	195.045
942.9103	0.234375	0.8105469	-0.1796875	-3.375	13.21875	-22.65625	-0.5361328	-0.00390625	-0.6943359	-28.28125	-35.71875	-2.53125	-0.07617188	0.65625	-1.44043	-412.625	75.84375	89.59375	291.4384	147.8241	173.3126	199.0766	242.5187	184.6962
942.9442	0.234375	0.8105469	-0.1796875	-3.375	13.21875	-22.65625	-0.5361328	-0.00390625	-0.6943359	-28.28125	-35.71875	-2.53125	-0.07617188	0.65625	-1.44043	-412.625	75.84375	89.59375	291.4384	147.8241	173.3126	199.0766	242.5187	184.6962
942.9772	0.234375	0.8105469	-0.1796875	-3.375	13.21875	-22.65625	-0.05957031	1.080078	0.1181641	117.4688	58.09375	-5.9375	-0.07617188	0.65625	-1.44043	-412.625	75.84375	89.59375	269.7499	115.4835	175.1802	199.0766	242.5187	184.6962
943.0104	0.234375	0.8105469	-0.1796875	-3.375	13.21875	-22.65625	-0.05957031	1.080078	0.1181641	117.4688	58.09375	-5.9375	0.01953125	0.5839844	-1.355469	75.59375	-142.4688	33.0625	269.7499	115.4835	175.1802	181.636	239.7384	174.2027
943.0439	0.234375	0.8105469	-0.1796875	-3.375	13.21875	-22.65625	-0.05957031	1.080078	0.1181641	117.4688	58.09375	-5.9375	0.01953125	0.5839844	-1.355469	75.59375	-142.4688	33.0625	269.7499	115.4835	175.1802	181.636	239.7384	174.2027
943.0776	0.234375	0.8105469	-0.1796875	-3.375	13.21875	-22.65625	-0.05957031	1.080078	0.1181641	117.4688	58.09375	-5.9375	0.01953125	0.5839844	-1.355469	75.59375	-142.4688	33.0625	269.7499	115.4835	175.1802	181.636	239.7384	174.2027
943.1106	0.234375	0.8105469	-0.1796875	-3.375	13.21875	-22.65625	-0.05957031	1.080078	0.1181641	117.4688	58.09375	-5.9375	1.598633	0.3828125	-0.5068359	107.4063	-95.40625	6.09375	269.7499	115.4835	175.1802	190.6219	237.3615	192.93
943.1458	0.234375	0.8105469	-0.1796875	-3.375	13.21875	-22.65625	-0.05957031	1.080078	0.1181641	117.4688	58.09375	-5.9375	1.598633	0.3828125	-0.5068359	107.4063	-95.40625	6.09375	269.7499	115.4835	175.1802	190.6219	237.3615	192.93
943.1776	0.234375	0.8105469	-0.1796875	-3.375	13.21875	-22.65625	-0.05957031	1.080078	0.1181641	117.4688	58.09375	-5.9375	-0.25	0.8457031	-0.7480469	78.28125	94.71875	-24.0625	269.7499	115.4835	175.1802	190.6219	237.3615	192.93
943.2108	-0.1279297	0.9970703	-0.5859375	-24.375	32.625	9.375	-0.05957031	1.080078	0.1181641	117.4688	58.09375	-5.9375	-0.25	0.8457031	-0.7480469	78.28125	94.71875	-24.0625	269.7499	115.4835	175.1802	198.1747	232.2194	210.4774
943.2437	-0.1279297	0.9970703	-0.5859375	-24.375	32.625	9.375	-0.05957031	1.080078	0.1181641	117.4688	58.09375	-5.9375	-0.25	0.8457031	-0.7480469	78.28125	94.71875	-24.0625	269.7499	115.4835	175.1802	198.1747	232.2194	210.4774
943.277	0.03027344	0.8769531	0.04003906	-11.5	-39.8125	8.53125	-0.05957031	1.080078	0.1181641	117.4688	58.09375	-5.9375	-0.25	0.8457031	-0.7480469	78.28125	94.71875	-24.0625	269.7499	115.4835	175.1802	198.1747	232.2194	210.4774
943.3103	0.03027344	0.8769531	0.04003906	-11.5	-39.8125	8.53125	0.4501953	1.943359	-0.3603516	-166.2813	30.3125	6.625	-0.06152344	0.7363281	-0.3027344	52.28125	51.4375	-15.875	271.6209	131.9024	170.4759	188.8717	223.7164	208.9904
943.3604	0.03027344	0.8769531	0.04003906	-11.5	-39.8125	8.53125	0.4501953	1.943359	-0.3603516	-166.2813	30.3125	6.625	-0.06152344	0.7363281	-0.3027344	52.28125	51.4375	-15.875	271.6209	131.9024	170.4759	188.8717	223.7164	208.9904
943.3941	0.03027344	0.8769531	0.04003906	-11.5	-39.8125	8.53125	0.4501953	1.943359	-0.3603516	-166.2813	30.3125	6.625	-0.2216797	0.9375	-0.4462891	82.5625	-21.1875	-15.875	271.6209	131.9024	170.4759	190.1093	219.8673	213.6223
943.3961	0.03027344	0.8769531	0.04003906	-11.5	-39.8125	8.53125	0.4501953	1.943359	-0.3603516	-166.2813	30.3125	6.625	-0.2216797	0.9375	-0.4462891	82.5625	-21.1875	-15.875	271.6209	131.9024	170.4759	190.1093	219.8673	213.6223
943.3978	0.03027344	0.8769531	0.04003906	-11.5	-39.8125	8.53125	0.4501953	1.943359	-0.3603516	-166.2813	30.3125	6.625	-0.2216797	0.9375	-0.4462891	82.5625	-21.1875	-15.875	289.5164	161.0272	162.9785	190.1093	219.8673	213.6223
943.4608	0.03027344	0.8769531	0.04003906	-11.5	-39.8125	8.53125	-0.3486328	-0.08496094	-0.6953125	-88.875	-36.875	-4.78125	-0.2216797	0.9375	-0.4462891	82.5625	-21.1875	-15.875	298.9214	182.6775	156.1216	190.1093	219.8673	213.6223
943.4939	0.03027344	0.8769531	0.04003906	-11.5	-39.8125	8.53125	-0.3486328	-0.08496094	-0.6953125	-88.875	-36.875	-4.78125	-1.326172	1.999023	0.01269531	211.4688	-166.6563	-87.1875	298.9214	182.6775	156.1216	198.2121	225.5549	200.4709
943.5274	0.03027344	0.8769531	0.04003906	-11.5	-39.8125	8.53125	-0.3486328	-0.08496094	-0.6953125	-88.875	-36.875	-4.78125	-1.326172	1.999023	0.01269531	211.4688	-166.6563	-87.1875	298.9214	182.6775	156.1216	198.2121	225.5549	200.4709
943.5607	0.03027344	0.8769531	0.04003906	-11.5	-39.8125	8.53125	-0.2333984	1.243164	0.9208984	30.9375	96.59375	28.90625	-1.326172	1.999023	0.01269531	211.4688	-166.6563	-87.1875	298.9214	182.6775	156.1216	198.2121	225.5549	200.4709
943.5944	0.03027344	0.8769531	0.04003906	-11.5	-39.8125	8.53125	-0.2333984	1.243164	0.9208984	30.9375	96.59375	28.90625	-1.326172	1.999023	0.01269531	211.4688	-166.6563	-87.1875	298.9214	182.6775	156.1216	192.4938	224.954	218.7331
943.6276	0.03027344	0.8769531	0.04003906	-11.5	-39.8125	8.53125	-0.2333984	1.243164	0.9208984	30.9375	96.59375	28.90625	-0.1367188	0.8925781	-0.4970703	-112.4375	267.875	-207	285.0034	197.2916	145.6569	192.4938	224.954	218.7331
943.6605	0.03027344	0.8769531	0.04003906	-11.5	-39.8125	8.53125	-0.2333984	1.243164	0.9208984	30.9375	96.59375	28.90625	-0.1367188	0.8925781	-0.4970703	-112.4375	267.875	-207	285.0034	197.2916	145.6569	192.4938	224.954	218.7331
943.6937	0.03027344	0.8769531	0.04003906	-11.5	-39.8125	8.53125	-0.2333984	1.243164	0.9208984	30.9375	96.59375	28.90625	-0.1367188	0.8925781	-0.4970703	-112.4375	267.875	-207	285.0034	197.2916	145.6569	192.4938	224.954	218.7331
943.7269	0.7148438	1.014648	-0.2353516	-31.21875	40.9375	-11.71875	-0.2333984	1.243164	0.9208984	30.9375	96.59375	28.90625	-0.1367188	0.8925781	-0.4970703	-112.4375	267.875	-207	285.0034	197.2916	145.6569	182.0251	215.2469	207.6571
943.7605	0.7148438	1.014648	-0.2353516	-31.21875	40.9375	-11.71875	-0.2333984	1.243164	0.9208984	30.9375	96.59375	28.90625	1.09668	0.609375	-1.027344	-319.6563	76.09375	-102.0625	285.0034	197.2916	145.6569	182.0251	215.2469	207.6571
943.7939	0.7148438	1.014648	-0.2353516	-31.21875	40.9375	-11.71875	-0.3105469	0.8603516	-0.2490234	88.59375	88.96875	2.71875	1.09668	0.609375	-1.027344	-319.6563	76.09375	-102.0625	275.0478	180.2182	148.7545	182.0251	215.2469	207.6571
943.8272	0.3544922	0.8496094	-0.1894531	-0.25	82.625	-23.34375	-0.3105469	0.8603516	-0.2490234	88.59375	88.96875	2.71875	1.09668	0.609375	-1.027344	-319.6563	76.09375	-102.0625	275.0478	180.2182	148.7545	182.0251	215.2469	207.6571
943.8606	0.3544922	0.8496094	-0.1894531	-0.25	82.625	-23.34375	-0.3105469	0.8603516	-0.2490234	88.59375	88.96875	2.71875	0.3369141	0.7529297	-1.821289	-332.4688	230.1563	-30.78125	275.0478	180.2182	148.7545	182.0251	215.2469	207.6571
943.8947	0.3544922	0.8496094	-0.1894531	-0.25	82.625	-23.34375	-0.3105469	0.8603516	-0.2490234	88.59375	88.96875	2.71875	0.08789063	0.1650391	-1.756836	-165.125	234	26.15625	275.0478	180.2182	148.7545	176.3154	182.5314	178.6883
943.9273	0.3544922	0.8496094	-0.1894531	-0.25	82.625	-23.34375	-0.3105469	0.8603516	-0.2490234	88.59375	88.96875	2.71875	0.08789063	0.1650391	-1.756836	-165.125	234	26.15625	254.0416	9.175685	142.1624	178.914	164.268	164.1042
943.9603	0.3544922	0.8496094	-0.1894531	-0.25	82.625	-23.34375	-0.3183594	0.921875	0.21875	86.15625	37.65625	28.5	-1.204102	1.128906	-0.4746094	20.4375	322.5	-92	254.0416	9.175685	142.1624	178.914	164.268	164.1042
943.9933	0.3544922	0.8496094	-0.1894531	-0.25	82.625	-23.34375	-0.3183594	0.921875	0.21875	86.15625	37.65625	28.5	-1.204102	1.128906	-0.4746094	20.4375	322.5	-92	254.0416	9.175685	142.1624	191.5901	161.6712	188.1591
944.0267	0.3544922	0.8496094	-0.1894531	-0.25	82.625	-23.34375	-0.3183594	0.921875	0.21875	86.15625	37.65625	28.5	-1.204102	1.128906	-0.4746094	20.4375	322.5	-92	254.0416	9.175685	142.1624	191.5901	161.6712	188.1591
944.0605	0.3544922	0.8496094	-0.1894531	-0.25	82.625	-23.34375	-0.4101563	1.269531	0.4892578	-39.125	-86.0625	-46.9375	0.09667969	0.8398438	-0.5390625	68.59375	82.3125	-15.28125	254.0416	9.175685	142.1624	191.5901	161.6712	188.1591
944.0938	0.3544922	0.8496094	-0.1894531	-0.25	82.625	-23.34375	-0.4101563	1.269531	0.4892578	-39.125	-86.0625	-46.9375	0.09667969	0.8398438	-0.5390625	68.59375	82.3125	-15.28125	254.0416	9.175685	142.1624	191.6198	151.2052	200.2449
944.127	0.3544922	0.8496094	-0.1894531	-0.25	82.625	-23.34375	-0.4101563	1.269531	0.4892578	-39.125	-86.0625	-46.9375	0.09667969	0.8398438	-0.5390625	68.59375	82.3125	-15.28125	254.0416	9.175685	142.1624	191.6198	151.2052	200.2449
944.1608	0.3544922	0.8496094	-0.1894531	-0.25	82.625	-23.34375	-0.4101563	1.269531	0.4892578	-39.125	-86.0625	-46.9375	-0.5107422	0.8027344	-0.5537109	30.875	28.0625	-9.46875	254.0416	9.175685	142.1624	191.6198	151.2052	200.2449
944.1937	0.3544922	0.8496094	-0.1894531	-0.25	82.625	-23.34375	-0.4101563	1.269531	0.4892578	-39.125	-86.0625	-46.9375	-0.5107422	0.8027344	-0.5537109	30.875	28.0625	-9.46875	260.8407	230.8808	129.5403	158.5728	143.4435	197.8249
944.2272	0.3134766	1.50293	-0.3486328	-26.0625	158.375	-10.40625	-0.4101563	1.269531	0.4892578	-39.125	-86.0625	-46.9375	-0.5107422	0.8027344	-0.5537109	30.875	28.0625	-9.46875	260.8407	230.8808	129.5403	158.5728	143.4435	197.8249
944.2606	0.3134766	1.50293	-0.3486328	-26.0625	158.375	-10.40625	-0.4101563	1.269531	0.4892578	-39.125	-86.0625	-46.9375	-0.08300781	0.8994141	-0.3203125	16.53125	75.25	-13.625	260.8407	230.8808	129.5403	158.5728	143.4435	197.8249
944.2934	0.3134766	1.50293	-0.3486328	-26.0625	158.375	-10.40625	-0.4101563	1.269531	0.4892578	-39.125	-86.0625	-46.9375	-0.08300781	0.8994141	-0.3203125	16.53125	75.25	-13.625	252.3562	303.746	108.7811	165.5667	163.7274	191.4604
944.3268	0.3134766	1.50293	-0.3486328	-26.0625	158.375	-10.40625	-0.4101563	1.269531	0.4892578	-39.125	-86.0625	-46.9375	0.046875	1.266602	-0.04980469	34.59375	21.15625	-39.375	252.3562	303.746	108.7811	161.906	159.9123	192.3335
944.3599	-0.07617188	0.5283203	-0.6865234	15.375	188.7188	-42.6875	-0.4101563	1.269531	0.4892578	-39.125	-86.0625	-46.9375	0.046875	1.266602	-0.04980469	34.59375	21.15625	-39.375	252.3562	303.746	108.7811	161.906	159.9123	192.3335
944.3933	-0.07617188	0.5283203	-0.6865234	15.375	188.7188	-42.6875	-0.4101563	1.269531	0.4892578	-39.125	-86.0625	-46.9375	0.046875	1.266602	-0.04980469	34.59375	21.15625	-39.375	252.3562	303.746	108.7811	161.906	159.9123	192.3335
944.4267	-0.07617188	0.5283203	-0.6865234	15.375	188.7188	-42.6875	-0.4101563	1.269531	0.4892578	-39.125	-86.0625	-46.9375	0.046875	1.266602	-0.04980469	34.59375	21.15625	-39.375	252.3562	303.746	108.7811	161.906	159.9123	192.3335
944.4607	-0.03613281	0.9941406	-0.2373047	-8	169.3438	-54.53125	-0.4101563	1.269531	0.4892578	-39.125	-86.0625	-46.9375	0.1210938	1.694336	0.1953125	118.4688	1.5	-99.5	252.3562	303.746	108.7811	161.906	159.9123	192.3335
944.4931	-0.03613281	0.9941406	-0.2373047	-8	169.3438	-54.53125	-0.4101563	1.269531	0.4892578	-39.125	-86.0625	-46.9375	0.1210938	1.694336	0.1953125	118.4688	1.5	-99.5	225.8853	317.0713	93.1494	174.4358	200.0529	190.687
944.5265	-0.03613281	0.9941406	-0.2373047	-8	169.3438	-54.53125	-0.4101563	1.269531	0.4892578	-39.125	-86.0625	-46.9375	0.375	0.8144531	-1.100586	46.3125	125.6563	-104.3125	174.7962	15.04358	92.21005	182.7942	200.6783	204.6793
944.5605	-0.03613281	0.9941406	-0.2373047	-8	169.3438	-54.53125	-0.3183594	1.999023	0.7548828	165.625	295.0313	37.65625	0.375	0.8144531	-1.100586	46.3125	125.6563	-104.3125	174.7962	15.04358	92.21005	182.7942	200.6783	204.6793
944.593	-0.03613281	0.9941406	-0.2373047	-8	169.3438	-54.53125	-0.3183594	1.999023	0.7548828	165.625	295.0313	37.65625	0.375	0.8144531	-1.100586	46.3125	125.6563	-104.3125	174.7962	15.04358	92.21005	182.7942	200.6783	204.6793
944.6265	0.1650391	0.6806641	-0.4970703	-16.0625	170.8125	-27.90625	-0.3183594	1.999023	0.7548828	165.625	295.0313	37.65625	-0.3349609	0.6933594	-0.8027344	-222.0625	59.6875	-2.28125	174.7962	15.04358	92.21005	182.6924	188.4387	183.2639
944.6599	0.1650391	0.6806641	-0.4970703	-16.0625	170.8125	-27.90625	-0.3183594	1.999023	0.7548828	165.625	295.0313	37.65625	-0.3349609	0.6933594	-0.8027344	-222.0625	59.6875	-2.28125	174.7962	15.04358	92.21005	182.6924	188.4387	183.2639
944.6938	0.1650391	0.6806641	-0.4970703	-16.0625	170.8125	-27.90625	-0.3183594	1.999023	0.7548828	165.625	295.0313	37.65625	-0.3349609	0.6933594	-0.8027344	-222.0625	59.6875	-2.28125	174.7962	15.04358	92.21005	182.6924	188.4387	183.2639
944.7264	0.1650391	0.6806641	-0.4970703	-16.0625	170.8125	-27.90625	1.405273	1.170898	0.05761719	79.34375	-4.71875	24.03125	-0.3349609	0.6933594	-0.8027344	-222.0625	59.6875	-2.28125	174.7962	15.04358	92.21005	182.6924	188.4387	183.2639
944.7599	0.1650391	0.6806641	-0.4970703	-16.0625	170.8125	-27.90625	1.405273	1.170898	0.05761719	79.34375	-4.71875	24.03125	0.0546875	1.131836	-1.25293	-343.2188	102.8438	151.2813	174.7962	15.04358	92.21005	182.6924	188.4387	183.2639
944.7932	0.1650391	0.6806641	-0.4970703	-16.0625	170.8125	-27.90625	1.405273	1.170898	0.05761719	79.34375	-4.71875	24.03125	0.0546875	1.131836	-1.25293	-343.2188	102.8438	151.2813	174.7962	15.04358	92.21005	195.045	194.494	142.9689
944.8265	-0.05761719	0.6728516	-0.3212891	20.5625	133.7813	-39.375	1.405273	1.170898	0.05761719	79.34375	-4.71875	24.03125	0.3603516	-0.2255859	-1.286133	-44.375	-146.9375	97.75	126.4475	54.50305	109.3171	203.1585	196.3631	126.187
944.8596	-0.05761719	0.6728516	-0.3212891	20.5625	133.7813	-39.375	1.405273	1.170898	0.05761719	79.34375	-4.71875	24.03125	0.3603516	-0.2255859	-1.286133	-44.375	-146.9375	97.75	126.4475	54.50305	109.3171	203.1585	196.3631	126.187
944.8931	-0.05761719	0.6728516	-0.3212891	20.5625	133.7813	-39.375	1.405273	1.170898	0.05761719	79.34375	-4.71875	24.03125	0.3603516	-0.2255859	-1.286133	-44.375	-146.9375	97.75	126.4475	54.50305	109.3171	203.1585	196.3631	126.187
944.926	-0.05761719	0.6728516	-0.3212891	20.5625	133.7813	-39.375	1.405273	1.170898	0.05761719	79.34375	-4.71875	24.03125	0.3603516	-0.2255859	-1.286133	-44.375	-146.9375	97.75	126.4475	54.50305	109.3171	203.1585	196.3631	126.187
944.96	-0.05761719	0.6728516	-0.3212891	20.5625	133.7813	-39.375	1.405273	1.170898	0.05761719	79.34375	-4.71875	24.03125	-2	1.907227	-0.9238281	65.21875	448.7813	-105.1875	126.4475	54.50305	109.3171	203.1585	196.3631	126.187
944.9926	-0.05761719	0.6728516	-0.3212891	20.5625	133.7813	-39.375	1.405273	1.170898	0.05761719	79.34375	-4.71875	24.03125	-2	1.907227	-0.9238281	65.21875	448.7813	-105.1875	126.4475	54.50305	109.3171	187.7833	207.3018	130.5202
945.0261	-0.05761719	0.6728516	-0.3212891	20.5625	133.7813	-39.375	0.2207031	1.441406	0.3095703	50.78125	69.3125	-2.59375	-0.5585938	1.00293	-0.8515625	114.375	40.6875	-30.21875	126.4475	54.50305	109.3171	180.8322	198.2239	135.3567
945.0597	-0.05761719	0.6728516	-0.3212891	20.5625	133.7813	-39.375	0.2207031	1.441406	0.3095703	50.78125	69.3125	-2.59375	-0.5585938	1.00293	-0.8515625	114.375	40.6875	-30.21875	126.4475	54.50305	109.3171	180.8322	198.2239	135.3567
945.093	0.3945313	0.9091797	-0.6777344	11.75	97.59375	-12.84375	0.2207031	1.441406	0.3095703	50.78125	69.3125	-2.59375	-0.5585938	1.00293	-0.8515625	114.375	40.6875	-30.21875	126.4475	54.50305	109.3171	180.8322	198.2239	135.3567
945.1265	0.3945313	0.9091797	-0.6777344	11.75	97.59375	-12.84375	0.1308594	1.56543	-0.1826172	-183.4375	135.4688	3.9375	-0.4511719	0.9228516	-0.6835938	65.59375	-5.03125	2.59375	126.4475	54.50305	109.3171	177.492	195.5232	147.9566
945.1592	0.3945313	0.9091797	-0.6777344	11.75	97.59375	-12.84375	0.1308594	1.56543	-0.1826172	-183.4375	135.4688	3.9375	-0.4511719	0.9228516	-0.6835938	65.59375	-5.03125	2.59375	126.4475	54.50305	109.3171	177.492	195.5232	147.9566
945.1926	0.3945313	0.9091797	-0.6777344	11.75	97.59375	-12.84375	0.1308594	1.56543	-0.1826172	-183.4375	135.4688	3.9375	-0.4511719	0.9228516	-0.6835938	65.59375	-5.03125	2.59375	97.25263	107.2865	170.8228	177.492	195.5232	147.9566
945.2266	0.3945313	0.9091797	-0.6777344	11.75	97.59375	-12.84375	0.1308594	1.56543	-0.1826172	-183.4375	135.4688	3.9375	-0.08886719	0.9345703	-0.375	51.4375	26.84375	-1.25	97.25263	107.2865	170.8228	203.4234	220.1989	200.632
945.2593	0.1347656	0.8652344	-0.4960938	-4.96875	22.1875	-23.03125	0.1308594	1.56543	-0.1826172	-183.4375	135.4688	3.9375	-0.08886719	0.9345703	-0.375	51.4375	26.84375	-1.25	97.25263	107.2865	170.8228	203.4234	220.1989	200.632
945.2928	0.1347656	0.8652344	-0.4960938	-4.96875	22.1875	-23.03125	0.1308594	1.56543	-0.1826172	-183.4375	135.4688	3.9375	-0.08886719	0.9345703	-0.375	51.4375	26.84375	-1.25	97.25263	107.2865	170.8228	203.4234	220.1989	200.632
945.326	0.1347656	0.8652344	-0.4960938	-4.96875	22.1875	-23.03125	0.1308594	1.56543	-0.1826172	-183.4375	135.4688	3.9375	-0.02734375	1.056641	-0.4365234	131.5625	-3.125	-35.125	97.25263	107.2865	170.8228	203.1749	218.9369	205.7108
945.359	-0.2949219	0.9316406	-0.1025391	-0.8125	32.40625	0.21875	0.1308594	1.56543	-0.1826172	-183.4375	135.4688	3.9375	-0.02734375	1.056641	-0.4365234	131.5625	-3.125	-35.125	97.25263	107.2865	170.8228	203.1749	218.9369	205.7108
945.41	-0.2949219	0.9316406	-0.1025391	-0.8125	32.40625	0.21875	0.1308594	1.56543	-0.1826172	-183.4375	135.4688	3.9375	-0.02734375	1.056641	-0.4365234	131.5625	-3.125	-35.125	97.25263	107.2865	170.8228	203.1749	218.9369	205.7108
945.442	-0.2949219	0.9316406	-0.1025391	-0.8125	32.40625	0.21875	0.05761719	0.8681641	0.5371094	20.125	-24.5625	70.53125	-0.08300781	1.999023	0.1621094	193.0938	-116.0313	-46.03125	97.25263	107.2865	170.8228	203.1749	218.9369	205.7108
945.4755	-0.2949219	0.9316406	-0.1025391	-0.8125	32.40625	0.21875	0.05761719	0.8681641	0.5371094	20.125	-24.5625	70.53125	-0.08300781	1.999023	0.1621094	193.0938	-116.0313	-46.03125	97.25263	107.2865	170.8228	200.7246	220.2218	212.2205
945.5087	-0.2949219	0.9316406	-0.1025391	-0.8125	32.40625	0.21875	0.05761719	0.8681641	0.5371094	20.125	-24.5625	70.53125	-0.08300781	1.999023	0.1621094	193.0938	-116.0313	-46.03125	97.25263	107.2865	170.8228	200.7246	220.2218	212.2205
945.5421	-0.2949219	0.9316406	-0.1025391	-0.8125	32.40625	0.21875	0.05761719	0.8681641	0.5371094	20.125	-24.5625	70.53125	0.1835938	1.552734	0.4492188	-14.78125	-85.40625	-24.78125	97.25263	107.2865	170.8228	194.6057	228.049	210.0634
945.5758	-0.2949219	0.9316406	-0.1025391	-0.8125	32.40625	0.21875	0.05761719	0.8681641	0.5371094	20.125	-24.5625	70.53125	0.1835938	1.552734	0.4492188	-14.78125	-85.40625	-24.78125	97.25263	107.2865	170.8228	194.6057	228.049	210.0634
945.6088	0.1240234	0.8525391	-0.6328125	-24.5625	11.75	3.15625	0.05761719	0.8681641	0.5371094	20.125	-24.5625	70.53125	-0.5683594	0.7050781	-0.7412109	-316.25	-72.15625	122.0625	97.25263	107.2865	170.8228	194.6057	228.049	210.0634
945.6422	0.1240234	0.8525391	-0.6328125	-24.5625	11.75	3.15625	0.05761719	0.8681641	0.5371094	20.125	-24.5625	70.53125	-0.5683594	0.7050781	-0.7412109	-316.25	-72.15625	122.0625	97.25263	107.2865	170.8228	190.8923	224.7612	193.2532
945.6755	0.1240234	0.8525391	-0.6328125	-24.5625	11.75	3.15625	0.05761719	0.8681641	0.5371094	20.125	-24.5625	70.53125	-0.5683594	0.7050781	-0.7412109	-316.25	-72.15625	122.0625	97.25263	107.2865	170.8228	190.8923	224.7612	193.2532
945.709	0.1240234	0.8525391	-0.6328125	-24.5625	11.75	3.15625	0.1650391	0.9960938	-0.1962891	125.7188	58.53125	-9.90625	-0.3955078	0.6113281	-1.400391	-301.3438	151.4688	132.3125	97.25263	107.2865	170.8228	190.8923	224.7612	193.2532
945.7421	0.1240234	0.8525391	-0.6328125	-24.5625	11.75	3.15625	0.1650391	0.9960938	-0.1962891	125.7188	58.53125	-9.90625	-0.3955078	0.6113281	-1.400391	-301.3438	151.4688	132.3125	97.25263	107.2865	170.8228	191.6375	238.9499	157.09
945.7762	0.1240234	0.8525391	-0.6328125	-24.5625	11.75	3.15625	0.1650391	0.9960938	-0.1962891	125.7188	58.53125	-9.90625	-0.3955078	0.6113281	-1.400391	-301.3438	151.4688	132.3125	97.25263	107.2865	170.8228	191.6375	238.9499	157.09
945.809	0.1240234	0.8525391	-0.6328125	-24.5625	11.75	3.15625	0.1650391	0.9960938	-0.1962891	125.7188	58.53125	-9.90625	-0.3955078	0.6113281	-1.400391	-301.3438	151.4688	132.3125	97.25263	107.2865	170.8228	191.6375	238.9499	157.09
945.8435	-0.08984375	0.4199219	-0.2597656	-7.15625	33.125	-0.875	-0.359375	1.147461	0.296875	128.5938	-26.5625	39.84375	-0.4316406	1.491211	0.05175781	159.2188	-76.90625	-44.5	85.05002	185.5095	215.6745	187.0572	263.9258	189.293
945.8754	-0.08984375	0.4199219	-0.2597656	-7.15625	33.125	-0.875	-0.359375	1.147461	0.296875	128.5938	-26.5625	39.84375	1.999023	0.8857422	-0.5869141	154.3438	-98.21875	-14.84375	85.05002	185.5095	215.6745	187.0572	263.9258	189.293
945.9083	-0.05761719	1.113281	-0.04101563	-1.53125	-15.9375	-11	0.46875	1.999023	0.7910156	41.25	-40.46875	-3.75	1.999023	0.8857422	-0.5869141	154.3438	-98.21875	-14.84375	85.05002	185.5095	215.6745	188.9809	264.1664	203.5804
945.9421	-0.05761719	1.113281	-0.04101563	-1.53125	-15.9375	-11	0.46875	1.999023	0.7910156	41.25	-40.46875	-3.75	1.999023	0.8857422	-0.5869141	154.3438	-98.21875	-14.84375	85.05002	185.5095	215.6745	188.9809	264.1664	203.5804
945.9753	-0.05761719	1.113281	-0.04101563	-1.53125	-15.9375	-11	0.46875	1.999023	0.7910156	41.25	-40.46875	-3.75	0.3271484	0.8398438	-0.5966797	67.3125	67.25	-25.34375	85.05002	185.5095	215.6745	188.9809	264.1664	203.5804
946.009	-0.05761719	1.113281	-0.04101563	-1.53125	-15.9375	-11	0.46875	1.999023	0.7910156	41.25	-40.46875	-3.75	0.3271484	0.8398438	-0.5966797	67.3125	67.25	-25.34375	85.05002	185.5095	215.6745	192.2652	265.3923	213.0256
946.0419	-0.05761719	1.113281	-0.04101563	-1.53125	-15.9375	-11	0.46875	1.999023	0.7910156	41.25	-40.46875	-3.75	0.3271484	0.8398438	-0.5966797	67.3125	67.25	-25.34375	85.05002	185.5095	215.6745	192.2652	265.3923	213.0256
946.0754	-0.05761719	1.113281	-0.04101563	-1.53125	-15.9375	-11	0.46875	1.999023	0.7910156	41.25	-40.46875	-3.75	0.3271484	0.8398438	-0.5966797	67.3125	67.25	-25.34375	92.24752	150.3787	206.2086	192.2652	265.3923	213.0256
946.1087	-0.05761719	1.113281	-0.04101563	-1.53125	-15.9375	-11	0.46875	1.999023	0.7910156	41.25	-40.46875	-3.75	0.1367188	0.8457031	-0.4589844	49.96875	16.46875	-14.78125	92.24752	150.3787	206.2086	200.3853	248.3174	213.2396
946.1421	-0.05761719	1.113281	-0.04101563	-1.53125	-15.9375	-11	0.46875	1.999023	0.7910156	41.25	-40.46875	-3.75	0.1367188	0.8457031	-0.4589844	49.96875	16.46875	-14.78125	92.24752	150.3787	206.2086	200.3853	248.3174	213.2396
946.1755	-0.05761719	1.113281	-0.04101563	-1.53125	-15.9375	-11	-0.01855469	0.8769531	-0.7060547	-188.5625	101.25	-5.21875	0.1367188	0.8457031	-0.4589844	49.96875	16.46875	-14.78125	101.9737	119.191	206.9803	200.3853	248.3174	213.2396
946.2085	0.1435547	0.4599609	-0.2099609	6.03125	-9.40625	-4.34375	-0.01855469	0.8769531	-0.7060547	-188.5625	101.25	-5.21875	0.3046875	0.796875	-0.3007813	86.15625	-9.71875	-24.5625	101.9737	119.191	206.9803	200.3853	248.3174	213.2396
946.2419	0.1435547	0.4599609	-0.2099609	6.03125	-9.40625	-4.34375	-0.515625	0.1523438	-0.4570313	-54.15625	-64.90625	-18.21875	0.3046875	0.796875	-0.3007813	86.15625	-9.71875	-24.5625	101.9737	119.191	206.9803	210.8865	244.5709	206.3623
946.2746	0.1435547	0.4599609	-0.2099609	6.03125	-9.40625	-4.34375	-0.515625	0.1523438	-0.4570313	-54.15625	-64.90625	-18.21875	0.3046875	0.796875	-0.3007813	86.15625	-9.71875	-24.5625	101.9737	119.191	206.9803	210.8865	244.5709	206.3623
946.3081	0.1435547	0.4599609	-0.2099609	6.03125	-9.40625	-4.34375	-0.515625	0.1523438	-0.4570313	-54.15625	-64.90625	-18.21875	-0.2246094	1.882813	-0.4169922	196.1563	-7.53125	-47.3125	101.9737	119.191	206.9803	210.8865	244.5709	206.3623
946.3421	0.1435547	0.4599609	-0.2099609	6.03125	-9.40625	-4.34375	-0.515625	0.1523438	-0.4570313	-54.15625	-64.90625	-18.21875	-0.2246094	1.882813	-0.4169922	196.1563	-7.53125	-47.3125	101.9737	119.191	206.9803	213.6015	242.2122	215.5266
946.3749	0.1435547	0.4599609	-0.2099609	6.03125	-9.40625	-4.34375	-0.515625	0.1523438	-0.4570313	-54.15625	-64.90625	-18.21875	-0.2246094	1.882813	-0.4169922	196.1563	-7.53125	-47.3125	108.1223	97.37489	197.6812	213.6015	242.2122	215.5266
946.4083	0.1435547	0.4599609	-0.2099609	6.03125	-9.40625	-4.34375	-0.515625	0.1523438	-0.4570313	-54.15625	-64.90625	-18.21875	-0.05566406	0.8164063	-0.8818359	135.8438	-221.0938	1.5	108.1223	97.37489	197.6812	213.6015	242.2122	215.5266
946.4425	0.1435547	0.4599609	-0.2099609	6.03125	-9.40625	-4.34375	-0.515625	0.1523438	-0.4570313	-54.15625	-64.90625	-18.21875	-0.05566406	0.8164063	-0.8818359	135.8438	-221.0938	1.5	108.1223	97.37489	197.6812	217.9014	238.7495	215.256
946.475	0.1435547	0.4599609	-0.2099609	6.03125	-9.40625	-4.34375	-0.9882813	0.6572266	-0.2519531	-1.46875	210.875	23.1875	-0.07910156	0.5175781	-0.5146484	-202.7813	28	168	108.1223	97.37489	197.6812	217.9014	238.7495	215.256
946.508	0.1435547	0.4599609	-0.2099609	6.03125	-9.40625	-4.34375	-0.9882813	0.6572266	-0.2519531	-1.46875	210.875	23.1875	-0.07910156	0.5175781	-0.5146484	-202.7813	28	168	108.1223	97.37489	197.6812	222.2995	249.3748	210.8794
946.5416	0.1435547	0.4599609	-0.2099609	6.03125	-9.40625	-4.34375	-0.9882813	0.6572266	-0.2519531	-1.46875	210.875	23.1875	-0.07910156	0.5175781	-0.5146484	-202.7813	28	168	108.1223	97.37489	197.6812	222.2995	249.3748	210.8794
946.5745	0.1435547	0.4599609	-0.2099609	6.03125	-9.40625	-4.34375	-0.01464844	1.30957	-0.2177734	99.21875	12.125	-19.25	-0.2460938	0.3564453	-0.9228516	-229.5	-162.4375	286.6563	108.1223	97.37489	197.6812	218.8758	270.0377	180.5784
946.6082	0.1435547	0.4599609	-0.2099609	6.03125	-9.40625	-4.34375	-0.01464844	1.30957	-0.2177734	99.21875	12.125	-19.25	-0.2460938	0.3564453	-0.9228516	-229.5	-162.4375	286.6563	108.1223	97.37489	197.6812	218.8758	270.0377	180.5784
946.642	0.1435547	0.4599609	-0.2099609	6.03125	-9.40625	-4.34375	-0.01464844	1.30957	-0.2177734	99.21875	12.125	-19.25	-0.2460938	0.3564453	-0.9228516	-229.5	-162.4375	286.6563	108.1223	97.37489	197.6812	218.8758	270.0377	180.5784
946.6746	0.1435547	0.4599609	-0.2099609	6.03125	-9.40625	-4.34375	-0.01464844	1.30957	-0.2177734	99.21875	12.125	-19.25	-0.2460938	0.3564453	-0.9228516	-229.5	-162.4375	286.6563	93.91269	177.1137	220.0027	218.8758	270.0377	180.5784
946.708	0.1435547	0.4599609	-0.2099609	6.03125	-9.40625	-4.34375	-0.01464844	1.30957	-0.2177734	99.21875	12.125	-19.25	-0.2460938	0.3564453	-0.9228516	-229.5	-162.4375	286.6563	93.91269	177.1137	220.0027	218.8758	270.0377	180.5784
946.7419	0.1435547	0.4599609	-0.2099609	6.03125	-9.40625	-4.34375	-0.01464844	1.30957	-0.2177734	99.21875	12.125	-19.25	0.03515625	0.5458984	-0.921875	39.09375	-260.1563	88.65625	93.91269	177.1137	220.0027	199.7276	313.6776	188.966
946.7751	0.1435547	0.4599609	-0.2099609	6.03125	-9.40625	-4.34375	-0.01464844	1.30957	-0.2177734	99.21875	12.125	-19.25	0.1875	0.7070313	-0.7080078	50.8125	-144.4375	-9.21875	93.91269	177.1137	220.0027	199.7276	313.6776	188.966
946.8084	0.1435547	0.4599609	-0.2099609	6.03125	-9.40625	-4.34375	0.1748047	0.9248047	0.4082031	96.0625	-57.375	12.625	0.1875	0.7070313	-0.7080078	50.8125	-144.4375	-9.21875	93.91269	177.1137	220.0027	203.2097	314.3013	191.749
946.8417	0.1435547	0.4599609	-0.2099609	6.03125	-9.40625	-4.34375	0.1748047	0.9248047	0.4082031	96.0625	-57.375	12.625	0.1875	0.7070313	-0.7080078	50.8125	-144.4375	-9.21875	93.91269	177.1137	220.0027	203.2097	314.3013	191.749
946.8751	0.1435547	0.4599609	-0.2099609	6.03125	-9.40625	-4.34375	0.1748047	0.9248047	0.4082031	96.0625	-57.375	12.625	-0.09765625	0.9033203	-0.5214844	17.6875	-44.15625	-19.0625	93.91269	177.1137	220.0027	205.544	318.9554	198.5851
946.908	0.1435547	0.4599609	-0.2099609	6.03125	-9.40625	-4.34375	0.1748047	0.9248047	0.4082031	96.0625	-57.375	12.625	-0.09765625	0.9033203	-0.5214844	17.6875	-44.15625	-19.0625	93.91269	177.1137	220.0027	205.544	318.9554	198.5851
946.9416	0.1435547	0.4599609	-0.2099609	6.03125	-9.40625	-4.34375	0.1748047	0.9248047	0.4082031	96.0625	-57.375	12.625	-0.09765625	0.9033203	-0.5214844	17.6875	-44.15625	-19.0625	93.91269	177.1137	220.0027	205.544	318.9554	198.5851
946.9747	0.1435547	0.4599609	-0.2099609	6.03125	-9.40625	-4.34375	0.1748047	0.9248047	0.4082031	96.0625	-57.375	12.625	-0.009765625	0.7539063	-0.3476563	7.8125	-44.09375	-21.3125	93.91269	177.1137	220.0027	205.9092	323.5264	201.4336
947.0079	0.1435547	0.4599609	-0.2099609	6.03125	-9.40625	-4.34375	0.1748047	0.9248047	0.4082031	96.0625	-57.375	12.625	-0.009765625	0.7539063	-0.3476563	7.8125	-44.09375	-21.3125	93.91269	177.1137	220.0027	205.9092	323.5264	201.4336
947.0419	0.1435547	0.4599609	-0.2099609	6.03125	-9.40625	-4.34375	0.1748047	0.9248047	0.4082031	96.0625	-57.375	12.625	-0.009765625	0.7539063	-0.3476563	7.8125	-44.09375	-21.3125	84.54753	144.3825	195.4654	205.9092	323.5264	201.4336
947.0751	0.1435547	0.4599609	-0.2099609	6.03125	-9.40625	-4.34375	-0.09667969	0.6230469	-0.4960938	-139.9688	-16.125	3.34375	0.1767578	0.9179688	-0.4941406	18.71875	-55.0625	-31.5	84.54753	144.3825	195.4654	205.9092	323.5264	201.4336
947.1078	-0.03515625	1.249023	-0.3779297	7.4375	-65.875	39.28125	-0.09667969	0.6230469	-0.4960938	-139.9688	-16.125	3.34375	0.1767578	0.9179688	-0.4941406	18.71875	-55.0625	-31.5	84.54753	144.3825	195.4654	205.4393	311.8567	192.3074
947.1417	-0.03515625	1.249023	-0.3779297	7.4375	-65.875	39.28125	-0.09667969	0.6230469	-0.4960938	-139.9688	-16.125	3.34375	-0.1523438	1.145508	-0.9169922	-20.09375	-93.40625	-36.28125	84.54753	144.3825	195.4654	205.4393	311.8567	192.3074
947.1741	-0.03515625	1.249023	-0.3779297	7.4375	-65.875	39.28125	-0.09667969	0.6230469	-0.4960938	-139.9688	-16.125	3.34375	-0.1523438	1.145508	-0.9169922	-20.09375	-93.40625	-36.28125	84.54753	144.3825	195.4654	204.7661	318.7392	196.9585
947.208	-0.03515625	1.249023	-0.3779297	7.4375	-65.875	39.28125	-0.09667969	0.6230469	-0.4960938	-139.9688	-16.125	3.34375	-0.1523438	1.145508	-0.9169922	-20.09375	-93.40625	-36.28125	84.54753	144.3825	195.4654	204.7661	318.7392	196.9585
947.2415	-0.03515625	1.249023	-0.3779297	7.4375	-65.875	39.28125	-0.09667969	0.6230469	-0.4960938	-139.9688	-16.125	3.34375	-0.1523438	1.145508	-0.9169922	-20.09375	-93.40625	-36.28125	84.54753	144.3825	195.4654	204.7661	318.7392	196.9585
947.274	-0.03515625	1.249023	-0.3779297	7.4375	-65.875	39.28125	-0.09667969	0.6230469	-0.4960938	-139.9688	-16.125	3.34375	-0.3388672	0.0703125	-1.672852	12.3125	-245.125	80.96875	84.54753	144.3825	195.4654	202.3989	333.2595	197.7507
947.3074	0.1650391	0.8984375	-0.08007813	5.34375	-62.21875	40.375	-0.09667969	0.6230469	-0.4960938	-139.9688	-16.125	3.34375	-0.3388672	0.0703125	-1.672852	12.3125	-245.125	80.96875	84.54753	144.3825	195.4654	202.3989	333.2595	197.7507
947.3422	0.1650391	0.8984375	-0.08007813	5.34375	-62.21875	40.375	-0.1484375	0.6083984	-0.02636719	45.28125	-177.8125	-27	-0.02929688	0.5390625	-0.9033203	211.4688	-214.3125	114.125	93.30627	119.4814	161.4737	202.3989	333.2595	197.7507
947.3745	0.1650391	0.8984375	-0.08007813	5.34375	-62.21875	40.375	-0.1484375	0.6083984	-0.02636719	45.28125	-177.8125	-27	-0.02929688	0.5390625	-0.9033203	211.4688	-214.3125	114.125	93.30627	119.4814	161.4737	208.0603	350.4542	223.7415
947.4077	0.1650391	0.8984375	-0.08007813	5.34375	-62.21875	40.375	-0.1484375	0.6083984	-0.02636719	45.28125	-177.8125	-27	-0.02929688	0.5390625	-0.9033203	211.4688	-214.3125	114.125	93.30627	119.4814	161.4737	208.0603	350.4542	223.7415
947.4416	0.1650391	0.8984375	-0.08007813	5.34375	-62.21875	40.375	-0.1484375	0.6083984	-0.02636719	45.28125	-177.8125	-27	0.5292969	1.268555	-0.01660156	65.21875	-113.1875	90.625	107.2606	88.01343	121.8435	226.5491	344.0702	208.6125
947.4738	0.1650391	0.8984375	-0.08007813	5.34375	-62.21875	40.375	-0.1484375	0.6083984	-0.02636719	45.28125	-177.8125	-27	0.5292969	1.268555	-0.01660156	65.21875	-113.1875	90.625	107.2606	88.01343	121.8435	226.5491	344.0702	208.6125
947.5073	0.1650391	0.8984375	-0.08007813	5.34375	-62.21875	40.375	-0.1484375	0.6083984	-0.02636719	45.28125	-177.8125	-27	0.5292969	1.268555	-0.01660156	65.21875	-113.1875	90.625	107.2606	88.01343	121.8435	226.5491	344.0702	208.6125
947.5413	0.1015625	0.7119141	-0.3574219	-6.65625	-155.0938	28	-0.1484375	0.6083984	-0.02636719	45.28125	-177.8125	-27	0.3583984	1.09375	-0.2714844	-42.125	-91.375	79.28125	107.2606	88.01343	121.8435	220.1155	350.5758	194.5653
947.5739	0.1015625	0.7119141	-0.3574219	-6.65625	-155.0938	28	-0.06445313	0.9814453	0.3134766	2.125	-68.875	-44.5625	0.3583984	1.09375	-0.2714844	-42.125	-91.375	79.28125	109.8975	90.43399	118.1413	220.1155	350.5758	194.5653
947.6074	0.1015625	0.7119141	-0.3574219	-6.65625	-155.0938	28	-0.06445313	0.9814453	0.3134766	2.125	-68.875	-44.5625	0.3583984	1.09375	-0.2714844	-42.125	-91.375	79.28125	109.8975	90.43399	118.1413	220.1155	350.5758	194.5653
947.6412	0.1015625	0.7119141	-0.3574219	-6.65625	-155.0938	28	-0.06445313	0.9814453	0.3134766	2.125	-68.875	-44.5625	0.5800781	0.5927734	-0.4101563	-22.34375	91.78125	-6.78125	109.8975	90.43399	118.1413	206.3627	341.8831	191.0875
947.6741	0.2431641	0.8984375	-0.5517578	21.46875	-193.75	70.65625	0.2841797	1.0625	0.009765625	2.90625	-141.9688	-52.375	0.5800781	0.5927734	-0.4101563	-22.34375	91.78125	-6.78125	109.8975	90.43399	118.1413	206.3627	341.8831	191.0875
947.7076	0.2431641	0.8984375	-0.5517578	21.46875	-193.75	70.65625	0.2841797	1.0625	0.009765625	2.90625	-141.9688	-52.375	0.5800781	0.5927734	-0.4101563	-22.34375	91.78125	-6.78125	109.8975	90.43399	118.1413	206.3627	341.8831	191.0875
947.7422	0.2431641	0.8984375	-0.5517578	21.46875	-193.75	70.65625	0.2841797	1.0625	0.009765625	2.90625	-141.9688	-52.375	-0.6621094	0.8642578	-0.2548828	2.1875	1.8125	-25.84375	109.8975	90.43399	118.1413	142.1913	344.7464	206.4259
947.7741	0.07421875	0.40625	-0.890625	54.375	-229.1875	68.09375	0.2841797	1.0625	0.009765625	2.90625	-141.9688	-52.375	-0.6621094	0.8642578	-0.2548828	2.1875	1.8125	-25.84375	109.8975	90.43399	118.1413	142.1913	344.7464	206.4259
947.8076	0.07421875	0.40625	-0.890625	54.375	-229.1875	68.09375	0.2841797	1.0625	0.009765625	2.90625	-141.9688	-52.375	-0.6621094	0.8642578	-0.2548828	2.1875	1.8125	-25.84375	170.0117	27.13528	71.78963	142.1913	344.7464	206.4259
947.8409	0.07421875	0.40625	-0.890625	54.375	-229.1875	68.09375	0.2841797	1.0625	0.009765625	2.90625	-141.9688	-52.375	0.08203125	0.6865234	-0.7167969	7.375	-95	58.03125	170.0117	27.13528	71.78963	197.2962	312.8101	196.289
947.8735	0.07421875	0.40625	-0.890625	54.375	-229.1875	68.09375	-0.1660156	1.053711	-0.046875	-19.78125	-224.4375	-52.03125	0.08203125	0.6865234	-0.7167969	7.375	-95	58.03125	183.9611	21.15419	64.89991	197.2962	312.8101	196.289
947.907	0.07421875	0.40625	-0.890625	54.375	-229.1875	68.09375	-0.1660156	1.053711	-0.046875	-19.78125	-224.4375	-52.03125	0.08203125	0.6865234	-0.7167969	7.375	-95	58.03125	183.9611	21.15419	64.89991	197.2962	312.8101	196.289
947.9414	0.07421875	0.40625	-0.890625	54.375	-229.1875	68.09375	-0.1660156	1.053711	-0.046875	-19.78125	-224.4375	-52.03125	-0.3613281	0.5673828	-0.4941406	-20.03125	-12.40625	17.875	183.9611	21.15419	64.89991	133.605	314.32	179.4606
947.9738	0.07421875	0.40625	-0.890625	54.375	-229.1875	68.09375	-0.1660156	1.053711	-0.046875	-19.78125	-224.4375	-52.03125	-0.3613281	0.5673828	-0.4941406	-20.03125	-12.40625	17.875	183.9611	21.15419	64.89991	133.605	314.32	179.4606
948.0084	0.07421875	0.40625	-0.890625	54.375	-229.1875	68.09375	-0.1660156	1.053711	-0.046875	-19.78125	-224.4375	-52.03125	0.1894531	1.124023	-0.1054688	-9.84375	-26.9375	27.09375	183.9611	21.15419	64.89991	133.605	314.32	179.4606
948.0405	0.07421875	0.40625	-0.890625	54.375	-229.1875	68.09375	-0.3857422	0.5048828	-0.3847656	60.09375	-113.4688	-47.5	0.1894531	1.124023	-0.1054688	-9.84375	-26.9375	27.09375	183.9611	21.15419	64.89991	126.9217	321.0458	172.7634
948.0739	0.07421875	0.40625	-0.890625	54.375	-229.1875	68.09375	-0.3857422	0.5048828	-0.3847656	60.09375	-113.4688	-47.5	0.1894531	1.124023	-0.1054688	-9.84375	-26.9375	27.09375	183.9611	21.15419	64.89991	126.9217	321.0458	172.7634
948.1074	0.07421875	0.40625	-0.890625	54.375	-229.1875	68.09375	-0.3857422	0.5048828	-0.3847656	60.09375	-113.4688	-47.5	-0.3720703	1.016602	-0.4228516	-3.875	23.46875	18.1875	183.9611	21.15419	64.89991	126.9217	321.0458	172.7634
948.1472	0.07421875	0.40625	-0.890625	54.375	-229.1875	68.09375	-0.3857422	0.5048828	-0.3847656	60.09375	-113.4688	-47.5	-0.3720703	1.016602	-0.4228516	-3.875	23.46875	18.1875	252.4562	308.569	114.5831	184.9775	279.3032	187.4895
948.1737	0.07421875	0.40625	-0.890625	54.375	-229.1875	68.09375	-0.3857422	0.5048828	-0.3847656	60.09375	-113.4688	-47.5	-0.3720703	1.016602	-0.4228516	-3.875	23.46875	18.1875	252.4562	308.569	114.5831	184.9775	279.3032	187.4895
948.2071	0.07421875	0.40625	-0.890625	54.375	-229.1875	68.09375	-0.3857422	0.5048828	-0.3847656	60.09375	-113.4688	-47.5	-0.05761719	0.7363281	-0.6367188	-5.375	-13.25	19.46875	271.3411	265.0216	140.3199	184.9775	279.3032	187.4895
948.2405	-0.0390625	0.8632813	-0.6962891	27.75	-22.40625	41.625	-0.3857422	0.5048828	-0.3847656	60.09375	-113.4688	-47.5	-0.05761719	0.7363281	-0.6367188	-5.375	-13.25	19.46875	271.3411	265.0216	140.3199	188.8253	273.3363	187.8932
948.2734	-0.0390625	0.8632813	-0.6962891	27.75	-22.40625	41.625	-0.3232422	0.7998047	0.4033203	-71.625	-158.2813	0.90625	-0.05761719	0.7363281	-0.6367188	-5.375	-13.25	19.46875	271.3411	265.0216	140.3199	188.8253	273.3363	187.8932
948.3071	-0.0390625	0.8632813	-0.6962891	27.75	-22.40625	41.625	-0.3232422	0.7998047	0.4033203	-71.625	-158.2813	0.90625	0.08300781	0.8828125	-0.2431641	-12.34375	-18.09375	8.84375	271.3411	265.0216	140.3199	188.8253	273.3363	187.8932
948.364	0.1113281	0.7988281	-0.9941406	40.28125	-49.875	47.90625	-0.3232422	0.7998047	0.4033203	-71.625	-158.2813	0.90625	0.08300781	0.8828125	-0.2431641	-12.34375	-18.09375	8.84375	271.3411	265.0216	140.3199	192.5707	275.1159	184.8887
948.3657	0.1113281	0.7988281	-0.9941406	40.28125	-49.875	47.90625	-0.3232422	0.7998047	0.4033203	-71.625	-158.2813	0.90625	0.08300781	0.8828125	-0.2431641	-12.34375	-18.09375	8.84375	271.3411	265.0216	140.3199	192.5707	275.1159	184.8887
948.3904	0.1113281	0.7988281	-0.9941406	40.28125	-49.875	47.90625	-0.3232422	0.7998047	0.4033203	-71.625	-158.2813	0.90625	-0.0546875	0.9140625	-0.1757813	-9.65625	22.1875	-29.9375	271.3411	265.0216	140.3199	192.5707	275.1159	184.8887
948.4238	0.1113281	0.7988281	-0.9941406	40.28125	-49.875	47.90625	-0.3232422	0.7998047	0.4033203	-71.625	-158.2813	0.90625	-0.0546875	0.9140625	-0.1757813	-9.65625	22.1875	-29.9375	306.5056	214.0474	149.4388	204.2595	258.1171	170.162
948.4571	0.1113281	0.7988281	-0.9941406	40.28125	-49.875	47.90625	-0.3232422	0.7998047	0.4033203	-71.625	-158.2813	0.90625	-0.0546875	0.9140625	-0.1757813	-9.65625	22.1875	-29.9375	306.5056	214.0474	149.4388	204.2595	258.1171	170.162
948.4904	0.1113281	0.7988281	-0.9941406	40.28125	-49.875	47.90625	0.5859375	0.9335938	0.6699219	-76.8125	-54.34375	-31.4375	0.008789063	0.96875	-0.25	-17.71875	-30.53125	-21.4375	313.6705	214.013	145.9858	199.2964	260.3153	159.7193
948.5237	0.1113281	0.7988281	-0.9941406	40.28125	-49.875	47.90625	0.5859375	0.9335938	0.6699219	-76.8125	-54.34375	-31.4375	0.008789063	0.96875	-0.25	-17.71875	-30.53125	-21.4375	313.6705	214.013	145.9858	199.2964	260.3153	159.7193
948.5571	0.1113281	0.7988281	-0.9941406	40.28125	-49.875	47.90625	0.15625	0.7792969	0.8730469	-57.4375	-65.6875	-59.46875	0.008789063	0.96875	-0.25	-17.71875	-30.53125	-21.4375	313.6705	214.013	145.9858	199.2964	260.3153	159.7193
948.5902	0.1113281	0.7988281	-0.9941406	40.28125	-49.875	47.90625	0.15625	0.7792969	0.8730469	-57.4375	-65.6875	-59.46875	-0.4326172	0.8867188	-0.2548828	-0.75	-0.5	20.375	313.6705	214.013	145.9858	196.9331	259.9833	158.229
948.6238	0.1113281	0.7988281	-0.9941406	40.28125	-49.875	47.90625	0.15625	0.7792969	0.8730469	-57.4375	-65.6875	-59.46875	-0.4326172	0.8867188	-0.2548828	-0.75	-0.5	20.375	313.6705	214.013	145.9858	196.9331	259.9833	158.229
948.657	0.1113281	0.7988281	-0.9941406	40.28125	-49.875	47.90625	0.15625	0.7792969	0.8730469	-57.4375	-65.6875	-59.46875	-0.4326172	0.8867188	-0.2548828	-0.75	-0.5	20.375	313.6705	214.013	145.9858	196.9331	259.9833	158.229
948.69	0.1113281	0.7988281	-0.9941406	40.28125	-49.875	47.90625	0.15625	0.7792969	0.8730469	-57.4375	-65.6875	-59.46875	-0.4326172	0.8867188	-0.2548828	-0.75	-0.5	20.375	313.6705	214.013	145.9858	196.9331	259.9833	158.229
948.7244	0.1113281	0.7988281	-0.9941406	40.28125	-49.875	47.90625	0.15625	0.7792969	0.8730469	-57.4375	-65.6875	-59.46875	-0.2548828	0.9072266	-0.3056641	-4.59375	-9.34375	15.78125	333.1332	205.2928	147.7401	202.3243	259.2409	160.6193
948.7568	0.1113281	0.7988281	-0.9941406	40.28125	-49.875	47.90625	-0.2783203	0.4912109	0.5410156	-31.3125	-43.21875	-34	-0.2548828	0.9072266	-0.3056641	-4.59375	-9.34375	15.78125	333.1332	205.2928	147.7401	202.3243	259.2409	160.6193
948.7904	0.03710938	0.7773438	-0.4140625	-121.0938	-27.25	27.15625	-0.2783203	0.4912109	0.5410156	-31.3125	-43.21875	-34	-0.09179688	0.8720703	-0.2753906	-18.21875	-25.78125	13.09375	333.1332	205.2928	147.7401	202.3243	259.2409	160.6193
948.8234	0.03710938	0.7773438	-0.4140625	-121.0938	-27.25	27.15625	-0.2783203	0.4912109	0.5410156	-31.3125	-43.21875	-34	-0.09179688	0.8720703	-0.2753906	-18.21875	-25.78125	13.09375	333.1332	205.2928	147.7401	208.2728	253.393	135.1569
948.8573	0.03710938	0.7773438	-0.4140625	-121.0938	-27.25	27.15625	-0.2783203	0.4912109	0.5410156	-31.3125	-43.21875	-34	-0.09179688	0.8720703	-0.2753906	-18.21875	-25.78125	13.09375	333.1332	205.2928	147.7401	208.2728	253.393	135.1569
948.8903	0.03710938	0.7773438	-0.4140625	-121.0938	-27.25	27.15625	0.2304688	0.2626953	0.9472656	-12.96875	-60.6875	-10.8125	-0.21875	0.8193359	-0.2275391	-8.1875	-27.34375	15	333.1332	205.2928	147.7401	208.2728	253.393	135.1569
948.9234	0.03710938	0.7773438	-0.4140625	-121.0938	-27.25	27.15625	0.2304688	0.2626953	0.9472656	-12.96875	-60.6875	-10.8125	-0.21875	0.8193359	-0.2275391	-8.1875	-27.34375	15	333.1332	205.2928	147.7401	214.5514	245.9329	142.6527
948.9569	0.03710938	0.7773438	-0.4140625	-121.0938	-27.25	27.15625	0.2304688	0.2626953	0.9472656	-12.96875	-60.6875	-10.8125	-0.21875	0.8193359	-0.2275391	-8.1875	-27.34375	15	333.1332	205.2928	147.7401	214.5514	245.9329	142.6527
948.9902	0.03710938	0.7773438	-0.4140625	-121.0938	-27.25	27.15625	0.2304688	0.2626953	0.9472656	-12.96875	-60.6875	-10.8125	-0.2910156	1.041992	-0.1640625	1.5	12.4375	4.6875	333.1332	205.2928	147.7401	214.5514	245.9329	142.6527
949.0233	0.03710938	0.7773438	-0.4140625	-121.0938	-27.25	27.15625	0.2304688	0.2626953	0.9472656	-12.96875	-60.6875	-10.8125	-0.2910156	1.041992	-0.1640625	1.5	12.4375	4.6875	329.0408	213.8301	139.4348	214.7493	245.9344	132.4857
949.0569	0.03710938	0.7773438	-0.4140625	-121.0938	-27.25	27.15625	0.2304688	0.2626953	0.9472656	-12.96875	-60.6875	-10.8125	-0.0859375	0.9941406	-0.2138672	4.4375	5.90625	11.46875	329.0408	213.8301	139.4348	214.7493	245.9344	132.4857
949.0894	0.03710938	0.7773438	-0.4140625	-121.0938	-27.25	27.15625	-0.1308594	0.3271484	0.8583984	-15.03125	10.53125	12	-0.0859375	0.9941406	-0.2138672	4.4375	5.90625	11.46875	330.6839	214.8741	138.9208	214.7493	245.9344	132.4857
949.1228	0.03710938	0.7773438	-0.4140625	-121.0938	-27.25	27.15625	-0.1308594	0.3271484	0.8583984	-15.03125	10.53125	12	-0.0859375	0.9941406	-0.2138672	4.4375	5.90625	11.46875	330.6839	214.8741	138.9208	217.8055	247.9507	131.9961
949.1564	0.03710938	0.7773438	-0.4140625	-121.0938	-27.25	27.15625	-0.1308594	0.3271484	0.8583984	-15.03125	10.53125	12	-0.0859375	0.9941406	-0.2138672	4.4375	5.90625	11.46875	330.6839	214.8741	138.9208	217.8055	247.9507	131.9961
949.1897	-0.1005859	0.890625	-0.1025391	-21	10.84375	-15.15625	-0.1308594	0.3271484	0.8583984	-15.03125	10.53125	12	0.01660156	0.90625	-0.21875	3.40625	-12.40625	16.15625	330.6839	214.8741	138.9208	217.8055	247.9507	131.9961
949.2227	-0.1005859	0.890625	-0.1025391	-21	10.84375	-15.15625	-0.1308594	0.3271484	0.8583984	-15.03125	10.53125	12	0.01660156	0.90625	-0.21875	3.40625	-12.40625	16.15625	330.6839	214.8741	138.9208	221.6034	243.139	135.5946
949.2563	-0.1005859	0.890625	-0.1025391	-21	10.84375	-15.15625	-0.3916016	0.4599609	0.8964844	-2.75	8.96875	8.96875	0.01660156	0.90625	-0.21875	3.40625	-12.40625	16.15625	330.6839	214.8741	138.9208	221.6034	243.139	135.5946
949.2898	-0.1005859	0.890625	-0.1025391	-21	10.84375	-15.15625	-0.3916016	0.4599609	0.8964844	-2.75	8.96875	8.96875	-0.01171875	0.9853516	-0.2978516	-3	-12.28125	3.03125	330.6839	214.8741	138.9208	221.6034	243.139	135.5946
949.323	0.05078125	0.9736328	-0.1328125	-19.1875	-2.9375	10.0625	-0.3916016	0.4599609	0.8964844	-2.75	8.96875	8.96875	-0.01171875	0.9853516	-0.2978516	-3	-12.28125	3.03125	330.6839	214.8741	138.9208	223.5052	244.3019	134.9722
949.3562	0.05078125	0.9736328	-0.1328125	-19.1875	-2.9375	10.0625	-0.3916016	0.4599609	0.8964844	-2.75	8.96875	8.96875	-0.09863281	0.890625	-0.2167969	-4.90625	10.1875	-8.9375	330.6839	214.8741	138.9208	223.5052	244.3019	134.9722
949.3896	-0.00390625	0.8691406	-0.1542969	7.6875	-12.71875	6.03125	-0.3916016	0.4599609	0.8964844	-2.75	8.96875	8.96875	-0.09863281	0.890625	-0.2167969	-4.90625	10.1875	-8.9375	324.7139	222.443	131.5336	223.567	244.6354	134.4155
949.4227	-0.00390625	0.8691406	-0.1542969	7.6875	-12.71875	6.03125	-0.3916016	0.4599609	0.8964844	-2.75	8.96875	8.96875	-0.09863281	0.890625	-0.2167969	-4.90625	10.1875	-8.9375	324.7139	222.443	131.5336	223.567	244.6354	134.4155
949.4566	-0.00390625	0.8691406	-0.1542969	7.6875	-12.71875	6.03125	-0.3916016	0.4599609	0.8964844	-2.75	8.96875	8.96875	-0.1533203	0.9013672	-0.25	-3.75	4	-10.75	324.7139	222.443	131.5336	223.567	244.6354	134.4155
949.4897	-0.00390625	0.8691406	-0.1542969	7.6875	-12.71875	6.03125	-0.3916016	0.4599609	0.8964844	-2.75	8.96875	8.96875	-0.1533203	0.9013672	-0.25	-3.75	4	-10.75	324.7139	222.443	131.5336	219.7077	252.5925	129.8653
949.5226	-0.00390625	0.8691406	-0.1542969	7.6875	-12.71875	6.03125	-0.3916016	0.4599609	0.8964844	-2.75	8.96875	8.96875	-0.1533203	0.9013672	-0.25	-3.75	4	-10.75	324.7139	222.443	131.5336	219.7077	252.5925	129.8653
949.5562	-0.00390625	0.8691406	-0.1542969	7.6875	-12.71875	6.03125	-0.3916016	0.4599609	0.8964844	-2.75	8.96875	8.96875	-0.09960938	0.9658203	-0.1894531	-2.46875	8.28125	-6	324.7139	222.443	131.5336	219.7077	252.5925	129.8653
949.5901	-0.00390625	0.8691406	-0.1542969	7.6875	-12.71875	6.03125	-0.3916016	0.4599609	0.8964844	-2.75	8.96875	8.96875	-0.09960938	0.9658203	-0.1894531	-2.46875	8.28125	-6	324.7139	222.443	131.5336	218.4285	252.3802	129.7117
949.623	-0.00390625	0.8691406	-0.1542969	7.6875	-12.71875	6.03125	-0.3916016	0.4599609	0.8964844	-2.75	8.96875	8.96875	-0.09960938	0.9658203	-0.1894531	-2.46875	8.28125	-6	322.8929	222.7238	130.9765	218.4285	252.3802	129.7117
949.6566	-0.00390625	0.8691406	-0.1542969	7.6875	-12.71875	6.03125	-0.05566406	0.4238281	0.7597656	-1.90625	-29.25	-6	-0.09960938	0.9658203	-0.1894531	-2.46875	8.28125	-6	322.8929	222.7238	130.9765	218.4285	252.3802	129.7117
949.6893	-0.00390625	0.8691406	-0.1542969	7.6875	-12.71875	6.03125	-0.05566406	0.4238281	0.7597656	-1.90625	-29.25	-6	-0.1347656	0.9052734	-0.1826172	-2.34375	-8.8125	-3.375	322.8929	222.7238	130.9765	218.4285	252.3802	129.7117
949.7227	-0.00390625	0.8691406	-0.1542969	7.6875	-12.71875	6.03125	0.005859375	0.4345703	0.9082031	-0.1875	-22.34375	-8.6875	-0.1347656	0.9052734	-0.1826172	-2.34375	-8.8125	-3.375	322.8929	222.7238	130.9765	215.3434	252.1644	129.0034
949.7559	-0.00390625	0.8691406	-0.1542969	7.6875	-12.71875	6.03125	0.005859375	0.4345703	0.9082031	-0.1875	-22.34375	-8.6875	-0.2255859	0.8994141	-0.1679688	-2.03125	3.03125	3.78125	322.8929	222.7238	130.9765	215.3434	252.1644	129.0034
949.7897	-0.00390625	0.8691406	-0.1542969	7.6875	-12.71875	6.03125	0.005859375	0.4345703	0.9082031	-0.1875	-22.34375	-8.6875	-0.2255859	0.8994141	-0.1679688	-2.03125	3.03125	3.78125	322.8929	222.7238	130.9765	215.4625	252.2458	129.1478
949.8226	-0.00390625	0.8691406	-0.1542969	7.6875	-12.71875	6.03125	0.04882813	0.4296875	0.9082031	1.5625	3.90625	-5.625	-0.2255859	0.8994141	-0.1679688	-2.03125	3.03125	3.78125	327.7702	216.7446	136.8314	215.4625	252.2458	129.1478
949.8564	0.078125	0.9648438	-0.1064453	8.03125	-3.8125	-3	0.04882813	0.4296875	0.9082031	1.5625	3.90625	-5.625	-0.2666016	1.071289	-0.1699219	5	-19.96875	13.46875	327.7702	216.7446	136.8314	215.4625	252.2458	129.1478
949.8892	0.078125	0.9648438	-0.1064453	8.03125	-3.8125	-3	0.04882813	0.4296875	0.9082031	1.5625	3.90625	-5.625	-0.2666016	1.071289	-0.1699219	5	-19.96875	13.46875	327.7702	216.7446	136.8314	217.7683	246.8688	131.8838
949.9226	0.078125	0.9648438	-0.1064453	8.03125	-3.8125	-3	0.02539063	0.3164063	0.9042969	1.6875	15.78125	1.28125	-0.2666016	1.071289	-0.1699219	5	-19.96875	13.46875	327.7702	216.7446	136.8314	217.7683	246.8688	131.8838
949.9573	0.078125	0.9648438	-0.1064453	8.03125	-3.8125	-3	0.02539063	0.3164063	0.9042969	1.6875	15.78125	1.28125	-0.2441406	1.026367	-0.2714844	-0.5625	-5.625	1.28125	327.7702	216.7446	136.8314	217.7683	246.8688	131.8838
949.9897	0.078125	0.9648438	-0.1064453	8.03125	-3.8125	-3	0.02539063	0.3164063	0.9042969	1.6875	15.78125	1.28125	-0.2441406	1.026367	-0.2714844	-0.5625	-5.625	1.28125	327.7702	216.7446	136.8314	217.7683	246.8688	131.8838
950.0225	0.078125	0.9648438	-0.1064453	8.03125	-3.8125	-3	0.02539063	0.3164063	0.9042969	1.6875	15.78125	1.28125	-0.1601563	0.9082031	-0.2763672	-0.5	-1	1.3125	327.7702	216.7446	136.8314	219.178	247.7085	131.3563
950.0554	0.078125	0.9648438	-0.1064453	8.03125	-3.8125	-3	0.02539063	0.3164063	0.9042969	1.6875	15.78125	1.28125	-0.1601563	0.9082031	-0.2763672	-0.5	-1	1.3125	327.7702	216.7446	136.8314	219.178	247.7085	131.3563
950.0894	0.078125	0.9648438	-0.1064453	8.03125	-3.8125	-3	-0.1679688	0.4267578	0.8759766	0.34375	22.03125	-4.90625	-0.1601563	0.9082031	-0.2763672	-0.5	-1	1.3125	327.7702	216.7446	136.8314	219.178	247.7085	131.3563
950.1224	-0.09765625	1.014648	-0.1347656	-7.46875	12.125	-0.875	-0.1679688	0.4267578	0.8759766	0.34375	22.03125	-4.90625	-0.1601563	0.9082031	-0.2763672	-0.5	-1	1.3125	323.8887	220.3206	133.0739	219.178	247.7085	131.3563
950.1556	-0.09765625	1.014648	-0.1347656	-7.46875	12.125	-0.875	-0.1679688	0.4267578	0.8759766	0.34375	22.03125	-4.90625	-0.1035156	0.9501953	-0.1621094	0.28125	1.5	0.15625	323.8887	220.3206	133.0739	219.178	247.7085	131.3563
950.1891	-0.09765625	1.014648	-0.1347656	-7.46875	12.125	-0.875	-0.1992188	0.3427734	0.8564453	-2.6875	7.90625	2.375	-0.1035156	0.9501953	-0.1621094	0.28125	1.5	0.15625	323.8887	220.3206	133.0739	217.5685	251.5529	130.8632
950.223	-0.09765625	1.014648	-0.1347656	-7.46875	12.125	-0.875	-0.1992188	0.3427734	0.8564453	-2.6875	7.90625	2.375	-0.1035156	0.9501953	-0.1621094	0.28125	1.5	0.15625	323.8887	220.3206	133.0739	217.5685	251.5529	130.8632
950.2572	-0.09765625	1.014648	-0.1347656	-7.46875	12.125	-0.875	-0.1992188	0.3427734	0.8564453	-2.6875	7.90625	2.375	-0.02636719	0.9277344	-0.2138672	0.21875	0.15625	1.8125	323.8887	220.3206	133.0739	217.5685	251.5529	130.8632
950.2894	-0.09765625	1.014648	-0.1347656	-7.46875	12.125	-0.875	-0.1992188	0.3427734	0.8564453	-2.6875	7.90625	2.375	-0.02636719	0.9277344	-0.2138672	0.21875	0.15625	1.8125	323.8887	220.3206	133.0739	219.1028	249.1174	132.7633
950.3221	-0.09863281	0.9189453	-0.15625	-5.6875	5.65625	-4.90625	-0.1992188	0.3427734	0.8564453	-2.6875	7.90625	2.375	-0.02636719	0.9277344	-0.2138672	0.21875	0.15625	1.8125	323.8887	220.3206	133.0739	219.1028	249.1174	132.7633
950.3549	-0.09863281	0.9189453	-0.15625	-5.6875	5.65625	-4.90625	-0.1992188	0.3427734	0.8564453	-2.6875	7.90625	2.375	-0.1474609	0.9072266	-0.2119141	0.65625	5.40625	-0.875	323.8887	220.3206	133.0739	219.1028	249.1174	132.7633
950.3882	-0.09863281	0.9189453	-0.15625	-5.6875	5.65625	-4.90625	-0.1992188	0.3427734	0.8564453	-2.6875	7.90625	2.375	-0.1474609	0.9072266	-0.2119141	0.65625	5.40625	-0.875	323.8887	220.3206	133.0739	219.2372	249.0058	132.4865
950.4212	-0.09863281	0.9189453	-0.15625	-5.6875	5.65625	-4.90625	-0.1992188	0.3427734	0.8564453	-2.6875	7.90625	2.375	-0.1474609	0.9072266	-0.2119141	0.65625	5.40625	-0.875	323.8887	220.3206	133.0739	219.1448	248.7928	132.7148
950.4547	-0.09863281	0.9189453	-0.15625	-5.6875	5.65625	-4.90625	-0.1992188	0.3427734	0.8564453	-2.6875	7.90625	2.375	-0.07519531	0.8076172	-0.2539063	0.15625	1.21875	-1.96875	323.8887	220.3206	133.0739	219.1448	248.7928	132.7148
950.4883	-0.09863281	0.9189453	-0.15625	-5.6875	5.65625	-4.90625	-0.1992188	0.3427734	0.8564453	-2.6875	7.90625	2.375	-0.07519531	0.8076172	-0.2539063	0.15625	1.21875	-1.96875	323.8887	220.3206	133.0739	219.1448	248.7928	132.7148
950.5217	-0.09863281	0.9189453	-0.15625	-5.6875	5.65625	-4.90625	-0.1992188	0.3427734	0.8564453	-2.6875	7.90625	2.375	-0.07519531	0.8076172	-0.2539063	0.15625	1.21875	-1.96875	323.8887	220.3206	133.0739	218.8848	248.8472	132.8167
950.5553	0.1044922	0.9257813	-0.1513672	5.1875	-4.21875	6.09375	-0.1992188	0.3427734	0.8564453	-2.6875	7.90625	2.375	-0.04296875	0.9619141	-0.06054688	-1.1875	-1.65625	-2.46875	323.8887	220.3206	133.0739	218.8848	248.8472	132.8167
950.5886	0.1044922	0.9257813	-0.1513672	5.1875	-4.21875	6.09375	-0.1992188	0.3427734	0.8564453	-2.6875	7.90625	2.375	-0.04296875	0.9619141	-0.06054688	-1.1875	-1.65625	-2.46875	323.8887	220.3206	133.0739	218.8848	248.8472	132.8167
950.6227	0.1044922	0.9257813	-0.1513672	5.1875	-4.21875	6.09375	-0.1992188	0.3427734	0.8564453	-2.6875	7.90625	2.375	-0.08886719	0.9482422	-0.1386719	-1.1875	1.4375	-0.6875	323.8887	220.3206	133.0739	218.2724	249.3726	132.6202
950.6552	0.1044922	0.9257813	-0.1513672	5.1875	-4.21875	6.09375	-0.1210938	0.4375	0.8710938	0.59375	-2.59375	-0.9375	-0.08886719	0.9482422	-0.1386719	-1.1875	1.4375	-0.6875	323.8887	220.3206	133.0739	218.2724	249.3726	132.6202
950.6885	0.1044922	0.9257813	-0.1513672	5.1875	-4.21875	6.09375	-0.1210938	0.4375	0.8710938	0.59375	-2.59375	-0.9375	-0.08886719	0.9482422	-0.1386719	-1.1875	1.4375	-0.6875	323.8887	220.3206	133.0739	218.2724	249.3726	132.6202
950.7239	0.1044922	0.9257813	-0.1513672	5.1875	-4.21875	6.09375	-0.15625	0.4384766	0.9550781	-0.5	-3.96875	0.65625	-0.08886719	0.9482422	-0.1386719	-1.1875	1.4375	-0.6875	323.8887	220.3206	133.0739	217.7272	249.7052	132.412
950.7546	0.04980469	0.8945313	-0.05371094	6.875	-0.875	1.09375	-0.15625	0.4384766	0.9550781	-0.5	-3.96875	0.65625	0.05078125	0.9199219	-0.08300781	-0.125	-0.375	-1.125	323.8887	220.3206	133.0739	217.7272	249.7052	132.412
950.7888	0.04980469	0.8945313	-0.05371094	6.875	-0.875	1.09375	-0.15625	0.4384766	0.9550781	-0.5	-3.96875	0.65625	0.05078125	0.9199219	-0.08300781	-0.125	-0.375	-1.125	319.6368	224.0328	129.3484	217.7272	249.7052	132.412
950.8231	0.1123047	0.9921875	-0.2646484	6.625	0.34375	1.5625	-0.15625	0.4384766	0.9550781	-0.5	-3.96875	0.65625	0.05078125	0.9199219	-0.08300781	-0.125	-0.375	-1.125	319.6368	224.0328	129.3484	215.0997	253.2125	129.4359
950.8552	0.1123047	0.9921875	-0.2646484	6.625	0.34375	1.5625	-0.09667969	0.4570313	0.8554688	0.53125	-4.03125	-0.8125	-0.08398438	0.9072266	-0.1435547	1.875	0.71875	-0.5	319.6368	224.0328	129.3484	215.0997	253.2125	129.4359
