711.585	0.07617188	0.7519531	-0.5449219	0.90625	0.84375	-1.125	-0.078125	0.2939453	0.875	1.03125	-0.8125	-2.53125	-0.03710938	0.890625	-0.4873047	0.53125	1.4375	-0.25	299.3499	108.3958	249.7443	118.6674	249.0619	217.8329
711.6106	0.07617188	0.7519531	-0.5449219	0.90625	0.84375	-1.125	-0.2011719	0.3740234	0.9052734	0	0.59375	-0.4375	0.008789063	0.9941406	-0.4013672	2.5625	4	-1.78125	299.3499	108.3958	249.7443	118.6674	249.0619	217.8329
711.6294	0.07617188	0.7519531	-0.5449219	0.90625	0.84375	-1.125	-0.2011719	0.3740234	0.9052734	0	0.59375	-0.4375	0.008789063	0.9941406	-0.4013672	2.5625	4	-1.78125	302.6282	110.7863	247.3526	118.6674	249.0619	217.8329
711.663	0.06054688	0.8457031	-0.5322266	2.1875	1.9375	1.6875	-0.2011719	0.3740234	0.9052734	0	0.59375	-0.4375	0.008789063	0.9941406	-0.4013672	2.5625	4	-1.78125	302.6282	110.7863	247.3526	120.7217	251.4658	220.1579
711.6967	0.06054688	0.8457031	-0.5322266	2.1875	1.9375	1.6875	-0.2011719	0.3740234	0.9052734	0	0.59375	-0.4375	0.006835938	0.8964844	-0.3085938	0.96875	2.4375	-3.3125	302.6282	110.7863	247.3526	120.7217	251.4658	220.1579
711.7297	0.06054688	0.8457031	-0.5322266	2.1875	1.9375	1.6875	-0.1884766	0.2666016	0.9824219	0.46875	0.78125	-0.375	0.006835938	0.8964844	-0.3085938	0.96875	2.4375	-3.3125	302.6282	110.7863	247.3526	120.7217	251.4658	220.1579
711.7632	0.06054688	0.8457031	-0.5322266	2.1875	1.9375	1.6875	-0.1884766	0.2666016	0.9824219	0.46875	0.78125	-0.375	0.006835938	0.8964844	-0.3085938	0.96875	2.4375	-3.3125	302.6282	110.7863	247.3526	120.7217	251.4658	220.1579
711.7966	0.06054688	0.8457031	-0.5322266	2.1875	1.9375	1.6875	-0.1884766	0.2666016	0.9824219	0.46875	0.78125	-0.375	0.07617188	0.8427734	-0.3564453	0	2.4375	-3.0625	302.6282	110.7863	247.3526	120.7217	251.4658	220.1579
711.8298	0.06054688	0.8457031	-0.5322266	2.1875	1.9375	1.6875	-0.1884766	0.2666016	0.9824219	0.46875	0.78125	-0.375	0.07617188	0.8427734	-0.3564453	0	2.4375	-3.0625	302.6282	110.7863	247.3526	120.8835	251.3031	220.2053
711.863	0.06054688	0.8457031	-0.5322266	2.1875	1.9375	1.6875	-0.1884766	0.2666016	0.9824219	0.46875	0.78125	-0.375	-0.1367188	0.9130859	-0.4394531	-1.25	-1.125	-1.34375	302.6282	110.7863	247.3526	120.7473	250.8721	220.062
711.8967	0.06054688	0.8457031	-0.5322266	2.1875	1.9375	1.6875	-0.2011719	0.2636719	0.9541016	-0.375	-0.25	-1	-0.1367188	0.9130859	-0.4394531	-1.25	-1.125	-1.34375	302.6282	110.7863	247.3526	120.7473	250.8721	220.062
711.9294	0.06054688	0.8457031	-0.5322266	2.1875	1.9375	1.6875	-0.2011719	0.2636719	0.9541016	-0.375	-0.25	-1	-0.1367188	0.9130859	-0.4394531	-1.25	-1.125	-1.34375	302.6282	110.7863	247.3526	120.7473	250.8721	220.062
711.963	0.06054688	0.8457031	-0.5322266	2.1875	1.9375	1.6875	-0.2011719	0.2636719	0.9541016	-0.375	-0.25	-1	0.1064453	0.8740234	-0.4677734	-0.0625	-0.5	3.65625	304.9097	112.5162	245.6332	120.7473	250.8721	220.062
711.9963	0.06054688	0.8457031	-0.5322266	2.1875	1.9375	1.6875	-0.2011719	0.2636719	0.9541016	-0.375	-0.25	-1	0.1064453	0.8740234	-0.4677734	-0.0625	-0.5	3.65625	304.9097	112.5162	245.6332	121.9268	252.3708	220.5659
712.0294	0.06054688	0.8457031	-0.5322266	2.1875	1.9375	1.6875	-0.2011719	0.2636719	0.9541016	-0.375	-0.25	-1	0.1064453	0.8740234	-0.4677734	-0.0625	-0.5	3.65625	304.9097	112.5162	245.6332	121.9268	252.3708	220.5659
712.063	0.06054688	0.8457031	-0.5322266	2.1875	1.9375	1.6875	-0.2011719	0.2636719	0.9541016	-0.375	-0.25	-1	-0.1582031	0.9121094	-0.375	0.03125	-0.125	0.28125	304.9097	112.5162	245.6332	121.7126	252.5159	220.9563
712.0967	0.06054688	0.8457031	-0.5322266	2.1875	1.9375	1.6875	-0.2011719	0.2636719	0.9541016	-0.375	-0.25	-1	-0.1582031	0.9121094	-0.375	0.03125	-0.125	0.28125	304.9097	112.5162	245.6332	121.7126	252.5159	220.9563
712.1301	0.06054688	0.8457031	-0.5322266	2.1875	1.9375	1.6875	-0.2011719	0.2636719	0.9541016	-0.375	-0.25	-1	-0.1582031	0.9121094	-0.375	0.03125	-0.125	0.28125	304.9097	112.5162	245.6332	121.7126	252.5159	220.9563
712.1632	0.06054688	0.8457031	-0.5322266	2.1875	1.9375	1.6875	-0.2011719	0.2636719	0.9541016	-0.375	-0.25	-1	0.04296875	0.8818359	-0.3466797	0.65625	-0.0625	1.03125	304.9097	112.5162	245.6332	121.9054	252.6838	220.9792
712.1968	0.06054688	0.8457031	-0.5322266	2.1875	1.9375	1.6875	-0.2011719	0.2636719	0.9541016	-0.375	-0.25	-1	0.04296875	0.8818359	-0.3466797	0.65625	-0.0625	1.03125	303.6635	111.6077	246.4385	121.9054	252.6838	220.9792
712.23	0.06054688	0.8457031	-0.5322266	2.1875	1.9375	1.6875	-0.2011719	0.2636719	0.9541016	-0.375	-0.25	-1	0.04296875	0.8818359	-0.3466797	0.65625	-0.0625	1.03125	303.6635	111.6077	246.4385	121.9054	252.6838	220.9792
712.2635	0.06054688	0.8457031	-0.5322266	2.1875	1.9375	1.6875	-0.2011719	0.2636719	0.9541016	-0.375	-0.25	-1	-0.1035156	0.9384766	-0.3613281	1.09375	1.09375	0.78125	303.7797	111.6761	246.4086	121.9054	252.6838	220.9792
712.2973	0.06054688	0.8457031	-0.5322266	2.1875	1.9375	1.6875	-0.1220703	0.4082031	0.9648438	-0.8125	2.5625	1.625	-0.1035156	0.9384766	-0.3613281	1.09375	1.09375	0.78125	303.7797	111.6761	246.4086	122.3222	253.4338	221.7658
712.3295	0.06054688	0.8457031	-0.5322266	2.1875	1.9375	1.6875	-0.1220703	0.4082031	0.9648438	-0.8125	2.5625	1.625	-0.02832031	0.8583984	-0.4345703	0.59375	-1	-0.25	303.7797	111.6761	246.4086	122.3222	253.4338	221.7658
712.3632	0.06054688	0.8457031	-0.5322266	2.1875	1.9375	1.6875	-0.1220703	0.4082031	0.9648438	-0.8125	2.5625	1.625	-0.02832031	0.8583984	-0.4345703	0.59375	-1	-0.25	303.7797	111.6761	246.4086	122.416	253.8281	222.3148
712.3967	0.06054688	0.8457031	-0.5322266	2.1875	1.9375	1.6875	-0.1220703	0.4082031	0.9648438	-0.8125	2.5625	1.625	-0.02832031	0.8583984	-0.4345703	0.59375	-1	-0.25	303.7797	111.6761	246.4086	122.416	253.8281	222.3148
712.4293	0.06054688	0.8457031	-0.5322266	2.1875	1.9375	1.6875	-0.1220703	0.4082031	0.9648438	-0.8125	2.5625	1.625	-0.02832031	0.8583984	-0.4345703	0.59375	-1	-0.25	302.7716	110.9226	247.1849	122.416	253.8281	222.3148
712.4626	0.06054688	0.8457031	-0.5322266	2.1875	1.9375	1.6875	-0.1611328	0.3603516	0.9433594	0.09375	2.3125	0.53125	0.01464844	0.8779297	-0.2988281	0.03125	0.78125	1.375	302.7716	110.9226	247.1849	122.416	253.8281	222.3148
712.4967	0.03417969	0.8476563	-0.4931641	-5.625	2.375	-0.375	-0.1611328	0.3603516	0.9433594	0.09375	2.3125	0.53125	0.01464844	0.8779297	-0.2988281	0.03125	0.78125	1.375	302.7716	110.9226	247.1849	122.2307	253.7683	222.0548
712.5295	0.03417969	0.8476563	-0.4931641	-5.625	2.375	-0.375	-0.1611328	0.3603516	0.9433594	0.09375	2.3125	0.53125	0.01464844	0.8779297	-0.2988281	0.03125	0.78125	1.375	302.7716	110.9226	247.1849	122.2307	253.7683	222.0548
712.5627	0.03417969	0.8476563	-0.4931641	-5.625	2.375	-0.375	-0.1611328	0.3603516	0.9433594	0.09375	2.3125	0.53125	0.05566406	0.8632813	-0.3369141	0.46875	1.09375	1.28125	302.1605	110.4551	247.7386	122.2307	253.7683	222.0548
712.5975	0.03417969	0.8476563	-0.4931641	-5.625	2.375	-0.375	-0.1611328	0.3603516	0.9433594	0.09375	2.3125	0.53125	0.05566406	0.8632813	-0.3369141	0.46875	1.09375	1.28125	302.1605	110.4551	247.7386	121.7567	253.5007	221.4954
712.6418	0.03417969	0.8476563	-0.4931641	-5.625	2.375	-0.375	-0.1611328	0.3603516	0.9433594	0.09375	2.3125	0.53125	0.02441406	0.8818359	-0.3779297	0.71875	1.75	0.40625	302.1605	110.4551	247.7386	121.7567	253.5007	221.4954
712.6625	0.03417969	0.8476563	-0.4931641	-5.625	2.375	-0.375	-0.1611328	0.3603516	0.9433594	0.09375	2.3125	0.53125	0.02441406	0.8818359	-0.3779297	0.71875	1.75	0.40625	301.3501	109.8613	248.2894	121.4876	253.1548	221.6568
712.6959	0.03417969	0.8476563	-0.4931641	-5.625	2.375	-0.375	-0.2226563	0.3476563	0.8867188	-0.1875	-3.90625	-2.03125	0.02441406	0.8818359	-0.3779297	0.71875	1.75	0.40625	301.3501	109.8613	248.2894	121.4876	253.1548	221.6568
712.7291	0.03417969	0.8476563	-0.4931641	-5.625	2.375	-0.375	-0.2089844	0.3496094	0.9677734	-0.125	-0.3125	1.21875	0.02441406	0.8818359	-0.3779297	0.71875	1.75	0.40625	301.3501	109.8613	248.2894	121.4876	253.1548	221.6568
712.7625	0.03417969	0.8476563	-0.4931641	-5.625	2.375	-0.375	-0.2089844	0.3496094	0.9677734	-0.125	-0.3125	1.21875	-0.04101563	0.8535156	-0.4414063	0.09375	0.09375	-0.375	301.3501	109.8613	248.2894	121.4876	253.1548	221.6568
712.7964	0.03417969	0.8476563	-0.4931641	-5.625	2.375	-0.375	-0.2089844	0.3496094	0.9677734	-0.125	-0.3125	1.21875	-0.04101563	0.8535156	-0.4414063	0.09375	0.09375	-0.375	301.3501	109.8613	248.2894	121.7814	253.8035	222.4735
712.829	0.03417969	0.8476563	-0.4931641	-5.625	2.375	-0.375	-0.2089844	0.3496094	0.9677734	-0.125	-0.3125	1.21875	-0.04101563	0.8535156	-0.4414063	0.09375	0.09375	-0.375	301.3501	109.8613	248.2894	121.7814	253.8035	222.4735
712.8627	0.03417969	0.8476563	-0.4931641	-5.625	2.375	-0.375	-0.2089844	0.3496094	0.9677734	-0.125	-0.3125	1.21875	-0.2070313	0.9003906	-0.4130859	-0.125	0.40625	-0.25	301.3501	109.8613	248.2894	121.7814	253.8035	222.4735
712.8961	0.1083984	0.9384766	-0.4677734	-3.4375	1.625	0.28125	-0.2089844	0.3496094	0.9677734	-0.125	-0.3125	1.21875	-0.2070313	0.9003906	-0.4130859	-0.125	0.40625	-0.25	301.3501	109.8613	248.2894	122.1367	253.8671	222.0873
712.9293	0.1083984	0.9384766	-0.4677734	-3.4375	1.625	0.28125	-0.2089844	0.3496094	0.9677734	-0.125	-0.3125	1.21875	-0.04492188	0.8378906	-0.2910156	-0.25	2.25	0.59375	301.3501	109.8613	248.2894	122.1367	253.8671	222.0873
712.962	0.1083984	0.9384766	-0.4677734	-3.4375	1.625	0.28125	-0.2089844	0.3496094	0.9677734	-0.125	-0.3125	1.21875	-0.04492188	0.8378906	-0.2910156	-0.25	2.25	0.59375	301.3501	109.8613	248.2894	122.2741	254.037	222.1971
712.9958	0.1240234	0.7548828	-0.3896484	-2.59375	0.59375	-0.625	-0.2089844	0.3496094	0.9677734	-0.125	-0.3125	1.21875	-0.04492188	0.8378906	-0.2910156	-0.25	2.25	0.59375	301.3501	109.8613	248.2894	122.2741	254.037	222.1971
713.0291	0.1240234	0.7548828	-0.3896484	-2.59375	0.59375	-0.625	-0.2089844	0.3496094	0.9677734	-0.125	-0.3125	1.21875	-0.1982422	0.8876953	-0.4316406	0.90625	1.5625	0.28125	301.3501	109.8613	248.2894	122.2741	254.037	222.1971
713.0622	0.1240234	0.7548828	-0.3896484	-2.59375	0.59375	-0.625	-0.2089844	0.3496094	0.9677734	-0.125	-0.3125	1.21875	-0.1982422	0.8876953	-0.4316406	0.90625	1.5625	0.28125	299.2347	108.384	249.5174	121.9353	252.6366	221.1523
713.0959	0.1240234	0.7548828	-0.3896484	-2.59375	0.59375	-0.625	-0.2089844	0.3496094	0.9677734	-0.125	-0.3125	1.21875	-0.1982422	0.8876953	-0.4316406	0.90625	1.5625	0.28125	299.2347	108.384	249.5174	121.9353	252.6366	221.1523
713.1288	0.1240234	0.7548828	-0.3896484	-2.59375	0.59375	-0.625	-0.1923828	0.3574219	0.984375	-0.8125	-0.5625	-0.0625	0.05371094	0.8857422	-0.4228516	0.40625	1.625	0.40625	299.1205	108.2683	249.7178	121.9353	252.6366	221.1523
713.1622	0.1240234	0.7548828	-0.3896484	-2.59375	0.59375	-0.625	-0.1923828	0.3574219	0.984375	-0.8125	-0.5625	-0.0625	0.05371094	0.8857422	-0.4228516	0.40625	1.625	0.40625	299.1205	108.2683	249.7178	121.3604	251.946	221.1033
713.1966	-0.1357422	0.6992188	-0.4804688	-1.78125	-1.40625	-1.1875	-0.1962891	0.2421875	0.9121094	0.40625	-0.1875	-0.6875	0.05371094	0.8857422	-0.4228516	0.40625	1.625	0.40625	299.1205	108.2683	249.7178	121.3604	251.946	221.1033
713.2291	-0.1357422	0.6992188	-0.4804688	-1.78125	-1.40625	-1.1875	-0.1962891	0.2421875	0.9121094	0.40625	-0.1875	-0.6875	-0.02929688	0.8505859	-0.453125	0.78125	0.71875	1.15625	299.1205	108.2683	249.7178	121.3604	251.946	221.1033
713.2621	-0.1357422	0.6992188	-0.4804688	-1.78125	-1.40625	-1.1875	-0.1962891	0.2421875	0.9121094	0.40625	-0.1875	-0.6875	-0.02929688	0.8505859	-0.453125	0.78125	0.71875	1.15625	299.1205	108.2683	249.7178	122.3956	253.7663	222.5342
713.296	-0.1357422	0.6992188	-0.4804688	-1.78125	-1.40625	-1.1875	-0.1962891	0.2421875	0.9121094	0.40625	-0.1875	-0.6875	-0.02929688	0.8505859	-0.453125	0.78125	0.71875	1.15625	299.1205	108.2683	249.7178	122.3956	253.7663	222.5342
713.3295	-0.1357422	0.6992188	-0.4804688	-1.78125	-1.40625	-1.1875	-0.1962891	0.2421875	0.9121094	0.40625	-0.1875	-0.6875	0.06640625	0.8730469	-0.3876953	0.78125	1.6875	0.90625	299.1205	108.2683	249.7178	122.3956	253.7663	222.5342
713.3622	-0.1357422	0.6992188	-0.4804688	-1.78125	-1.40625	-1.1875	-0.1962891	0.2421875	0.9121094	0.40625	-0.1875	-0.6875	0.06640625	0.8730469	-0.3876953	0.78125	1.6875	0.90625	299.1205	108.2683	249.7178	122.4254	253.8842	222.8396
713.3958	0.07714844	0.8417969	-0.3857422	-1.25	-1.125	-1.25	-0.1962891	0.2421875	0.9121094	0.40625	-0.1875	-0.6875	0.07519531	1.007813	-0.4726563	0	0.59375	-0.5	299.1205	108.2683	249.7178	122.4254	253.8842	222.8396
713.4286	0.07714844	0.8417969	-0.3857422	-1.25	-1.125	-1.25	-0.1962891	0.2421875	0.9121094	0.40625	-0.1875	-0.6875	0.07519531	1.007813	-0.4726563	0	0.59375	-0.5	299.1205	108.2683	249.7178	122.4225	253.8906	223.0446
713.4628	0.07714844	0.8417969	-0.3857422	-1.25	-1.125	-1.25	-0.1962891	0.2421875	0.9121094	0.40625	-0.1875	-0.6875	0.07519531	1.007813	-0.4726563	0	0.59375	-0.5	299.1205	108.2683	249.7178	122.4225	253.8906	223.0446
713.4959	0.07714844	0.8417969	-0.3857422	-1.25	-1.125	-1.25	-0.1962891	0.2421875	0.9121094	0.40625	-0.1875	-0.6875	-0.009765625	0.9335938	-0.4648438	0.78125	1.4375	0.46875	295.4869	105.7771	251.894	122.4225	253.8906	223.0446
713.5286	0.07714844	0.8417969	-0.3857422	-1.25	-1.125	-1.25	-0.1962891	0.2421875	0.9121094	0.40625	-0.1875	-0.6875	-0.009765625	0.9335938	-0.4648438	0.78125	1.4375	0.46875	295.4869	105.7771	251.894	121.8721	252.1824	221.3494
713.5618	0.07714844	0.8417969	-0.3857422	-1.25	-1.125	-1.25	-0.1962891	0.2421875	0.9121094	0.40625	-0.1875	-0.6875	-0.009765625	0.9335938	-0.4648438	0.78125	1.4375	0.46875	295.4869	105.7771	251.894	121.8721	252.1824	221.3494
713.595	-0.03710938	0.8798828	-0.3701172	-1.0625	-0.5625	-1.1875	-0.1962891	0.2421875	0.9121094	0.40625	-0.1875	-0.6875	-0.0078125	0.9130859	-0.375	1.75	-0.0625	0.46875	295.4869	105.7771	251.894	121.8721	252.1824	221.3494
713.6285	-0.03710938	0.8798828	-0.3701172	-1.0625	-0.5625	-1.1875	-0.1962891	0.2421875	0.9121094	0.40625	-0.1875	-0.6875	-0.0078125	0.9130859	-0.375	1.75	-0.0625	0.46875	295.4869	105.7771	251.894	122.1301	252.5322	221.4586
713.6618	-0.03710938	0.8798828	-0.3701172	-1.0625	-0.5625	-1.1875	-0.1962891	0.2421875	0.9121094	0.40625	-0.1875	-0.6875	-0.0078125	0.9130859	-0.375	1.75	-0.0625	0.46875	295.4869	105.7771	251.894	122.1301	252.5322	221.4586
713.6947	-0.03710938	0.8798828	-0.3701172	-1.0625	-0.5625	-1.1875	-0.1962891	0.2421875	0.9121094	0.40625	-0.1875	-0.6875	-0.0078125	0.9130859	-0.375	1.75	-0.0625	0.46875	295.4869	105.7771	251.894	122.1301	252.5322	221.4586
713.7286	-0.03710938	0.8798828	-0.3701172	-1.0625	-0.5625	-1.1875	-0.1962891	0.2421875	0.9121094	0.40625	-0.1875	-0.6875	-0.02246094	0.8925781	-0.3701172	0.28125	0.84375	0.53125	295.4869	105.7771	251.894	122.1301	252.5322	221.4586
713.7842	0.1298828	0.8300781	-0.2587891	0.78125	0.46875	0.03125	-0.1962891	0.2421875	0.9121094	0.40625	-0.1875	-0.6875	-0.02246094	0.8925781	-0.3701172	0.28125	0.84375	0.53125	295.4869	105.7771	251.894	121.693	252.1428	221.7142
713.7861	0.1298828	0.8300781	-0.2587891	0.78125	0.46875	0.03125	-0.1962891	0.2421875	0.9121094	0.40625	-0.1875	-0.6875	-0.02246094	0.8925781	-0.3701172	0.28125	0.84375	0.53125	293.7825	104.631	252.8947	121.693	252.1428	221.7142
713.8116	0.1298828	0.8300781	-0.2587891	0.78125	0.46875	0.03125	-0.1962891	0.2421875	0.9121094	0.40625	-0.1875	-0.6875	-0.02246094	0.8925781	-0.3701172	0.28125	0.84375	0.53125	293.7825	104.631	252.8947	121.693	252.1428	221.7142
713.8451	0.1298828	0.8300781	-0.2587891	0.78125	0.46875	0.03125	-0.1962891	0.2421875	0.9121094	0.40625	-0.1875	-0.6875	-0.02050781	0.9111328	-0.3261719	-1.0625	0.59375	1.28125	293.7825	104.631	252.8947	121.4326	251.5037	221.1597
713.8785	0.1298828	0.8300781	-0.2587891	0.78125	0.46875	0.03125	-0.1962891	0.2421875	0.9121094	0.40625	-0.1875	-0.6875	-0.02050781	0.9111328	-0.3261719	-1.0625	0.59375	1.28125	293.7825	104.631	252.8947	121.3164	251.2829	221.0676
713.9115	0.08789063	0.8496094	-0.3408203	0.96875	-0.625	-0.25	-0.1962891	0.2421875	0.9121094	0.40625	-0.1875	-0.6875	-0.07519531	0.8925781	-0.4472656	-1.96875	0.53125	-1	293.7825	104.631	252.8947	121.3164	251.2829	221.0676
713.9449	0.08789063	0.8496094	-0.3408203	0.96875	-0.625	-0.25	-0.1962891	0.2421875	0.9121094	0.40625	-0.1875	-0.6875	-0.07519531	0.8925781	-0.4472656	-1.96875	0.53125	-1	294.0382	104.8149	252.6837	121.3164	251.2829	221.0676
713.9783	0.08789063	0.8496094	-0.3408203	0.96875	-0.625	-0.25	-0.1962891	0.2421875	0.9121094	0.40625	-0.1875	-0.6875	-0.07519531	0.8925781	-0.4472656	-1.96875	0.53125	-1	294.0382	104.8149	252.6837	121.7921	251.4798	220.8986
714.0113	0.08789063	0.8496094	-0.3408203	0.96875	-0.625	-0.25	-0.1962891	0.2421875	0.9121094	0.40625	-0.1875	-0.6875	0.1640625	0.9785156	-0.3544922	1.4375	1.6875	-3.875	294.0382	104.8149	252.6837	121.7921	251.4798	220.8986
714.0446	0.08789063	0.8496094	-0.3408203	0.96875	-0.625	-0.25	-0.1962891	0.2421875	0.9121094	0.40625	-0.1875	-0.6875	0.1640625	0.9785156	-0.3544922	1.4375	1.6875	-3.875	294.0382	104.8149	252.6837	121.7921	251.4798	220.8986
714.0787	0.08789063	0.8496094	-0.3408203	0.96875	-0.625	-0.25	-0.1923828	0.2578125	0.8691406	0.53125	-0.375	0.78125	0.1640625	0.9785156	-0.3544922	1.4375	1.6875	-3.875	294.0382	104.8149	252.6837	123.1976	250.0855	220.6422
714.1113	0.08789063	0.8496094	-0.3408203	0.96875	-0.625	-0.25	-0.1923828	0.2578125	0.8691406	0.53125	-0.375	0.78125	0.1640625	0.9785156	-0.3544922	1.4375	1.6875	-3.875	294.0382	104.8149	252.6837	123.1976	250.0855	220.6422
714.1446	0.08789063	0.8496094	-0.3408203	0.96875	-0.625	-0.25	-0.1923828	0.2578125	0.8691406	0.53125	-0.375	0.78125	-0.03808594	0.8310547	-0.4980469	19.03125	25.0625	-17.46875	294.0382	104.8149	252.6837	123.1976	250.0855	220.6422
714.1787	0.08789063	0.8496094	-0.3408203	0.96875	-0.625	-0.25	-0.1923828	0.2578125	0.8691406	0.53125	-0.375	0.78125	-0.03808594	0.8310547	-0.4980469	19.03125	25.0625	-17.46875	294.0382	104.8149	252.6837	121.5963	247.1237	217.5154
714.2115	0.08789063	0.8496094	-0.3408203	0.96875	-0.625	-0.25	-0.1923828	0.2578125	0.8691406	0.53125	-0.375	0.78125	0.1572266	0.4951172	-0.2919922	30.0625	-10.09375	12.625	294.0382	104.8149	252.6837	121.5963	247.1237	217.5154
714.2462	0.0390625	0.7773438	-0.5458984	-0.0625	-0.3125	0.53125	-0.1923828	0.2578125	0.8691406	0.53125	-0.375	0.78125	0.1572266	0.4951172	-0.2919922	30.0625	-10.09375	12.625	294.8584	105.3852	252.1006	121.5963	247.1237	217.5154
714.2783	0.0390625	0.7773438	-0.5458984	-0.0625	-0.3125	0.53125	-0.1923828	0.2578125	0.8691406	0.53125	-0.375	0.78125	-0.5390625	0.9101563	-0.3427734	-4.21875	-18.21875	5	294.8584	105.3852	252.1006	121.6022	246.4312	218.9105
714.311	0.0390625	0.7773438	-0.5458984	-0.0625	-0.3125	0.53125	-0.1923828	0.2578125	0.8691406	0.53125	-0.375	0.78125	-0.5390625	0.9101563	-0.3427734	-4.21875	-18.21875	5	294.8584	105.3852	252.1006	121.6022	246.4312	218.9105
714.3442	0.0390625	0.7773438	-0.5458984	-0.0625	-0.3125	0.53125	-0.1923828	0.2578125	0.8691406	0.53125	-0.375	0.78125	-0.5390625	0.9101563	-0.3427734	-4.21875	-18.21875	5	294.8584	105.3852	252.1006	121.6022	246.4312	218.9105
714.3783	0.0390625	1.025391	-0.4804688	0.40625	-0.3125	0.40625	-0.1923828	0.2578125	0.8691406	0.53125	-0.375	0.78125	-0.08886719	0.7910156	-0.4941406	12.125	3.09375	-17.09375	294.8584	105.3852	252.1006	121.3877	247.02	218.2409
714.4109	0.0390625	1.025391	-0.4804688	0.40625	-0.3125	0.40625	-0.1923828	0.2578125	0.8691406	0.53125	-0.375	0.78125	-0.08886719	0.7910156	-0.4941406	12.125	3.09375	-17.09375	294.8584	105.3852	252.1006	121.3877	247.02	218.2409
714.4447	0.0390625	1.025391	-0.4804688	0.40625	-0.3125	0.40625	-0.1923828	0.2578125	0.8691406	0.53125	-0.375	0.78125	-0.08886719	0.7910156	-0.4941406	12.125	3.09375	-17.09375	293.7256	104.6667	252.5998	121.3877	247.02	218.2409
714.4783	0.0390625	1.025391	-0.4804688	0.40625	-0.3125	0.40625	-0.1923828	0.2578125	0.8691406	0.53125	-0.375	0.78125	-0.05957031	0.7392578	-0.4707031	17.8125	19.21875	-18.875	293.7256	104.6667	252.5998	120.852	243.2198	214.0358
714.5107	0.0390625	1.025391	-0.4804688	0.40625	-0.3125	0.40625	-0.1923828	0.2578125	0.8691406	0.53125	-0.375	0.78125	-0.05957031	0.7392578	-0.4707031	17.8125	19.21875	-18.875	293.7256	104.6667	252.5998	120.852	243.2198	214.0358
714.5451	0.0390625	1.025391	-0.4804688	0.40625	-0.3125	0.40625	-0.1923828	0.2578125	0.8691406	0.53125	-0.375	0.78125	-0.05957031	0.7392578	-0.4707031	17.8125	19.21875	-18.875	293.7256	104.6667	252.5998	120.852	243.2198	214.0358
714.5781	0.0390625	1.025391	-0.4804688	0.40625	-0.3125	0.40625	-0.1328125	0.3632813	0.9169922	-1.0625	1.09375	-0.1875	-0.05859375	0.7119141	-0.65625	29.78125	6.875	-14	293.7256	104.6667	252.5998	121.2203	240.6605	211.8205
714.6108	0.0390625	1.025391	-0.4804688	0.40625	-0.3125	0.40625	-0.1328125	0.3632813	0.9169922	-1.0625	1.09375	-0.1875	-0.05859375	0.7119141	-0.65625	29.78125	6.875	-14	293.7256	104.6667	252.5998	121.2203	240.6605	211.8205
714.6443	0.0390625	1.025391	-0.4804688	0.40625	-0.3125	0.40625	-0.1328125	0.3632813	0.9169922	-1.0625	1.09375	-0.1875	-0.05859375	0.7119141	-0.65625	29.78125	6.875	-14	293.7256	104.6667	252.5998	120.5005	234.9881	206.7294
714.6781	0.0390625	1.025391	-0.4804688	0.40625	-0.3125	0.40625	-0.1328125	0.3632813	0.9169922	-1.0625	1.09375	-0.1875	-0.05859375	0.7119141	-0.65625	29.78125	6.875	-14	293.7256	104.6667	252.5998	120.5005	234.9881	206.7294
714.7107	0.0390625	1.025391	-0.4804688	0.40625	-0.3125	0.40625	-0.1328125	0.3632813	0.9169922	-1.0625	1.09375	-0.1875	0.1074219	1.038086	-0.4160156	5.71875	18.1875	-1.0625	293.7256	104.6667	252.5998	120.5005	234.9881	206.7294
714.744	0.0390625	1.025391	-0.4804688	0.40625	-0.3125	0.40625	-0.1328125	0.3632813	0.9169922	-1.0625	1.09375	-0.1875	0.1074219	1.038086	-0.4160156	5.71875	18.1875	-1.0625	293.7256	104.6667	252.5998	122.4212	238.9628	209.8613
714.7776	0.0390625	1.025391	-0.4804688	0.40625	-0.3125	0.40625	-0.1328125	0.3632813	0.9169922	-1.0625	1.09375	-0.1875	0.3798828	1.525391	0.2333984	27.4375	-61.1875	43	306.5056	113.5955	244.9922	122.4212	238.9628	209.8613
714.8104	0.0078125	0.8154297	-0.5126953	87.15625	0.65625	0.53125	-0.1328125	0.3632813	0.9169922	-1.0625	1.09375	-0.1875	0.3798828	1.525391	0.2333984	27.4375	-61.1875	43	306.5056	113.5955	244.9922	122.4212	238.9628	209.8613
714.8452	0.0078125	0.8154297	-0.5126953	87.15625	0.65625	0.53125	-0.1591797	0.4316406	1.050781	-8.1875	0.78125	4.4375	0.3798828	1.525391	0.2333984	27.4375	-61.1875	43	306.5056	113.5955	244.9922	126.1831	253.8773	219.3032
714.8779	0.0078125	0.8154297	-0.5126953	87.15625	0.65625	0.53125	-0.2392578	0.07128906	0.7060547	14.3125	-17.21875	-2.28125	0.05371094	0.9169922	-0.1464844	-182.5	-113.25	41.5625	306.5056	113.5955	244.9922	126.1831	253.8773	219.3032
714.9102	0.0078125	0.8154297	-0.5126953	87.15625	0.65625	0.53125	-0.2392578	0.07128906	0.7060547	14.3125	-17.21875	-2.28125	0.05371094	0.9169922	-0.1464844	-182.5	-113.25	41.5625	306.5056	113.5955	244.9922	126.1831	253.8773	219.3032
714.9437	0.0078125	0.8154297	-0.5126953	87.15625	0.65625	0.53125	-0.2392578	0.07128906	0.7060547	14.3125	-17.21875	-2.28125	-0.1123047	0.4755859	-0.6240234	-159.6875	-119.2813	75.5	306.5056	113.5955	244.9922	120.235	246.8094	207.1252
714.978	0.0078125	0.8154297	-0.5126953	87.15625	0.65625	0.53125	-0.2392578	0.07128906	0.7060547	14.3125	-17.21875	-2.28125	-0.1123047	0.4755859	-0.6240234	-159.6875	-119.2813	75.5	337.0411	143.0868	215.8026	120.235	246.8094	207.1252
715.0102	0.0078125	0.8154297	-0.5126953	87.15625	0.65625	0.53125	-0.2392578	0.07128906	0.7060547	14.3125	-17.21875	-2.28125	-0.1123047	0.4755859	-0.6240234	-159.6875	-119.2813	75.5	337.0411	143.0868	215.8026	120.235	246.8094	207.1252
715.0438	0.0078125	0.8154297	-0.5126953	87.15625	0.65625	0.53125	-0.08886719	0.4443359	1.606445	35.5	40.4375	9.6875	-0.1123047	0.4755859	-0.6240234	-159.6875	-119.2813	75.5	337.0411	143.0868	215.8026	122.1494	270.0744	225.4057
715.0773	0.0078125	0.8154297	-0.5126953	87.15625	0.65625	0.53125	-0.08886719	0.4443359	1.606445	35.5	40.4375	9.6875	-0.1123047	0.4755859	-0.6240234	-159.6875	-119.2813	75.5	337.0411	143.0868	215.8026	122.1494	270.0744	225.4057
715.1101	0.0078125	0.8154297	-0.5126953	87.15625	0.65625	0.53125	-0.08886719	0.4443359	1.606445	35.5	40.4375	9.6875	0.4951172	0.1044922	-0.6943359	33.75	-7.9375	16.09375	337.0411	143.0868	215.8026	122.1494	270.0744	225.4057
715.1436	0.0078125	0.8154297	-0.5126953	87.15625	0.65625	0.53125	-0.08886719	0.4443359	1.606445	35.5	40.4375	9.6875	0.4951172	0.1044922	-0.6943359	33.75	-7.9375	16.09375	337.0411	143.0868	215.8026	122.1494	270.0744	225.4057
715.1777	0.0078125	0.8154297	-0.5126953	87.15625	0.65625	0.53125	-0.08886719	0.4443359	1.606445	35.5	40.4375	9.6875	-0.3818359	1.051758	-1.022461	94.28125	-76	5	337.0411	143.0868	215.8026	119.0305	260.7683	223.0237
715.2101	0.0078125	0.8154297	-0.5126953	87.15625	0.65625	0.53125	-0.08886719	0.4443359	1.606445	35.5	40.4375	9.6875	-0.3818359	1.051758	-1.022461	94.28125	-76	5	337.0411	143.0868	215.8026	119.0305	260.7683	223.0237
715.2435	0.0078125	0.8154297	-0.5126953	87.15625	0.65625	0.53125	-0.08886719	0.4443359	1.606445	35.5	40.4375	9.6875	0.5703125	0.9550781	-0.4003906	68.09375	-30.90625	23	337.0411	143.0868	215.8026	108.1102	246.473	210.8037
715.2774	0.0078125	0.8154297	-0.5126953	87.15625	0.65625	0.53125	-0.08886719	0.4443359	1.606445	35.5	40.4375	9.6875	0.5703125	0.9550781	-0.4003906	68.09375	-30.90625	23	334.0776	154.7853	200.8661	108.1102	246.473	210.8037
715.31	0.0078125	0.8154297	-0.5126953	87.15625	0.65625	0.53125	-0.08886719	0.4443359	1.606445	35.5	40.4375	9.6875	0.5703125	0.9550781	-0.4003906	68.09375	-30.90625	23	334.0776	154.7853	200.8661	108.1102	246.473	210.8037
715.3434	0.0078125	0.8154297	-0.5126953	87.15625	0.65625	0.53125	0.1542969	0.7138672	0.6298828	122.25	-43.40625	29.28125	0.5703125	0.9550781	-0.4003906	68.09375	-30.90625	23	334.0776	154.7853	200.8661	108.1102	246.473	210.8037
715.3774	0.3896484	0.8808594	-0.9804688	-32.25	-21.25	-40.46875	0.1542969	0.7138672	0.6298828	122.25	-43.40625	29.28125	-0.1044922	0.8330078	-0.6162109	54.25	-17.59375	7.3125	334.0776	154.7853	200.8661	121.257	263.9916	216.2491
715.4104	0.3896484	0.8808594	-0.9804688	-32.25	-21.25	-40.46875	0.1542969	0.7138672	0.6298828	122.25	-43.40625	29.28125	-0.1044922	0.8330078	-0.6162109	54.25	-17.59375	7.3125	334.0776	154.7853	200.8661	121.257	263.9916	216.2491
715.4437	-0.03027344	0.1982422	-0.5888672	-139.3125	25.125	-23.28125	-0.04785156	0.6660156	0.2919922	118.625	120.9688	-40.125	-0.1044922	0.8330078	-0.6162109	54.25	-17.59375	7.3125	334.0776	154.7853	200.8661	118.8862	259.9896	215.3182
715.4778	-0.03027344	0.1982422	-0.5888672	-139.3125	25.125	-23.28125	-0.04785156	0.6660156	0.2919922	118.625	120.9688	-40.125	0.3466797	0.8486328	-0.3017578	40.625	4.625	-0.6875	334.0776	154.7853	200.8661	118.8862	259.9896	215.3182
715.5098	-0.03027344	0.1982422	-0.5888672	-139.3125	25.125	-23.28125	-0.4091797	0.625	-0.1679688	-53.125	-227.5625	-39.25	0.3466797	0.8486328	-0.3017578	40.625	4.625	-0.6875	334.0776	154.7853	200.8661	118.8862	259.9896	215.3182
715.543	-0.03027344	0.1982422	-0.5888672	-139.3125	25.125	-23.28125	-0.4091797	0.625	-0.1679688	-53.125	-227.5625	-39.25	-0.05175781	0.7880859	-0.4511719	60.65625	0.96875	1.28125	334.0776	154.7853	200.8661	135.3054	277.2719	239.5563
715.5766	-0.03027344	0.1982422	-0.5888672	-139.3125	25.125	-23.28125	-0.4091797	0.625	-0.1679688	-53.125	-227.5625	-39.25	-0.05175781	0.7880859	-0.4511719	60.65625	0.96875	1.28125	334.0776	154.7853	200.8661	135.3054	277.2719	239.5563
715.61	-0.03027344	0.1982422	-0.5888672	-139.3125	25.125	-23.28125	-0.4091797	0.625	-0.1679688	-53.125	-227.5625	-39.25	-0.05175781	0.7880859	-0.4511719	60.65625	0.96875	1.28125	334.0776	154.7853	200.8661	135.3054	277.2719	239.5563
715.6429	-0.03027344	0.1982422	-0.5888672	-139.3125	25.125	-23.28125	-0.4091797	0.625	-0.1679688	-53.125	-227.5625	-39.25	-0.01269531	1.014648	-0.2949219	139.5	17.875	-15.09375	283.8389	105.3465	232.3979	129.2787	251.777	192.9579
715.6769	-0.03027344	0.1982422	-0.5888672	-139.3125	25.125	-23.28125	-0.4091797	0.625	-0.1679688	-53.125	-227.5625	-39.25	-0.01269531	1.014648	-0.2949219	139.5	17.875	-15.09375	283.8389	105.3465	232.3979	129.2787	251.777	192.9579
715.7097	-0.03027344	0.1982422	-0.5888672	-139.3125	25.125	-23.28125	0.01367188	0.359375	0.7285156	-16	21.53125	-2.21875	-0.01269531	1.014648	-0.2949219	139.5	17.875	-15.09375	283.8389	105.3465	232.3979	129.2787	251.777	192.9579
715.7433	-0.03027344	0.1982422	-0.5888672	-139.3125	25.125	-23.28125	0.01367188	0.359375	0.7285156	-16	21.53125	-2.21875	0.6992188	1.999023	-0.390625	209.0313	-228.1563	41.25	283.8389	105.3465	232.3979	130.2253	250.2009	192.6523
715.7771	-0.05761719	1.097656	-0.5800781	-26.1875	35.9375	-5.9375	0.46875	1.167969	0.1074219	109.7813	-111.2188	-30.78125	0.6992188	1.999023	-0.390625	209.0313	-228.1563	41.25	283.8389	105.3465	232.3979	130.2253	250.2009	192.6523
715.8096	-0.05761719	1.097656	-0.5800781	-26.1875	35.9375	-5.9375	0.46875	1.167969	0.1074219	109.7813	-111.2188	-30.78125	0.6992188	1.999023	-0.390625	209.0313	-228.1563	41.25	283.8389	105.3465	232.3979	130.2253	250.2009	192.6523
715.8428	-0.05761719	1.097656	-0.5800781	-26.1875	35.9375	-5.9375	0.02636719	1.101563	-0.1367188	84.09375	84.28125	-14.71875	0.2236328	0.5625	-0.7861328	-86.9375	59.0625	-19.84375	283.8389	105.3465	232.3979	126.7575	249.0658	188.531
715.8766	-0.05761719	1.097656	-0.5800781	-26.1875	35.9375	-5.9375	0.02636719	1.101563	-0.1367188	84.09375	84.28125	-14.71875	0.2236328	0.5625	-0.7861328	-86.9375	59.0625	-19.84375	283.8389	105.3465	232.3979	126.7575	249.0658	188.531
715.91	0.4414063	0.6484375	-0.3886719	7.625	-45.78125	12.875	0.02636719	1.101563	-0.1367188	84.09375	84.28125	-14.71875	-0.05761719	0.4238281	-0.6699219	-340.6563	-50.96875	2.5625	283.8389	105.3465	232.3979	126.7575	249.0658	188.531
715.9426	0.4414063	0.6484375	-0.3886719	7.625	-45.78125	12.875	0.02636719	1.101563	-0.1367188	84.09375	84.28125	-14.71875	-0.05761719	0.4238281	-0.6699219	-340.6563	-50.96875	2.5625	283.8389	105.3465	232.3979	135.8929	257.663	196.9277
715.9767	0.4414063	0.6484375	-0.3886719	7.625	-45.78125	12.875	0.02636719	1.101563	-0.1367188	84.09375	84.28125	-14.71875	-0.05761719	0.4238281	-0.6699219	-340.6563	-50.96875	2.5625	283.8389	105.3465	232.3979	135.8929	257.663	196.9277
716.0094	0.4414063	0.6484375	-0.3886719	7.625	-45.78125	12.875	0.02636719	1.101563	-0.1367188	84.09375	84.28125	-14.71875	-0.05761719	0.4238281	-0.6699219	-340.6563	-50.96875	2.5625	283.8389	105.3465	232.3979	135.8929	257.663	196.9277
716.0428	0.4414063	0.6484375	-0.3886719	7.625	-45.78125	12.875	0.02636719	1.101563	-0.1367188	84.09375	84.28125	-14.71875	-0.1660156	0.4228516	-1.77832	-340.1563	170.8125	37.09375	283.8389	105.3465	232.3979	155.0031	279.9675	221.2194
716.0791	0.4414063	0.6484375	-0.3886719	7.625	-45.78125	12.875	0.02636719	1.101563	-0.1367188	84.09375	84.28125	-14.71875	-0.1660156	0.4228516	-1.77832	-340.1563	170.8125	37.09375	283.8389	105.3465	232.3979	155.0031	279.9675	221.2194
716.1097	0.05566406	0.7099609	-0.08496094	3.40625	-15.46875	48.5	0.02636719	1.101563	-0.1367188	84.09375	84.28125	-14.71875	0.2568359	1.999023	0.453125	125.2813	68.34375	-11.4375	283.8389	105.3465	232.3979	155.0031	279.9675	221.2194
716.143	0.05566406	0.7099609	-0.08496094	3.40625	-15.46875	48.5	0.02636719	1.101563	-0.1367188	84.09375	84.28125	-14.71875	0.2568359	1.999023	0.453125	125.2813	68.34375	-11.4375	283.8389	105.3465	232.3979	157.3667	284.3683	231.2509
716.1768	0.05566406	0.7099609	-0.08496094	3.40625	-15.46875	48.5	0.02636719	1.101563	-0.1367188	84.09375	84.28125	-14.71875	0.2568359	1.999023	0.453125	125.2813	68.34375	-11.4375	283.8389	105.3465	232.3979	157.3667	284.3683	231.2509
716.2097	0.1269531	0.8798828	-0.2617188	-11.25	-13.75	5.53125	0.02636719	1.101563	-0.1367188	84.09375	84.28125	-14.71875	0.2568359	1.999023	0.453125	125.2813	68.34375	-11.4375	283.8389	105.3465	232.3979	157.3667	284.3683	231.2509
716.2424	0.1269531	0.8798828	-0.2617188	-11.25	-13.75	5.53125	0.02636719	1.101563	-0.1367188	84.09375	84.28125	-14.71875	0.2568359	1.999023	0.453125	125.2813	68.34375	-11.4375	283.8389	105.3465	232.3979	157.0084	277.134	228.7837
716.2766	0.1269531	0.8798828	-0.2617188	-11.25	-13.75	5.53125	0.02636719	1.101563	-0.1367188	84.09375	84.28125	-14.71875	1.803711	1.185547	-0.9648438	126.75	147.5625	-7.40625	283.8389	105.3465	232.3979	157.0084	277.134	228.7837
716.3098	0.1269531	0.8798828	-0.2617188	-11.25	-13.75	5.53125	-0.1083984	1.717773	0.5722656	-153.5938	133.2188	-12.46875	1.803711	1.185547	-0.9648438	126.75	147.5625	-7.40625	283.8389	105.3465	232.3979	157.0084	277.134	228.7837
716.3425	0.1269531	0.8798828	-0.2617188	-11.25	-13.75	5.53125	-0.1083984	1.717773	0.5722656	-153.5938	133.2188	-12.46875	1.803711	1.185547	-0.9648438	126.75	147.5625	-7.40625	231.972	352.1611	246.2401	146.6941	267.3483	218.7763
716.3768	0.1269531	0.8798828	-0.2617188	-11.25	-13.75	5.53125	-0.1083984	1.717773	0.5722656	-153.5938	133.2188	-12.46875	-0.1337891	0.8886719	-0.5849609	63.46875	81.46875	1.8125	231.972	352.1611	246.2401	154.0998	266.7656	154.7036
716.4093	0.1269531	0.8798828	-0.2617188	-11.25	-13.75	5.53125	0.2919922	1.411133	-0.328125	-230.5313	41.78125	15.78125	0.3242188	0.8154297	-0.2724609	48.875	-0.125	-1.78125	231.972	352.1611	246.2401	154.0998	266.7656	154.7036
716.4425	0.1269531	0.8798828	-0.2617188	-11.25	-13.75	5.53125	0.2919922	1.411133	-0.328125	-230.5313	41.78125	15.78125	0.3242188	0.8154297	-0.2724609	48.875	-0.125	-1.78125	231.972	352.1611	246.2401	154.0998	266.7656	154.7036
716.4762	0.1269531	0.8798828	-0.2617188	-11.25	-13.75	5.53125	0.2919922	1.411133	-0.328125	-230.5313	41.78125	15.78125	0.3242188	0.8154297	-0.2724609	48.875	-0.125	-1.78125	231.972	352.1611	246.2401	152.4792	264.6346	155.747
716.509	0.2587891	0.7392578	-0.2539063	-20.34375	7.0625	-24.1875	0.2919922	1.411133	-0.328125	-230.5313	41.78125	15.78125	0.3457031	0.7207031	-0.2929688	70.65625	17.625	-2.875	231.972	352.1611	246.2401	152.4792	264.6346	155.747
716.5427	0.2587891	0.7392578	-0.2539063	-20.34375	7.0625	-24.1875	0.2919922	1.411133	-0.328125	-230.5313	41.78125	15.78125	0.3457031	0.7207031	-0.2929688	70.65625	17.625	-2.875	231.972	352.1611	246.2401	152.4792	264.6346	155.747
716.5762	0.2587891	0.7392578	-0.2539063	-20.34375	7.0625	-24.1875	0.2919922	1.411133	-0.328125	-230.5313	41.78125	15.78125	0.3457031	0.7207031	-0.2929688	70.65625	17.625	-2.875	231.972	352.1611	246.2401	149.3621	261.9974	149.574
716.6097	-0.07617188	0.4179688	0.04003906	-9.53125	8.09375	-20.21875	0.2919922	1.411133	-0.328125	-230.5313	41.78125	15.78125	0.2021484	1.59668	-0.2177734	176	4.5625	-11.375	231.972	352.1611	246.2401	149.3621	261.9974	149.574
716.6426	-0.07617188	0.4179688	0.04003906	-9.53125	8.09375	-20.21875	0.2919922	1.411133	-0.328125	-230.5313	41.78125	15.78125	0.2021484	1.59668	-0.2177734	176	4.5625	-11.375	231.972	352.1611	246.2401	149.3621	261.9974	149.574
716.6764	-0.07617188	0.4179688	0.04003906	-9.53125	8.09375	-20.21875	0.2919922	1.411133	-0.328125	-230.5313	41.78125	15.78125	0.2021484	1.59668	-0.2177734	176	4.5625	-11.375	231.972	352.1611	246.2401	149.3621	261.9974	149.574
716.7348	-0.07617188	0.4179688	0.04003906	-9.53125	8.09375	-20.21875	0.3935547	0.5878906	0.3466797	113.8125	-84.65625	36.125	0.6523438	0.9208984	-0.9697266	122	-126.6563	-22.78125	231.972	352.1611	246.2401	149.3621	261.9974	149.574
716.759	-0.07617188	0.4179688	0.04003906	-9.53125	8.09375	-20.21875	0.3935547	0.5878906	0.3466797	113.8125	-84.65625	36.125	0.6523438	0.9208984	-0.9697266	122	-126.6563	-22.78125	231.972	352.1611	246.2401	146.6454	272.3983	140.6425
716.7925	-0.07617188	0.4179688	0.04003906	-9.53125	8.09375	-20.21875	0.3935547	0.5878906	0.3466797	113.8125	-84.65625	36.125	0.6523438	0.9208984	-0.9697266	122	-126.6563	-22.78125	231.972	352.1611	246.2401	148.2377	270.6436	141.1443
716.8252	-0.07617188	0.4179688	0.04003906	-9.53125	8.09375	-20.21875	0.3935547	0.5878906	0.3466797	113.8125	-84.65625	36.125	0.08398438	0.7441406	-0.6845703	-175	4.125	-65.4375	231.972	352.1611	246.2401	148.2377	270.6436	141.1443
716.8588	-0.07617188	0.4179688	0.04003906	-9.53125	8.09375	-20.21875	0.3935547	0.5878906	0.3466797	113.8125	-84.65625	36.125	0.08398438	0.7441406	-0.6845703	-175	4.125	-65.4375	231.972	352.1611	246.2401	148.2377	270.6436	141.1443
716.8921	-0.07617188	0.4179688	0.04003906	-9.53125	8.09375	-20.21875	0.3935547	0.5878906	0.3466797	113.8125	-84.65625	36.125	-0.04101563	0.5078125	-1.182617	-377.1563	-93.09375	-10.75	231.972	352.1611	246.2401	148.2377	270.6436	141.1443
716.9249	0.5605469	0.7919922	-0.2919922	-20.46875	13.28125	-5.875	0.3935547	0.5878906	0.3466797	113.8125	-84.65625	36.125	-0.04101563	0.5078125	-1.182617	-377.1563	-93.09375	-10.75	231.972	352.1611	246.2401	164.9384	267.3461	152.2042
716.9583	0.5605469	0.7919922	-0.2919922	-20.46875	13.28125	-5.875	-0.1308594	0.2978516	-0.5029297	39.53125	14.6875	-39.125	-0.04101563	0.5078125	-1.182617	-377.1563	-93.09375	-10.75	240.5653	26.79052	253.1459	164.9384	267.3461	152.2042
716.992	0.5605469	0.7919922	-0.2919922	-20.46875	13.28125	-5.875	-0.1308594	0.2978516	-0.5029297	39.53125	14.6875	-39.125	-1.506836	0.05273438	-1.708008	-243	255	-126.25	240.5653	26.79052	253.1459	171.3342	259.7349	181.9485
717.025	0.5605469	0.7919922	-0.2919922	-20.46875	13.28125	-5.875	-0.1308594	0.2978516	-0.5029297	39.53125	14.6875	-39.125	-1.506836	0.05273438	-1.708008	-243	255	-126.25	240.5653	26.79052	253.1459	171.3342	259.7349	181.9485
717.0586	0.5605469	0.7919922	-0.2919922	-20.46875	13.28125	-5.875	-0.1308594	0.2978516	-0.5029297	39.53125	14.6875	-39.125	-1.506836	0.05273438	-1.708008	-243	255	-126.25	240.5653	26.79052	253.1459	171.3342	259.7349	181.9485
717.092	0.1113281	0.5175781	-0.09277344	-32	-0.9375	14.21875	-0.1308594	0.2978516	-0.5029297	39.53125	14.6875	-39.125	-1.024414	1.999023	-1.785156	144.4063	519.3438	-80.59375	240.5653	26.79052	253.1459	171.3342	259.7349	181.9485
717.1258	0.1113281	0.5175781	-0.09277344	-32	-0.9375	14.21875	-0.04882813	0.8740234	-0.1582031	107.5938	49.53125	6.03125	-1.024414	1.999023	-1.785156	144.4063	519.3438	-80.59375	240.5653	26.79052	253.1459	168.6935	259.7213	176.9908
717.1584	0.1113281	0.5175781	-0.09277344	-32	-0.9375	14.21875	-0.04882813	0.8740234	-0.1582031	107.5938	49.53125	6.03125	-0.5742188	1.00293	-0.6025391	93.5	94.28125	14.4375	240.5653	26.79052	253.1459	168.6935	259.7213	176.9908
717.192	-0.1230469	1.219727	-0.3320313	-5.3125	-19.5	10.0625	-0.04882813	0.8740234	-0.1582031	107.5938	49.53125	6.03125	-0.5742188	1.00293	-0.6025391	93.5	94.28125	14.4375	240.5653	26.79052	253.1459	155.4062	246.5183	162.6804
717.2247	-0.1230469	1.219727	-0.3320313	-5.3125	-19.5	10.0625	-0.04882813	0.8740234	-0.1582031	107.5938	49.53125	6.03125	-0.5742188	1.00293	-0.6025391	93.5	94.28125	14.4375	232.2255	318.3554	238.9611	155.4062	246.5183	162.6804
717.2579	-0.1230469	1.219727	-0.3320313	-5.3125	-19.5	10.0625	-0.04882813	0.8740234	-0.1582031	107.5938	49.53125	6.03125	-0.5742188	1.00293	-0.6025391	93.5	94.28125	14.4375	232.2255	318.3554	238.9611	155.4062	246.5183	162.6804
717.2914	-0.1230469	1.219727	-0.3320313	-5.3125	-19.5	10.0625	0.3447266	1.999023	0.6181641	45.875	-121.7813	-4.84375	-0.04101563	0.8017578	-0.6152344	53.4375	-21.5625	22.3125	223.3336	317.095	241.8478	155.4062	246.5183	162.6804
717.3242	-0.1230469	1.219727	-0.3320313	-5.3125	-19.5	10.0625	0.3447266	1.999023	0.6181641	45.875	-121.7813	-4.84375	-0.04101563	0.8017578	-0.6152344	53.4375	-21.5625	22.3125	223.3336	317.095	241.8478	170.2495	256.1679	140.1507
717.3583	-0.1230469	1.219727	-0.3320313	-5.3125	-19.5	10.0625	0.3447266	1.999023	0.6181641	45.875	-121.7813	-4.84375	-0.00390625	0.8027344	-0.4433594	47.78125	22.625	3.53125	223.3336	317.095	241.8478	170.2495	256.1679	140.1507
717.3914	-0.1230469	1.219727	-0.3320313	-5.3125	-19.5	10.0625	0.3447266	1.999023	0.6181641	45.875	-121.7813	-4.84375	-0.00390625	0.8027344	-0.4433594	47.78125	22.625	3.53125	223.3336	317.095	241.8478	166.6499	258.2495	137.9803
717.4246	-0.1230469	1.219727	-0.3320313	-5.3125	-19.5	10.0625	0.3447266	1.999023	0.6181641	45.875	-121.7813	-4.84375	-0.00390625	0.8027344	-0.4433594	47.78125	22.625	3.53125	223.3336	317.095	241.8478	166.6499	258.2495	137.9803
717.4582	-0.1230469	1.219727	-0.3320313	-5.3125	-19.5	10.0625	0.3447266	1.999023	0.6181641	45.875	-121.7813	-4.84375	0.03808594	1.084961	-0.03613281	96.84375	14.375	-8.0625	223.3336	317.095	241.8478	166.6499	258.2495	137.9803
717.4914	-0.1044922	0.7236328	-0.2724609	-23.9375	-6.59375	3.21875	0.3447266	1.999023	0.6181641	45.875	-121.7813	-4.84375	0.03808594	1.084961	-0.03613281	96.84375	14.375	-8.0625	238.1447	30.0799	259.3445	166.6499	258.2495	137.9803
717.5242	-0.1044922	0.7236328	-0.2724609	-23.9375	-6.59375	3.21875	0.3447266	1.999023	0.6181641	45.875	-121.7813	-4.84375	0.03808594	1.084961	-0.03613281	96.84375	14.375	-8.0625	238.1447	30.0799	259.3445	146.6647	232.5379	158.31
717.5579	-0.1044922	0.7236328	-0.2724609	-23.9375	-6.59375	3.21875	-0.4707031	0.05371094	-0.765625	-101.4688	72.5625	7.3125	0.03808594	1.084961	-0.03613281	96.84375	14.375	-8.0625	238.1447	30.0799	259.3445	146.6647	232.5379	158.31
717.5909	0.2607422	0.6738281	-0.2587891	-3.5	30.8125	-26.25	-0.4707031	0.05371094	-0.765625	-101.4688	72.5625	7.3125	-0.8261719	1.999023	0.5117188	207.5	-213.3438	23.96875	238.1447	30.0799	259.3445	146.6647	232.5379	158.31
717.6241	0.2607422	0.6738281	-0.2587891	-3.5	30.8125	-26.25	-0.4707031	0.05371094	-0.765625	-101.4688	72.5625	7.3125	-0.8261719	1.999023	0.5117188	207.5	-213.3438	23.96875	238.1447	30.0799	259.3445	143.9055	230.0309	141.6713
717.658	0.2607422	0.6738281	-0.2587891	-3.5	30.8125	-26.25	-0.4707031	0.05371094	-0.765625	-101.4688	72.5625	7.3125	-0.1445313	0.9013672	-0.1582031	-63.8125	114.7813	-153.3438	238.1447	30.0799	259.3445	143.9055	230.0309	141.6713
717.6907	0.2607422	0.6738281	-0.2587891	-3.5	30.8125	-26.25	-0.4707031	0.05371094	-0.765625	-101.4688	72.5625	7.3125	-0.1445313	0.9013672	-0.1582031	-63.8125	114.7813	-153.3438	238.1447	30.0799	259.3445	144.6464	220.9297	135.3453
717.7244	-0.1552734	1.124023	-0.3789063	-1.96875	53.625	-34.625	-0.4707031	0.05371094	-0.765625	-101.4688	72.5625	7.3125	-0.1445313	0.9013672	-0.1582031	-63.8125	114.7813	-153.3438	238.1447	30.0799	259.3445	144.6464	220.9297	135.3453
717.7576	-0.1552734	1.124023	-0.3789063	-1.96875	53.625	-34.625	-0.9755859	1.999023	1.287109	219.9063	-14.96875	-40.71875	1.143555	0.8378906	-1.103516	-327.9063	37.03125	-153.0938	238.1447	30.0799	259.3445	144.6464	220.9297	135.3453
717.791	-0.1552734	1.124023	-0.3789063	-1.96875	53.625	-34.625	-0.9755859	1.999023	1.287109	219.9063	-14.96875	-40.71875	1.143555	0.8378906	-1.103516	-327.9063	37.03125	-153.0938	262.6919	107.3083	243.4554	154.868	241.1937	171.053
717.8246	-0.1552734	1.124023	-0.3789063	-1.96875	53.625	-34.625	0.8388672	1.579102	-0.1650391	46.875	103.6875	-54.40625	1.101563	0.4609375	-1.796875	-331.9375	371.6875	-155.0938	262.6919	107.3083	243.4554	154.868	241.1937	171.053
717.858	-0.1552734	1.124023	-0.3789063	-1.96875	53.625	-34.625	0.8388672	1.579102	-0.1650391	46.875	103.6875	-54.40625	1.101563	0.4609375	-1.796875	-331.9375	371.6875	-155.0938	262.6919	107.3083	243.4554	163.8561	223.7538	188.0619
717.8909	-0.1552734	1.124023	-0.3789063	-1.96875	53.625	-34.625	0.8388672	1.579102	-0.1650391	46.875	103.6875	-54.40625	1.101563	0.4609375	-1.796875	-331.9375	371.6875	-155.0938	257.6379	205.8575	225.4991	163.8561	223.7538	188.0619
717.9238	0.1816406	0.7675781	-0.2314453	-0.625	54.6875	-13.8125	-0.03417969	0.9785156	-0.02539063	106.125	79.75	-3.1875	1.101563	0.4609375	-1.796875	-331.9375	371.6875	-155.0938	257.6379	205.8575	225.4991	163.8561	223.7538	188.0619
717.9575	0.1816406	0.7675781	-0.2314453	-0.625	54.6875	-13.8125	-0.03417969	0.9785156	-0.02539063	106.125	79.75	-3.1875	1.101563	0.4609375	-1.796875	-331.9375	371.6875	-155.0938	257.6379	205.8575	225.4991	163.8561	223.7538	188.0619
717.9909	0.01269531	0.6005859	-0.2773438	3.21875	40.8125	-16.96875	-0.03417969	0.9785156	-0.02539063	106.125	79.75	-3.1875	0.3681641	0.1162109	-1.384766	37.34375	-174.0938	106.4375	257.6379	205.8575	225.4991	163.8561	223.7538	188.0619
718.024	0.01269531	0.6005859	-0.2773438	3.21875	40.8125	-16.96875	-0.03417969	0.9785156	-0.02539063	106.125	79.75	-3.1875	0.3681641	0.1162109	-1.384766	37.34375	-174.0938	106.4375	257.6379	205.8575	225.4991	187.0609	209.0755	173.1981
718.0591	0.01269531	0.6005859	-0.2773438	3.21875	40.8125	-16.96875	-0.03417969	0.9785156	-0.02539063	106.125	79.75	-3.1875	-0.5576172	1.163086	-0.8652344	124.6875	-71.0625	57.34375	257.6379	205.8575	225.4991	187.0609	209.0755	173.1981
718.0908	0.01269531	0.6005859	-0.2773438	3.21875	40.8125	-16.96875	-0.03417969	0.9785156	-0.02539063	106.125	79.75	-3.1875	-0.5576172	1.163086	-0.8652344	124.6875	-71.0625	57.34375	257.6379	205.8575	225.4991	180.9206	198.653	156.2153
718.124	0.01269531	0.6005859	-0.2773438	3.21875	40.8125	-16.96875	-0.03417969	0.9785156	-0.02539063	106.125	79.75	-3.1875	-0.5576172	1.163086	-0.8652344	124.6875	-71.0625	57.34375	257.6379	205.8575	225.4991	180.9206	198.653	156.2153
718.1578	0.01269531	0.6005859	-0.2773438	3.21875	40.8125	-16.96875	-0.03417969	0.9785156	-0.02539063	106.125	79.75	-3.1875	-0.9501953	0.9794922	-0.7890625	17.875	134.8125	-29	257.6379	205.8575	225.4991	180.9206	198.653	156.2153
718.1912	0.01269531	0.6005859	-0.2773438	3.21875	40.8125	-16.96875	-0.03417969	0.9785156	-0.02539063	106.125	79.75	-3.1875	-0.9501953	0.9794922	-0.7890625	17.875	134.8125	-29	256.5542	281.655	215.8296	179.5689	197.0812	142.332
718.2241	0.01269531	0.6005859	-0.2773438	3.21875	40.8125	-16.96875	0.1914063	1.592773	0.3544922	-219.5	0.78125	-50.0625	-0.9501953	0.9794922	-0.7890625	17.875	134.8125	-29	256.5542	281.655	215.8296	179.5689	197.0812	142.332
718.2585	0.01269531	0.6005859	-0.2773438	3.21875	40.8125	-16.96875	0.1914063	1.592773	0.3544922	-219.5	0.78125	-50.0625	0.3076172	0.7958984	-0.3759766	14.5625	14.15625	-10.5625	256.5542	281.655	215.8296	179.5689	197.0812	142.332
718.2909	0.01269531	0.6005859	-0.2773438	3.21875	40.8125	-16.96875	0.1914063	1.592773	0.3544922	-219.5	0.78125	-50.0625	0.3076172	0.7958984	-0.3759766	14.5625	14.15625	-10.5625	256.5542	281.655	215.8296	181.1552	195.4005	140.9381
718.3249	0.01269531	0.6005859	-0.2773438	3.21875	40.8125	-16.96875	0.7353516	1.282227	-0.5488281	-220.4063	170.9375	51.25	0.3076172	0.7958984	-0.3759766	14.5625	14.15625	-10.5625	256.5542	281.655	215.8296	181.1552	195.4005	140.9381
718.3571	0.01269531	0.6005859	-0.2773438	3.21875	40.8125	-16.96875	0.7353516	1.282227	-0.5488281	-220.4063	170.9375	51.25	-0.3193359	0.9179688	0.03515625	83.84375	63.09375	-30.90625	256.5542	281.655	215.8296	181.1552	195.4005	140.9381
718.3903	0.01269531	0.6005859	-0.2773438	3.21875	40.8125	-16.96875	0.7353516	1.282227	-0.5488281	-220.4063	170.9375	51.25	-0.3193359	0.9179688	0.03515625	83.84375	63.09375	-30.90625	284.3595	165.0748	218.6996	174.0587	187.6221	140.7637
718.4235	0.01269531	0.6005859	-0.2773438	3.21875	40.8125	-16.96875	0.7353516	1.282227	-0.5488281	-220.4063	170.9375	51.25	0.4472656	1.999023	-0.5498047	235.5938	-179.5938	-46.03125	284.3595	165.0748	218.6996	174.0587	187.6221	140.7637
718.457	0.01269531	0.6005859	-0.2773438	3.21875	40.8125	-16.96875	0.7353516	1.282227	-0.5488281	-220.4063	170.9375	51.25	0.4472656	1.999023	-0.5498047	235.5938	-179.5938	-46.03125	284.3595	165.0748	218.6996	163.5746	200.4584	163.2971
718.4901	0.01269531	0.6005859	-0.2773438	3.21875	40.8125	-16.96875	0.7353516	1.282227	-0.5488281	-220.4063	170.9375	51.25	0.4472656	1.999023	-0.5498047	235.5938	-179.5938	-46.03125	284.3595	165.0748	218.6996	163.5746	200.4584	163.2971
718.5234	0.01269531	0.6005859	-0.2773438	3.21875	40.8125	-16.96875	0.7353516	1.282227	-0.5488281	-220.4063	170.9375	51.25	0.4472656	1.999023	-0.5498047	235.5938	-179.5938	-46.03125	284.3595	165.0748	218.6996	163.5746	200.4584	163.2971
718.5569	0.06933594	0.6328125	-0.6533203	5.96875	179.25	-79.125	0.7353516	1.282227	-0.5488281	-220.4063	170.9375	51.25	0.109375	0.8261719	-0.765625	-3.96875	106.125	-212.9688	284.3595	165.0748	218.6996	163.5746	200.4584	163.2971
718.5903	0.06933594	0.6328125	-0.6533203	5.96875	179.25	-79.125	0.7353516	1.282227	-0.5488281	-220.4063	170.9375	51.25	0.109375	0.8261719	-0.765625	-3.96875	106.125	-212.9688	284.3595	165.0748	218.6996	154.0141	166.2782	161.6118
718.6237	0.06933594	0.6328125	-0.6533203	5.96875	179.25	-79.125	0.7353516	1.282227	-0.5488281	-220.4063	170.9375	51.25	1.0625	1.007813	-0.6894531	-227.375	109.4688	-199.7813	293.9745	214.3994	156.3069	154.0141	166.2782	161.6118
718.6574	0.06933594	0.6328125	-0.6533203	5.96875	179.25	-79.125	0.7353516	1.282227	-0.5488281	-220.4063	170.9375	51.25	1.0625	1.007813	-0.6894531	-227.375	109.4688	-199.7813	293.9745	214.3994	156.3069	171.847	222.3187	175.4805
718.69	0.06933594	0.6328125	-0.6533203	5.96875	179.25	-79.125	0.7353516	1.282227	-0.5488281	-220.4063	170.9375	51.25	1.0625	1.007813	-0.6894531	-227.375	109.4688	-199.7813	293.9745	214.3994	156.3069	171.847	222.3187	175.4805
718.723	0.06933594	0.6328125	-0.6533203	5.96875	179.25	-79.125	0.7353516	1.282227	-0.5488281	-220.4063	170.9375	51.25	-0.046875	0.5175781	-1.251953	-285.7188	-64.40625	75.59375	293.9745	214.3994	156.3069	171.847	222.3187	175.4805
718.7569	0.4443359	1.074219	-0.9130859	36.78125	122	-48	0.7353516	1.282227	-0.5488281	-220.4063	170.9375	51.25	-0.046875	0.5175781	-1.251953	-285.7188	-64.40625	75.59375	293.9745	214.3994	156.3069	177.1447	195.2328	215.8961
718.79	0.4443359	1.074219	-0.9130859	36.78125	122	-48	0.7353516	1.282227	-0.5488281	-220.4063	170.9375	51.25	-0.046875	0.5175781	-1.251953	-285.7188	-64.40625	75.59375	293.9745	214.3994	156.3069	177.1447	195.2328	215.8961
718.8228	0.4443359	1.074219	-0.9130859	36.78125	122	-48	0.09765625	0.8603516	-0.06347656	72.5625	2.125	38.5625	-0.046875	0.5175781	-1.251953	-285.7188	-64.40625	75.59375	248.0416	266.0284	111.718	177.1447	195.2328	215.8961
718.8569	0.4443359	1.074219	-0.9130859	36.78125	122	-48	0.09765625	0.8603516	-0.06347656	72.5625	2.125	38.5625	0.1748047	0.1455078	-1.181641	-11.6875	-31.9375	64.5	248.0416	266.0284	111.718	177.1447	195.2328	215.8961
718.8898	0.4443359	1.074219	-0.9130859	36.78125	122	-48	0.09765625	0.8603516	-0.06347656	72.5625	2.125	38.5625	0.1748047	0.1455078	-1.181641	-11.6875	-31.9375	64.5	248.0416	266.0284	111.718	169.3144	222.6102	190.4591
718.923	0.05664063	0.7050781	-0.3769531	-0.375	96.40625	-37	-0.6826172	1.213867	0.4423828	45.53125	138.9688	-16.875	-2	0.5410156	-1.172852	27.8125	323.0313	-84.71875	248.0416	266.0284	111.718	169.3144	222.6102	190.4591
718.9568	0.05664063	0.7050781	-0.3769531	-0.375	96.40625	-37	-0.6826172	1.213867	0.4423828	45.53125	138.9688	-16.875	-2	0.5410156	-1.172852	27.8125	323.0313	-84.71875	248.0416	266.0284	111.718	166.9446	215.4344	185.2038
718.9898	0.05664063	0.7050781	-0.3769531	-0.375	96.40625	-37	-0.6826172	1.213867	0.4423828	45.53125	138.9688	-16.875	-2	0.5410156	-1.172852	27.8125	323.0313	-84.71875	248.0416	266.0284	111.718	166.9446	215.4344	185.2038
719.0229	0.05664063	0.7050781	-0.3769531	-0.375	96.40625	-37	-0.6826172	1.213867	0.4423828	45.53125	138.9688	-16.875	0.09179688	0.7763672	-0.3066406	74.15625	34.53125	-3.3125	248.0416	266.0284	111.718	166.9446	215.4344	185.2038
719.0568	0.05664063	0.7050781	-0.3769531	-0.375	96.40625	-37	-0.6826172	1.213867	0.4423828	45.53125	138.9688	-16.875	0.09179688	0.7763672	-0.3066406	74.15625	34.53125	-3.3125	231.7464	282.6476	96.43472	168.3041	219.7996	173.0798
719.0898	0.05664063	0.7050781	-0.3769531	-0.375	96.40625	-37	-0.6826172	1.213867	0.4423828	45.53125	138.9688	-16.875	0.09179688	0.7763672	-0.3066406	74.15625	34.53125	-3.3125	231.7464	282.6476	96.43472	168.3041	219.7996	173.0798
719.1227	0.734375	1.235352	-0.8867188	34.96875	71.625	-35.40625	-0.6826172	1.213867	0.4423828	45.53125	138.9688	-16.875	0.05859375	0.7539063	-0.5019531	61.625	-3.8125	9.375	231.7464	282.6476	96.43472	168.3041	219.7996	173.0798
719.1565	0.734375	1.235352	-0.8867188	34.96875	71.625	-35.40625	-0.6826172	1.213867	0.4423828	45.53125	138.9688	-16.875	0.05859375	0.7539063	-0.5019531	61.625	-3.8125	9.375	231.7464	282.6476	96.43472	165.809	212.8043	165.1331
719.19	0.734375	1.235352	-0.8867188	34.96875	71.625	-35.40625	1.126953	1.205078	-0.6533203	-182.5	237.0313	43.875	0.05859375	0.7539063	-0.5019531	61.625	-3.8125	9.375	238.0614	267.7449	109.1926	165.809	212.8043	165.1331
719.2233	0.734375	1.235352	-0.8867188	34.96875	71.625	-35.40625	1.126953	1.205078	-0.6533203	-182.5	237.0313	43.875	0.1416016	0.8769531	-0.3808594	45.5625	-0.125	4.4375	238.0614	267.7449	109.1926	165.809	212.8043	165.1331
719.257	0.734375	1.235352	-0.8867188	34.96875	71.625	-35.40625	1.126953	1.205078	-0.6533203	-182.5	237.0313	43.875	0.1416016	0.8769531	-0.3808594	45.5625	-0.125	4.4375	238.0614	267.7449	109.1926	156.6682	202.881	182.4854
719.2901	0.734375	1.235352	-0.8867188	34.96875	71.625	-35.40625	-0.05175781	0.9580078	-0.3339844	-127.4688	302.7188	41.96875	0.1416016	0.8769531	-0.3808594	45.5625	-0.125	4.4375	238.0614	267.7449	109.1926	156.6682	202.881	182.4854
719.3223	0.734375	1.235352	-0.8867188	34.96875	71.625	-35.40625	-0.4921875	0.7197266	-0.07519531	-128.5625	125.7188	40.8125	0.1484375	1.035156	-0.1650391	99.53125	-16.625	-6.78125	238.0614	267.7449	109.1926	157.2016	201.4047	179.8047
719.3563	-0.375	0.5683594	-0.5	10.65625	106.125	-74.65625	-0.4921875	0.7197266	-0.07519531	-128.5625	125.7188	40.8125	0.1484375	1.035156	-0.1650391	99.53125	-16.625	-6.78125	238.0614	267.7449	109.1926	157.2016	201.4047	179.8047
719.3892	-0.375	0.5683594	-0.5	10.65625	106.125	-74.65625	-0.4921875	0.7197266	-0.07519531	-128.5625	125.7188	40.8125	0.203125	1.557617	-0.04785156	174.9688	-45.96875	-21.25	238.0614	267.7449	109.1926	157.2016	201.4047	179.8047
719.4223	-0.375	0.5683594	-0.5	10.65625	106.125	-74.65625	-0.4921875	0.7197266	-0.07519531	-128.5625	125.7188	40.8125	0.203125	1.557617	-0.04785156	174.9688	-45.96875	-21.25	238.0614	267.7449	109.1926	158.7704	200.1996	180.6185
719.4563	-0.375	0.5683594	-0.5	10.65625	106.125	-74.65625	-0.4921875	0.7197266	-0.07519531	-128.5625	125.7188	40.8125	0.203125	1.557617	-0.04785156	174.9688	-45.96875	-21.25	238.0614	267.7449	109.1926	158.7704	200.1996	180.6185
719.4894	-0.1455078	0.8789063	-0.2607422	-3.875	53.8125	-44.75	0.2382813	0.2734375	0.53125	-62.15625	-87.90625	104.2813	0.203125	1.557617	-0.04785156	174.9688	-45.96875	-21.25	238.0614	267.7449	109.1926	158.7704	200.1996	180.6185
719.5223	-0.1455078	0.8789063	-0.2607422	-3.875	53.8125	-44.75	0.2382813	0.2734375	0.53125	-62.15625	-87.90625	104.2813	0.4697266	1.041016	-1.367188	143.4688	41.78125	-33.78125	238.0614	267.7449	109.1926	158.9173	204.6601	170.0106
719.5563	-0.1455078	0.8789063	-0.2607422	-3.875	53.8125	-44.75	0.2382813	0.2734375	0.53125	-62.15625	-87.90625	104.2813	0.4697266	1.041016	-1.367188	143.4688	41.78125	-33.78125	238.0614	267.7449	109.1926	158.9173	204.6601	170.0106
719.5895	-0.2353516	0.8759766	-0.8935547	-14.1875	33.75	-3.75	0.2382813	0.2734375	0.53125	-62.15625	-87.90625	104.2813	-0.3691406	0.5146484	-0.6748047	-177.4375	-34.4375	33.4375	238.0614	267.7449	109.1926	158.9173	204.6601	170.0106
719.6225	-0.2353516	0.8759766	-0.8935547	-14.1875	33.75	-3.75	0.2382813	0.2734375	0.53125	-62.15625	-87.90625	104.2813	-0.3691406	0.5146484	-0.6748047	-177.4375	-34.4375	33.4375	238.0614	267.7449	109.1926	159.9775	203.8545	172.2508
719.656	-0.2353516	0.8759766	-0.8935547	-14.1875	33.75	-3.75	0.2382813	0.2734375	0.53125	-62.15625	-87.90625	104.2813	-0.3691406	0.5146484	-0.6748047	-177.4375	-34.4375	33.4375	178.8056	261.5365	106.6361	159.9775	203.8545	172.2508
719.7187	-0.2353516	0.8759766	-0.8935547	-14.1875	33.75	-3.75	0.2382813	0.2734375	0.53125	-62.15625	-87.90625	104.2813	-0.5419922	0.7783203	-1.545898	-416.4063	38.3125	33.5625	178.8056	261.5365	106.6361	159.9775	203.8545	172.2508
719.7204	-0.2353516	0.8759766	-0.8935547	-14.1875	33.75	-3.75	0.2382813	0.2734375	0.53125	-62.15625	-87.90625	104.2813	-0.5419922	0.7783203	-1.545898	-416.4063	38.3125	33.5625	173.0502	251.5468	99.56912	139.5941	258.8308	181.7484
719.7401	-0.2353516	0.8759766	-0.8935547	-14.1875	33.75	-3.75	0.2382813	0.2734375	0.53125	-62.15625	-87.90625	104.2813	-0.5419922	0.7783203	-1.545898	-416.4063	38.3125	33.5625	173.0502	251.5468	99.56912	139.5941	258.8308	181.7484
719.7728	-0.2353516	0.8759766	-0.8935547	-14.1875	33.75	-3.75	0.2382813	0.2734375	0.53125	-62.15625	-87.90625	104.2813	-0.5419922	0.7783203	-1.545898	-416.4063	38.3125	33.5625	173.0502	251.5468	99.56912	139.5941	258.8308	181.7484
719.8059	-0.2353516	0.8759766	-0.8935547	-14.1875	33.75	-3.75	0.09960938	0.8515625	-0.0625	36.125	148.5313	-8.1875	-0.5419922	0.7783203	-1.545898	-416.4063	38.3125	33.5625	173.0502	251.5468	99.56912	177.3849	285.4311	219.0803
719.8399	-0.2353516	0.8759766	-0.8935547	-14.1875	33.75	-3.75	0.09960938	0.8515625	-0.0625	36.125	148.5313	-8.1875	-0.1503906	-0.59375	-1.428711	-117.75	-42.375	44.78125	173.0502	251.5468	99.56912	170.165	283.55	217.1701
719.9053	-0.1132813	1.102539	-0.5527344	-0.75	66.5	10.40625	0.09960938	0.8515625	-0.0625	36.125	148.5313	-8.1875	-1.947266	1.999023	-1.246094	67.90625	419.6563	-29.375	173.0502	251.5468	99.56912	170.165	283.55	217.1701
719.9385	-0.1132813	1.102539	-0.5527344	-0.75	66.5	10.40625	0.09960938	0.8515625	-0.0625	36.125	148.5313	-8.1875	-1.947266	1.999023	-1.246094	67.90625	419.6563	-29.375	173.0502	251.5468	99.56912	170.165	283.55	217.1701
719.9403	-0.1132813	1.102539	-0.5527344	-0.75	66.5	10.40625	0.09960938	0.8515625	-0.0625	36.125	148.5313	-8.1875	-1.947266	1.999023	-1.246094	67.90625	419.6563	-29.375	147.2691	9.457597	81.01762	170.165	283.55	217.1701
720.0058	-0.1142578	0.7294922	-0.03125	3.15625	-3.96875	-2.28125	0.09960938	0.8515625	-0.0625	36.125	148.5313	-8.1875	-1.947266	1.999023	-1.246094	67.90625	419.6563	-29.375	147.2691	9.457597	81.01762	166.1353	281.8944	172.7023
720.0384	-0.1142578	0.7294922	-0.03125	3.15625	-3.96875	-2.28125	0.09960938	0.8515625	-0.0625	36.125	148.5313	-8.1875	-0.2558594	1.066406	-0.7480469	103.1875	178.9375	-20.59375	147.2691	9.457597	81.01762	166.1353	281.8944	172.7023
720.0719	-0.1142578	0.7294922	-0.03125	3.15625	-3.96875	-2.28125	0.09960938	0.8515625	-0.0625	36.125	148.5313	-8.1875	-0.08789063	0.9521484	-0.4853516	54.25	80.125	-2.875	147.2691	9.457597	81.01762	158.3981	280.9434	163.2712
720.1053	-0.1142578	0.7294922	-0.03125	3.15625	-3.96875	-2.28125	0.09960938	0.8515625	-0.0625	36.125	148.5313	-8.1875	-0.08789063	0.9521484	-0.4853516	54.25	80.125	-2.875	147.2691	9.457597	81.01762	158.3981	280.9434	163.2712
720.1384	-0.1142578	0.7294922	-0.03125	3.15625	-3.96875	-2.28125	-0.2587891	1.280273	0.2763672	111.1875	47.28125	10.0625	-0.08789063	0.9521484	-0.4853516	54.25	80.125	-2.875	144.2437	21.47039	65.53922	158.3981	280.9434	163.2712
720.1721	-0.1142578	0.7294922	-0.03125	3.15625	-3.96875	-2.28125	0.1601563	1.999023	0.4423828	-25.28125	-42.5625	-10.4375	-0.1074219	0.8066406	-0.4013672	49.46875	24.03125	2.65625	144.2437	21.47039	65.53922	158.3981	280.9434	163.2712
720.2057	-0.1142578	0.7294922	-0.03125	3.15625	-3.96875	-2.28125	0.1601563	1.999023	0.4423828	-25.28125	-42.5625	-10.4375	-0.1074219	0.8066406	-0.4013672	49.46875	24.03125	2.65625	144.2437	21.47039	65.53922	163.7577	284.1424	150.1129
720.2387	-0.1142578	0.7294922	-0.03125	3.15625	-3.96875	-2.28125	0.1601563	1.999023	0.4423828	-25.28125	-42.5625	-10.4375	-0.1074219	0.8066406	-0.4013672	49.46875	24.03125	2.65625	144.2437	21.47039	65.53922	163.7577	284.1424	150.1129
720.2719	-0.1142578	0.7294922	-0.03125	3.15625	-3.96875	-2.28125	0.1601563	1.999023	0.4423828	-25.28125	-42.5625	-10.4375	-0.1074219	0.8066406	-0.4013672	49.46875	24.03125	2.65625	144.2437	21.47039	65.53922	163.7577	284.1424	150.1129
720.3066	-0.1142578	0.7294922	-0.03125	3.15625	-3.96875	-2.28125	-0.04199219	0.8964844	-0.5761719	-205.0938	31.25	10.125	-0.3984375	0.8691406	-0.4433594	100.5	61.15625	-13.03125	154.0557	340.7354	85.39967	163.7577	284.1424	150.1129
720.3384	-0.1142578	0.7294922	-0.03125	3.15625	-3.96875	-2.28125	-0.04199219	0.8964844	-0.5761719	-205.0938	31.25	10.125	-0.3984375	0.8691406	-0.4433594	100.5	61.15625	-13.03125	154.0557	340.7354	85.39967	149.8482	262.7675	162.7012
720.3718	0.2265625	0.5849609	-0.4169922	6.875	-18.03125	-10.875	-0.04199219	0.8964844	-0.5761719	-205.0938	31.25	10.125	0.1015625	1.46582	-0.1181641	168.125	3.84375	-25.59375	154.0557	340.7354	85.39967	147.2595	262.3436	154.1459
720.4052	0.2265625	0.5849609	-0.4169922	6.875	-18.03125	-10.875	-0.04199219	0.8964844	-0.5761719	-205.0938	31.25	10.125	0.1015625	1.46582	-0.1181641	168.125	3.84375	-25.59375	154.0557	340.7354	85.39967	147.2595	262.3436	154.1459
720.4384	0.2265625	0.5849609	-0.4169922	6.875	-18.03125	-10.875	-0.04199219	0.8964844	-0.5761719	-205.0938	31.25	10.125	0.1015625	1.46582	-0.1181641	168.125	3.84375	-25.59375	154.0557	340.7354	85.39967	147.2595	262.3436	154.1459
720.4719	0.2265625	0.5849609	-0.4169922	6.875	-18.03125	-10.875	-0.04199219	0.8964844	-0.5761719	-205.0938	31.25	10.125	0.5292969	1.194336	-0.84375	125.5313	-98.90625	-17.78125	154.0557	340.7354	85.39967	146.8525	268.7953	147.0111
720.5048	0.2265625	0.5849609	-0.4169922	6.875	-18.03125	-10.875	-0.04199219	0.8964844	-0.5761719	-205.0938	31.25	10.125	0.5292969	1.194336	-0.84375	125.5313	-98.90625	-17.78125	154.0557	340.7354	85.39967	146.8525	268.7953	147.0111
720.5384	0.2265625	0.5849609	-0.4169922	6.875	-18.03125	-10.875	-0.04199219	0.8964844	-0.5761719	-205.0938	31.25	10.125	0.5292969	1.194336	-0.84375	125.5313	-98.90625	-17.78125	154.0557	340.7354	85.39967	146.8525	268.7953	147.0111
720.5718	0.2265625	0.5849609	-0.4169922	6.875	-18.03125	-10.875	-0.04199219	0.8964844	-0.5761719	-205.0938	31.25	10.125	-0.359375	0.7314453	-0.9160156	-158.4063	37.9375	15.3125	154.0557	340.7354	85.39967	146.1676	270.0258	146.2595
720.605	0.2265625	0.5849609	-0.4169922	6.875	-18.03125	-10.875	-0.04199219	0.8964844	-0.5761719	-205.0938	31.25	10.125	-0.359375	0.7314453	-0.9160156	-158.4063	37.9375	15.3125	154.0557	340.7354	85.39967	146.1676	270.0258	146.2595
720.6383	0.05664063	0.6660156	-0.7753906	-34.875	-18.8125	-22.65625	-0.04199219	0.8964844	-0.5761719	-205.0938	31.25	10.125	-0.359375	0.7314453	-0.9160156	-158.4063	37.9375	15.3125	149.1084	278.7503	99.48733	146.1676	270.0258	146.2595
720.6716	0.05664063	0.6660156	-0.7753906	-34.875	-18.8125	-22.65625	-0.04199219	0.8964844	-0.5761719	-205.0938	31.25	10.125	-0.359375	0.7314453	-0.9160156	-158.4063	37.9375	15.3125	149.1084	278.7503	99.48733	146.1676	270.0258	146.2595
720.7048	0.05664063	0.6660156	-0.7753906	-34.875	-18.8125	-22.65625	-0.04199219	0.8964844	-0.5761719	-205.0938	31.25	10.125	-0.5634766	0.515625	-1.482422	-393.75	-0.1875	58.8125	149.1084	278.7503	99.48733	146.1676	270.0258	146.2595
720.7379	0.2001953	0.8769531	-0.4404297	-1.1875	46.4375	-14.65625	-0.04199219	0.8964844	-0.5761719	-205.0938	31.25	10.125	-0.5634766	0.515625	-1.482422	-393.75	-0.1875	58.8125	149.1084	278.7503	99.48733	151.1994	277.8653	176.9678
720.7714	0.2001953	0.8769531	-0.4404297	-1.1875	46.4375	-14.65625	-0.04199219	0.8964844	-0.5761719	-205.0938	31.25	10.125	-0.578125	0.05566406	-1.319336	-189.7813	-295.9063	135.9688	149.1084	278.7503	99.48733	169.4406	291.1258	199.68
720.8049	-0.1533203	0.6972656	-0.3525391	-24.625	12.3125	2.5625	-0.04199219	0.8964844	-0.5761719	-205.0938	31.25	10.125	-0.578125	0.05566406	-1.319336	-189.7813	-295.9063	135.9688	133.9688	45.31859	76.13042	169.4406	291.1258	199.68
720.838	-0.1533203	0.6972656	-0.3525391	-24.625	12.3125	2.5625	0.1289063	1.004883	0.04296875	144.75	-63.25	18.96875	-0.578125	0.05566406	-1.319336	-189.7813	-295.9063	135.9688	133.9688	45.31859	76.13042	169.4406	291.1258	199.68
720.8721	-0.1533203	0.6972656	-0.3525391	-24.625	12.3125	2.5625	0.1289063	1.004883	0.04296875	144.75	-63.25	18.96875	1.234375	1.963867	0.6474609	80.1875	-70.28125	-34	133.9688	45.31859	76.13042	169.4406	291.1258	199.68
720.9053	-0.1533203	0.6972656	-0.3525391	-24.625	12.3125	2.5625	-0.5107422	1.143555	0.07519531	111.1875	-99.625	-6.5	1.234375	1.963867	0.6474609	80.1875	-70.28125	-34	133.9688	45.31859	76.13042	185.707	313.5236	188.4354
720.938	-0.1533203	0.6972656	-0.3525391	-24.625	12.3125	2.5625	-0.5107422	1.143555	0.07519531	111.1875	-99.625	-6.5	1.272461	0.2304688	-0.7949219	97.15625	35.5	-10.625	133.9688	45.31859	76.13042	185.707	313.5236	188.4354
720.9711	-0.1533203	0.6972656	-0.3525391	-24.625	12.3125	2.5625	-0.5107422	1.143555	0.07519531	111.1875	-99.625	-6.5	1.272461	0.2304688	-0.7949219	97.15625	35.5	-10.625	133.9688	45.31859	76.13042	181.9455	306.4586	181.8367
721.0046	-0.1533203	0.6972656	-0.3525391	-24.625	12.3125	2.5625	-0.5107422	1.143555	0.07519531	111.1875	-99.625	-6.5	1.272461	0.2304688	-0.7949219	97.15625	35.5	-10.625	133.9688	45.31859	76.13042	181.9455	306.4586	181.8367
721.0375	-0.1533203	0.6972656	-0.3525391	-24.625	12.3125	2.5625	-0.5107422	1.143555	0.07519531	111.1875	-99.625	-6.5	-0.2392578	0.9394531	-0.4277344	51.4375	64.625	-20.9375	133.9688	45.31859	76.13042	170.888	306.0403	176.7705
721.0711	-0.1533203	0.6972656	-0.3525391	-24.625	12.3125	2.5625	-0.5107422	1.143555	0.07519531	111.1875	-99.625	-6.5	-0.2392578	0.9394531	-0.4277344	51.4375	64.625	-20.9375	133.9688	45.31859	76.13042	170.888	306.0403	176.7705
721.1042	0.00390625	0.4121094	-0.6025391	2.0625	19.21875	17.3125	-0.5107422	1.143555	0.07519531	111.1875	-99.625	-6.5	-0.2392578	0.9394531	-0.4277344	51.4375	64.625	-20.9375	133.9688	45.31859	76.13042	170.888	306.0403	176.7705
721.1375	0.00390625	0.4121094	-0.6025391	2.0625	19.21875	17.3125	-0.5107422	1.143555	0.07519531	111.1875	-99.625	-6.5	0.15625	0.8291016	-0.2353516	43.875	-19.59375	-4.96875	133.9688	45.31859	76.13042	170.888	306.0403	176.7705
721.1711	0.00390625	0.4121094	-0.6025391	2.0625	19.21875	17.3125	-0.5107422	1.143555	0.07519531	111.1875	-99.625	-6.5	0.15625	0.8291016	-0.2353516	43.875	-19.59375	-4.96875	133.9688	45.31859	76.13042	166.7303	309.8304	167.403
721.2048	0.00390625	0.4121094	-0.6025391	2.0625	19.21875	17.3125	-0.5107422	1.143555	0.07519531	111.1875	-99.625	-6.5	0.15625	0.8291016	-0.2353516	43.875	-19.59375	-4.96875	133.9688	45.31859	76.13042	166.7303	309.8304	167.403
721.2376	0.00390625	0.4121094	-0.6025391	2.0625	19.21875	17.3125	-0.5107422	1.143555	0.07519531	111.1875	-99.625	-6.5	0.5253906	0.8505859	-0.3876953	57.0625	-53.71875	1.03125	133.9688	45.31859	76.13042	166.7303	309.8304	167.403
721.2711	0.00390625	0.4121094	-0.6025391	2.0625	19.21875	17.3125	-0.4208984	0.3466797	-0.7539063	-186.7188	134.875	-18.625	0.5253906	0.8505859	-0.3876953	57.0625	-53.71875	1.03125	133.9688	45.31859	76.13042	163.837	316.4663	165.5079
721.304	0.00390625	0.4121094	-0.6025391	2.0625	19.21875	17.3125	-0.4208984	0.3466797	-0.7539063	-186.7188	134.875	-18.625	0.5253906	0.8505859	-0.3876953	57.0625	-53.71875	1.03125	133.9688	45.31859	76.13042	163.837	316.4663	165.5079
721.3372	0.00390625	0.4121094	-0.6025391	2.0625	19.21875	17.3125	-0.4208984	0.3466797	-0.7539063	-186.7188	134.875	-18.625	0.01660156	0.9238281	-0.5830078	41.90625	-84.3125	-1.78125	133.9688	45.31859	76.13042	163.837	316.4663	165.5079
721.3707	-0.2021484	1.018555	-0.2050781	1.5	9.125	9.75	-0.4208984	0.3466797	-0.7539063	-186.7188	134.875	-18.625	0.01660156	0.9238281	-0.5830078	41.90625	-84.3125	-1.78125	133.9688	45.31859	76.13042	159.9039	321.831	164.1652
721.404	-0.2021484	1.018555	-0.2050781	1.5	9.125	9.75	-0.4208984	0.3466797	-0.7539063	-186.7188	134.875	-18.625	0.01660156	0.9238281	-0.5830078	41.90625	-84.3125	-1.78125	133.9688	45.31859	76.13042	159.9039	321.831	164.1652
721.4371	-0.2021484	1.018555	-0.2050781	1.5	9.125	9.75	-0.4208984	0.3466797	-0.7539063	-186.7188	134.875	-18.625	0.01660156	0.9238281	-0.5830078	41.90625	-84.3125	-1.78125	133.9688	45.31859	76.13042	158.6615	331.2834	163.4839
721.4704	-0.2021484	1.018555	-0.2050781	1.5	9.125	9.75	0.4833984	-0.3808594	0.05371094	29.78125	-252.2813	4.3125	0.9013672	0.3662109	-1.001953	31.59375	-251.6563	59.5625	133.9688	45.31859	76.13042	158.6615	331.2834	163.4839
721.5043	-0.2021484	1.018555	-0.2050781	1.5	9.125	9.75	0.4833984	-0.3808594	0.05371094	29.78125	-252.2813	4.3125	0.9013672	0.3662109	-1.001953	31.59375	-251.6563	59.5625	133.9688	45.31859	76.13042	158.6615	331.2834	163.4839
721.5374	-0.2021484	1.018555	-0.2050781	1.5	9.125	9.75	0.4833984	-0.3808594	0.05371094	29.78125	-252.2813	4.3125	1.859375	-0.1523438	-1.214844	140.7188	-261.9688	251.5	133.9688	45.31859	76.13042	147.7349	9.348385	175.5023
721.5709	0.1142578	0.4736328	-0.7011719	1.875	-102.4375	23.3125	0.4833984	-0.3808594	0.05371094	29.78125	-252.2813	4.3125	1.859375	-0.1523438	-1.214844	140.7188	-261.9688	251.5	133.9688	45.31859	76.13042	147.7349	9.348385	175.5023
721.6036	0.1142578	0.4736328	-0.7011719	1.875	-102.4375	23.3125	0.4833984	-0.3808594	0.05371094	29.78125	-252.2813	4.3125	1.859375	-0.1523438	-1.214844	140.7188	-261.9688	251.5	133.9688	45.31859	76.13042	147.7349	9.348385	175.5023
721.6375	0.1142578	0.4736328	-0.7011719	1.875	-102.4375	23.3125	-0.78125	1.260742	-0.5722656	-71.1875	470.0625	-10.40625	0.8925781	1.067383	-0.4970703	74.75	-156.625	171.0625	133.9688	45.31859	76.13042	147.7349	9.348385	175.5023
721.6705	0.1142578	0.4736328	-0.7011719	1.875	-102.4375	23.3125	-0.78125	1.260742	-0.5722656	-71.1875	470.0625	-10.40625	0.8925781	1.067383	-0.4970703	74.75	-156.625	171.0625	133.9688	45.31859	76.13042	136.8369	32.83687	199.9464
721.7038	0.1142578	0.4736328	-0.7011719	1.875	-102.4375	23.3125	-0.78125	1.260742	-0.5722656	-71.1875	470.0625	-10.40625	0.8925781	1.067383	-0.4970703	74.75	-156.625	171.0625	133.9688	45.31859	76.13042	136.8369	32.83687	199.9464
721.737	-0.03515625	0.7255859	-0.4521484	-19.65625	-89.3125	50.53125	-0.78125	1.260742	-0.5722656	-71.1875	470.0625	-10.40625	0.2626953	1.057617	-0.3242188	-11.90625	-198.5625	160.0938	133.9688	45.31859	76.13042	158.2098	57.73892	201.8083
721.7704	-0.03515625	0.7255859	-0.4521484	-19.65625	-89.3125	50.53125	-0.78125	1.260742	-0.5722656	-71.1875	470.0625	-10.40625	0.2626953	1.057617	-0.3242188	-11.90625	-198.5625	160.0938	133.9688	45.31859	76.13042	158.2098	57.73892	201.8083
721.8041	-0.03515625	0.7255859	-0.4521484	-19.65625	-89.3125	50.53125	-0.78125	1.260742	-0.5722656	-71.1875	470.0625	-10.40625	0.2626953	1.057617	-0.3242188	-11.90625	-198.5625	160.0938	133.9688	45.31859	76.13042	158.2098	57.73892	201.8083
721.8373	-0.03515625	0.7255859	-0.4521484	-19.65625	-89.3125	50.53125	0.4580078	0.7900391	0.1103516	9.375	-227.5625	-50.5	0.3994141	0.4277344	-1.042969	-103.4688	40.6875	80.78125	133.9688	45.31859	76.13042	158.2098	57.73892	201.8083
721.8705	-0.03515625	0.7255859	-0.4521484	-19.65625	-89.3125	50.53125	0.4580078	0.7900391	0.1103516	9.375	-227.5625	-50.5	0.3994141	0.4277344	-1.042969	-103.4688	40.6875	80.78125	133.9688	45.31859	76.13042	183.8191	77.01754	202.8058
721.9039	-0.03515625	0.7255859	-0.4521484	-19.65625	-89.3125	50.53125	0.4580078	0.7900391	0.1103516	9.375	-227.5625	-50.5	0.4726563	0.9775391	-0.3535156	-50.0625	42.71875	-5.375	133.9688	45.31859	76.13042	191.5544	81.46323	201.7237
721.9369	-0.03515625	0.7255859	-0.4521484	-19.65625	-89.3125	50.53125	0.4580078	0.7900391	0.1103516	9.375	-227.5625	-50.5	0.4726563	0.9775391	-0.3535156	-50.0625	42.71875	-5.375	133.9688	45.31859	76.13042	191.5544	81.46323	201.7237
721.9701	0.3037109	0.5146484	-0.7255859	31.78125	-192.0313	106.375	0.4580078	0.7900391	0.1103516	9.375	-227.5625	-50.5	0.4726563	0.9775391	-0.3535156	-50.0625	42.71875	-5.375	133.9688	45.31859	76.13042	191.5544	81.46323	201.7237
722.0036	0.3037109	0.5146484	-0.7255859	31.78125	-192.0313	106.375	0.4580078	0.7900391	0.1103516	9.375	-227.5625	-50.5	0.109375	0.8154297	-0.7304688	-22.0625	13.90625	-13.375	133.9688	45.31859	76.13042	197.9507	81.78307	198.7531
722.0373	0.3037109	0.5146484	-0.7255859	31.78125	-192.0313	106.375	0.1240234	1.369141	0.3769531	-4.03125	-84.3125	-80.21875	0.109375	0.8154297	-0.7304688	-22.0625	13.90625	-13.375	133.9688	45.31859	76.13042	197.9507	81.78307	198.7531
722.0702	0.3037109	0.5146484	-0.7255859	31.78125	-192.0313	106.375	0.1240234	1.369141	0.3769531	-4.03125	-84.3125	-80.21875	0.109375	0.8154297	-0.7304688	-22.0625	13.90625	-13.375	133.9688	45.31859	76.13042	197.9507	81.78307	198.7531
722.1038	0.3037109	0.5146484	-0.7255859	31.78125	-192.0313	106.375	0.1240234	1.369141	0.3769531	-4.03125	-84.3125	-80.21875	0.109375	0.8154297	-0.7304688	-22.0625	13.90625	-13.375	133.9688	45.31859	76.13042	197.9507	81.78307	198.7531
722.1368	0.3037109	0.5146484	-0.7255859	31.78125	-192.0313	106.375	0.1240234	1.369141	0.3769531	-4.03125	-84.3125	-80.21875	-0.2060547	0.8769531	-0.4804688	-27.84375	-24.25	-9.46875	133.9688	45.31859	76.13042	197.9507	81.78307	198.7531
722.17	0.3037109	0.5146484	-0.7255859	31.78125	-192.0313	106.375	0.1240234	1.369141	0.3769531	-4.03125	-84.3125	-80.21875	-0.2060547	0.8769531	-0.4804688	-27.84375	-24.25	-9.46875	250.5528	259.7194	108.8927	146.4522	358.6762	197.3612
722.2036	-0.1982422	0.7167969	-0.5048828	-19.71875	-89	85.25	0.1240234	1.369141	0.3769531	-4.03125	-84.3125	-80.21875	-0.2714844	0.7529297	-0.3574219	-24.0625	-10.5	-12.78125	250.5528	259.7194	108.8927	146.4522	358.6762	197.3612
722.2368	-0.1982422	0.7167969	-0.5048828	-19.71875	-89	85.25	0.1240234	1.369141	0.3769531	-4.03125	-84.3125	-80.21875	-0.2714844	0.7529297	-0.3574219	-24.0625	-10.5	-12.78125	266.0253	257.7033	118.4232	151.6379	334.3464	199.1281
722.27	-0.1982422	0.7167969	-0.5048828	-19.71875	-89	85.25	0.1240234	1.369141	0.3769531	-4.03125	-84.3125	-80.21875	-0.2714844	0.7529297	-0.3574219	-24.0625	-10.5	-12.78125	266.0253	257.7033	118.4232	151.6379	334.3464	199.1281
722.3036	-0.1982422	0.7167969	-0.5048828	-19.71875	-89	85.25	0.6435547	1.430664	0.04492188	105.4688	3.21875	-61.28125	-0.08496094	0.9042969	-0.3007813	-7.71875	-39.6875	7.5	266.0253	257.7033	118.4232	151.6379	334.3464	199.1281
722.3368	-0.1982422	0.7167969	-0.5048828	-19.71875	-89	85.25	0.6435547	1.430664	0.04492188	105.4688	3.21875	-61.28125	-0.08496094	0.9042969	-0.3007813	-7.71875	-39.6875	7.5	266.0253	257.7033	118.4232	165.6099	342.4775	198.7183
722.3699	-0.1982422	0.7167969	-0.5048828	-19.71875	-89	85.25	0.6435547	1.430664	0.04492188	105.4688	3.21875	-61.28125	-0.08496094	0.9042969	-0.3007813	-7.71875	-39.6875	7.5	266.0253	257.7033	118.4232	165.6099	342.4775	198.7183
722.4028	-0.1982422	0.7167969	-0.5048828	-19.71875	-89	85.25	0.6435547	1.430664	0.04492188	105.4688	3.21875	-61.28125	0.1113281	1.015625	-0.4189453	-17.71875	-26.875	15.5625	269.4149	257.7238	144.7099	165.6099	342.4775	198.7183
722.4369	-0.1982422	0.7167969	-0.5048828	-19.71875	-89	85.25	0.6953125	1.135742	0.1904297	30.125	-207.9688	15.84375	0.1113281	1.015625	-0.4189453	-17.71875	-26.875	15.5625	269.4149	257.7238	144.7099	169.1027	318.018	181.2689
722.4698	0.1738281	0.2792969	-0.6816406	0.21875	-58.84375	101.9688	0.6953125	1.135742	0.1904297	30.125	-207.9688	15.84375	0.1660156	0.9462891	-0.1113281	-10.03125	-12.84375	2.59375	274.2666	255.6004	166.7529	169.1027	318.018	181.2689
722.5028	0.1738281	0.2792969	-0.6816406	0.21875	-58.84375	101.9688	0.6953125	1.135742	0.1904297	30.125	-207.9688	15.84375	0.1660156	0.9462891	-0.1113281	-10.03125	-12.84375	2.59375	274.2666	255.6004	166.7529	172.4428	295.0934	177.0366
722.5364	0.1738281	0.2792969	-0.6816406	0.21875	-58.84375	101.9688	0.6953125	1.135742	0.1904297	30.125	-207.9688	15.84375	0.1660156	0.9462891	-0.1113281	-10.03125	-12.84375	2.59375	274.2666	255.6004	166.7529	172.4428	295.0934	177.0366
722.5697	0.1738281	0.2792969	-0.6816406	0.21875	-58.84375	101.9688	0.6953125	1.135742	0.1904297	30.125	-207.9688	15.84375	-0.08007813	0.9111328	-0.4443359	27.21875	-29.5	12.8125	274.2666	255.6004	166.7529	172.4428	295.0934	177.0366
722.6033	0.1738281	0.2792969	-0.6816406	0.21875	-58.84375	101.9688	0.6953125	1.135742	0.1904297	30.125	-207.9688	15.84375	-0.08007813	0.9111328	-0.4443359	27.21875	-29.5	12.8125	274.2666	255.6004	166.7529	172.0141	297.6425	177.0925
722.6362	0.1738281	0.2792969	-0.6816406	0.21875	-58.84375	101.9688	0.6953125	1.135742	0.1904297	30.125	-207.9688	15.84375	-0.08007813	0.9111328	-0.4443359	27.21875	-29.5	12.8125	274.2666	255.6004	166.7529	172.0141	297.6425	177.0925
722.6984	0.1738281	0.2792969	-0.6816406	0.21875	-58.84375	101.9688	0.6953125	1.135742	0.1904297	30.125	-207.9688	15.84375	0.1621094	0.8261719	-0.3710938	-11.625	-20.34375	11.28125	274.2666	255.6004	166.7529	172.0141	297.6425	177.0925
722.7004	0.1738281	0.2792969	-0.6816406	0.21875	-58.84375	101.9688	0.6953125	1.135742	0.1904297	30.125	-207.9688	15.84375	0.1621094	0.8261719	-0.3710938	-11.625	-20.34375	11.28125	308.1569	196.1185	182.5372	145.2557	283.7783	183.9753
722.7199	0.1738281	0.2792969	-0.6816406	0.21875	-58.84375	101.9688	0.6953125	1.135742	0.1904297	30.125	-207.9688	15.84375	0.1621094	0.8261719	-0.3710938	-11.625	-20.34375	11.28125	308.1569	196.1185	182.5372	145.2557	283.7783	183.9753
722.7531	0.1738281	0.2792969	-0.6816406	0.21875	-58.84375	101.9688	0.6953125	1.135742	0.1904297	30.125	-207.9688	15.84375	0.1621094	0.8261719	-0.3710938	-11.625	-20.34375	11.28125	308.1569	196.1185	182.5372	145.2557	283.7783	183.9753
722.7864	0.1738281	0.2792969	-0.6816406	0.21875	-58.84375	101.9688	0.6953125	1.135742	0.1904297	30.125	-207.9688	15.84375	0.0703125	0.7041016	-0.4091797	-34.375	-35.28125	14.875	308.1569	196.1185	182.5372	147.9678	284.4089	187.7689
722.8199	0.2089844	0.6044922	-0.8945313	12.3125	-22.46875	52.0625	0.6953125	1.135742	0.1904297	30.125	-207.9688	15.84375	0.0703125	0.7041016	-0.4091797	-34.375	-35.28125	14.875	308.1569	196.1185	182.5372	147.9678	284.4089	187.7689
722.8587	0.1845703	0.3173828	-0.9414063	154.5938	7.125	72.1875	0.6953125	1.135742	0.1904297	30.125	-207.9688	15.84375	0.0703125	0.7041016	-0.4091797	-34.375	-35.28125	14.875	308.1569	196.1185	182.5372	147.9678	284.4089	187.7689
722.8864	0.1845703	0.3173828	-0.9414063	154.5938	7.125	72.1875	0.6953125	1.135742	0.1904297	30.125	-207.9688	15.84375	-0.109375	0.9414063	-0.3183594	-23.625	61.15625	-8.1875	330.5734	180.0123	183.367	140.3716	275.4479	205.4121
722.9193	0.1845703	0.3173828	-0.9414063	154.5938	7.125	72.1875	0.6953125	1.135742	0.1904297	30.125	-207.9688	15.84375	-0.109375	0.9414063	-0.3183594	-23.625	61.15625	-8.1875	330.5734	180.0123	183.367	140.3716	275.4479	205.4121
722.9529	0.1845703	0.3173828	-0.9414063	154.5938	7.125	72.1875	0.6953125	1.135742	0.1904297	30.125	-207.9688	15.84375	0.03125	0.8886719	-0.2558594	-10.5	-37.4375	21.78125	330.5734	180.0123	183.367	140.3716	275.4479	205.4121
722.9865	0.1845703	0.3173828	-0.9414063	154.5938	7.125	72.1875	0.6953125	1.135742	0.1904297	30.125	-207.9688	15.84375	0.03125	0.8886719	-0.2558594	-10.5	-37.4375	21.78125	336.4993	188.3046	171.2829	137.7994	272.1281	212.6073
723.0198	0.1845703	0.3173828	-0.9414063	154.5938	7.125	72.1875	0.6953125	1.135742	0.1904297	30.125	-207.9688	15.84375	0.03125	0.8886719	-0.2558594	-10.5	-37.4375	21.78125	336.4993	188.3046	171.2829	137.7994	272.1281	212.6073
723.0527	0.1845703	0.3173828	-0.9414063	154.5938	7.125	72.1875	-0.2324219	0.4082031	0.7548828	-98.78125	-18.09375	-43.59375	0.02246094	0.8828125	-0.2011719	1.5	12.1875	-4.65625	336.4993	188.3046	171.2829	137.7994	272.1281	212.6073
723.0862	0.1845703	0.3173828	-0.9414063	154.5938	7.125	72.1875	-0.2324219	0.4082031	0.7548828	-98.78125	-18.09375	-43.59375	0.02246094	0.8828125	-0.2011719	1.5	12.1875	-4.65625	336.4993	188.3046	171.2829	136.531	272.372	213.7059
723.1197	0.1845703	0.3173828	-0.9414063	154.5938	7.125	72.1875	-0.2324219	0.4082031	0.7548828	-98.78125	-18.09375	-43.59375	0.02246094	0.8828125	-0.2011719	1.5	12.1875	-4.65625	336.4993	188.3046	171.2829	136.531	272.372	213.7059
723.1533	0.1845703	0.3173828	-0.9414063	154.5938	7.125	72.1875	-0.2324219	0.4082031	0.7548828	-98.78125	-18.09375	-43.59375	0.02246094	0.8828125	-0.2011719	1.5	12.1875	-4.65625	336.4993	188.3046	171.2829	136.531	272.372	213.7059
723.1865	0.2685547	0.2880859	-1.020508	-121.4063	-0.875	4.875	-0.2324219	0.4082031	0.7548828	-98.78125	-18.09375	-43.59375	-0.01855469	0.9541016	-0.34375	7.375	2.78125	1.4375	336.4993	188.3046	171.2829	135.3968	270.2982	211.6848
723.2194	0.2685547	0.2880859	-1.020508	-121.4063	-0.875	4.875	-0.2324219	0.4082031	0.7548828	-98.78125	-18.09375	-43.59375	-0.01855469	0.9541016	-0.34375	7.375	2.78125	1.4375	336.4993	188.3046	171.2829	135.3968	270.2982	211.6848
723.2531	0.2685547	0.2880859	-1.020508	-121.4063	-0.875	4.875	-0.2324219	0.4082031	0.7548828	-98.78125	-18.09375	-43.59375	-0.015625	1.614258	-0.1484375	24.09375	-24.3125	5.71875	348.4987	171.153	187.0472	135.3968	270.2982	211.6848
723.2859	0.2685547	0.2880859	-1.020508	-121.4063	-0.875	4.875	-0.2324219	0.4082031	0.7548828	-98.78125	-18.09375	-43.59375	-0.015625	1.614258	-0.1484375	24.09375	-24.3125	5.71875	348.3073	169.6063	188.2599	126.5005	263.9333	225.3405
723.3193	0.2685547	0.2880859	-1.020508	-121.4063	-0.875	4.875	-0.2324219	0.4082031	0.7548828	-98.78125	-18.09375	-43.59375	-0.015625	1.614258	-0.1484375	24.09375	-24.3125	5.71875	348.3073	169.6063	188.2599	126.5005	263.9333	225.3405
723.3529	0.2685547	0.2880859	-1.020508	-121.4063	-0.875	4.875	-0.1445313	0.3671875	0.8828125	-17.40625	-25.09375	-9.90625	-0.015625	1.614258	-0.1484375	24.09375	-24.3125	5.71875	348.3073	169.6063	188.2599	126.5005	263.9333	225.3405
723.3859	0.2685547	0.2880859	-1.020508	-121.4063	-0.875	4.875	-0.1445313	0.3671875	0.8828125	-17.40625	-25.09375	-9.90625	-0.109375	0.8369141	-0.1835938	8.21875	-3.875	4.0625	348.3073	169.6063	188.2599	137.4653	280.36	240.1862
723.4194	0.2138672	0.4833984	-0.6152344	-16.0625	3.90625	-4.28125	-0.1445313	0.3671875	0.8828125	-17.40625	-25.09375	-9.90625	-0.109375	0.8369141	-0.1835938	8.21875	-3.875	4.0625	348.3073	169.6063	188.2599	137.4653	280.36	240.1862
723.4524	0.2138672	0.4833984	-0.6152344	-16.0625	3.90625	-4.28125	-0.3144531	0.5166016	0.9248047	-16.6875	-4.71875	6.875	-0.1396484	1.02832	-0.3291016	0.40625	-7.53125	1.875	348.3073	169.6063	188.2599	137.4653	280.36	240.1862
723.4864	0.2138672	0.4833984	-0.6152344	-16.0625	3.90625	-4.28125	-0.3144531	0.5166016	0.9248047	-16.6875	-4.71875	6.875	-0.1396484	1.02832	-0.3291016	0.40625	-7.53125	1.875	348.3073	169.6063	188.2599	137.4294	280.0963	238.8207
723.5189	0.2138672	0.4833984	-0.6152344	-16.0625	3.90625	-4.28125	-0.3144531	0.5166016	0.9248047	-16.6875	-4.71875	6.875	-0.1171875	1.010742	-0.3183594	-0.125	-11	1.03125	348.3073	169.6063	188.2599	137.4294	280.0963	238.8207
723.5522	0.2138672	0.4833984	-0.6152344	-16.0625	3.90625	-4.28125	-0.3144531	0.5166016	0.9248047	-16.6875	-4.71875	6.875	-0.1171875	1.010742	-0.3183594	-0.125	-11	1.03125	348.3073	169.6063	188.2599	137.9574	281.4396	239.4977
723.5858	0.2138672	0.4833984	-0.6152344	-16.0625	3.90625	-4.28125	-0.3144531	0.5166016	0.9248047	-16.6875	-4.71875	6.875	-0.1171875	1.010742	-0.3183594	-0.125	-11	1.03125	340.6928	146.8391	213.0744	137.9574	281.4396	239.4977
723.6196	0.2138672	0.4833984	-0.6152344	-16.0625	3.90625	-4.28125	-0.3144531	0.5166016	0.9248047	-16.6875	-4.71875	6.875	-0.1171875	1.010742	-0.3183594	-0.125	-11	1.03125	340.6928	146.8391	213.0744	137.9574	281.4396	239.4977
723.6528	0.2988281	0.5244141	-0.4423828	-17.03125	-5.09375	-4.03125	-0.3144531	0.5166016	0.9248047	-16.6875	-4.71875	6.875	0.04882813	0.9160156	-0.2705078	-0.25	-23.21875	9.25	340.6928	146.8391	213.0744	137.9574	281.4396	239.4977
723.6854	0.2988281	0.5244141	-0.4423828	-17.03125	-5.09375	-4.03125	-0.3144531	0.5166016	0.9248047	-16.6875	-4.71875	6.875	0.04882813	0.9160156	-0.2705078	-0.25	-23.21875	9.25	340.6049	145.855	214.378	121.4146	260.6612	224.464
723.7189	0.2988281	0.5244141	-0.4423828	-17.03125	-5.09375	-4.03125	-0.3144531	0.5166016	0.9248047	-16.6875	-4.71875	6.875	0.04882813	0.9160156	-0.2705078	-0.25	-23.21875	9.25	340.6049	145.855	214.378	121.4146	260.6612	224.464
723.7529	0.1445313	0.8222656	-0.6601563	0.96875	0.78125	3.90625	-0.3144531	0.5166016	0.9248047	-16.6875	-4.71875	6.875	0.04882813	0.9160156	-0.2705078	-0.25	-23.21875	9.25	340.6049	145.855	214.378	121.4146	260.6612	224.464
723.7878	0.1445313	0.8222656	-0.6601563	0.96875	0.78125	3.90625	-0.3144531	0.5166016	0.9248047	-16.6875	-4.71875	6.875	-0.1474609	0.7861328	-0.2705078	-1.46875	0.15625	5.65625	340.6049	145.855	214.378	122.8837	266.3558	231.4744
723.8188	0.1445313	0.8222656	-0.6601563	0.96875	0.78125	3.90625	-0.3144531	0.5166016	0.9248047	-16.6875	-4.71875	6.875	0.01757813	0.9121094	-0.2255859	0.34375	-1.96875	13.15625	340.6049	145.855	214.378	122.8837	266.3558	231.4744
723.8519	0.1445313	0.8222656	-0.6601563	0.96875	0.78125	3.90625	-0.3144531	0.5166016	0.9248047	-16.6875	-4.71875	6.875	0.01757813	0.9121094	-0.2255859	0.34375	-1.96875	13.15625	333.5002	137.3645	223.091	119.3457	260.5432	224.3333
723.8853	0.1445313	0.8222656	-0.6601563	0.96875	0.78125	3.90625	-0.3144531	0.5166016	0.9248047	-16.6875	-4.71875	6.875	0.01757813	0.9121094	-0.2255859	0.34375	-1.96875	13.15625	333.8342	138.1732	222.1618	119.3457	260.5432	224.3333
723.9186	0.1289063	0.6298828	-0.8046875	-3.875	-1.46875	1.21875	-0.2363281	0.3896484	1.008789	7.4375	2.90625	-4.90625	0.01757813	0.9121094	-0.2255859	0.34375	-1.96875	13.15625	333.8342	138.1732	222.1618	119.3457	260.5432	224.3333
723.952	0.1289063	0.6298828	-0.8046875	-3.875	-1.46875	1.21875	-0.2363281	0.3896484	1.008789	7.4375	2.90625	-4.90625	-0.01855469	1.011719	-0.2890625	1.4375	-11.625	15.90625	333.8342	138.1732	222.1618	119.4523	261.6273	224.4256
723.9856	0.1289063	0.6298828	-0.8046875	-3.875	-1.46875	1.21875	-0.2363281	0.3896484	1.008789	7.4375	2.90625	-4.90625	-0.01855469	1.011719	-0.2890625	1.4375	-11.625	15.90625	333.8342	138.1732	222.1618	119.4523	261.6273	224.4256
724.0184	0.1289063	0.6298828	-0.8046875	-3.875	-1.46875	1.21875	-0.2363281	0.3896484	1.008789	7.4375	2.90625	-4.90625	-0.01855469	1.011719	-0.2890625	1.4375	-11.625	15.90625	333.8342	138.1732	222.1618	119.4523	261.6273	224.4256
724.052	0.1289063	0.6298828	-0.8046875	-3.875	-1.46875	1.21875	-0.2363281	0.3896484	1.008789	7.4375	2.90625	-4.90625	-0.09082031	0.8867188	-0.3017578	-1.3125	-3.96875	7.75	333.8342	138.1732	222.1618	118.0758	261.7797	224.9348
724.0861	0.1289063	0.6298828	-0.8046875	-3.875	-1.46875	1.21875	-0.2363281	0.3896484	1.008789	7.4375	2.90625	-4.90625	-0.09082031	0.8867188	-0.3017578	-1.3125	-3.96875	7.75	333.8342	138.1732	222.1618	118.0758	261.7797	224.9348
724.1184	0.109375	0.6279297	-0.6357422	10.78125	1.15625	5.125	-0.296875	0.3964844	0.9482422	-5.75	10.71875	-2.53125	-0.09082031	0.8867188	-0.3017578	-1.3125	-3.96875	7.75	333.8342	138.1732	222.1618	118.0758	261.7797	224.9348
724.1518	0.109375	0.6279297	-0.6357422	10.78125	1.15625	5.125	-0.296875	0.3964844	0.9482422	-5.75	10.71875	-2.53125	0.09179688	0.9746094	-0.2988281	-1.90625	-8	0.34375	333.8342	138.1732	222.1618	118.0758	261.7797	224.9348
724.1849	0.109375	0.6279297	-0.6357422	10.78125	1.15625	5.125	-0.296875	0.3964844	0.9482422	-5.75	10.71875	-2.53125	0.09179688	0.9746094	-0.2988281	-1.90625	-8	0.34375	333.8342	138.1732	222.1618	117.9182	262.5734	225.7875
724.2181	0.109375	0.6279297	-0.6357422	10.78125	1.15625	5.125	-0.296875	0.3964844	0.9482422	-5.75	10.71875	-2.53125	0.09179688	0.9746094	-0.2988281	-1.90625	-8	0.34375	333.8342	138.1732	222.1618	117.9182	262.5734	225.7875
724.2517	0.109375	0.6279297	-0.6357422	10.78125	1.15625	5.125	-0.296875	0.3964844	0.9482422	-5.75	10.71875	-2.53125	0	0.9921875	-0.2832031	-0.25	2.96875	-8.625	333.8342	138.1732	222.1618	117.451	261.2151	224.4814
724.2852	0.109375	0.6279297	-0.6357422	10.78125	1.15625	5.125	-0.296875	0.3964844	0.9482422	-5.75	10.71875	-2.53125	0	0.9921875	-0.2832031	-0.25	2.96875	-8.625	333.8342	138.1732	222.1618	117.451	261.2151	224.4814
724.3217	0.109375	0.6279297	-0.6357422	10.78125	1.15625	5.125	-0.296875	0.3964844	0.9482422	-5.75	10.71875	-2.53125	0	0.9921875	-0.2832031	-0.25	2.96875	-8.625	333.8342	138.1732	222.1618	117.451	261.2151	224.4814
724.3517	0.1884766	0.6640625	-0.625	6.09375	3.59375	12.4375	-0.1318359	0.4228516	0.7119141	-3.25	-6.25	0.03125	0.04394531	0.8251953	-0.2871094	0	7.125	-12.78125	333.8342	138.1732	222.1618	117.9535	260.5894	223.754
724.3853	0.1884766	0.6640625	-0.625	6.09375	3.59375	12.4375	-0.1318359	0.4228516	0.7119141	-3.25	-6.25	0.03125	0.04394531	0.8251953	-0.2871094	0	7.125	-12.78125	334.4581	139.6882	220.2719	117.9535	260.5894	223.754
724.4182	0.1884766	0.6640625	-0.625	6.09375	3.59375	12.4375	-0.1318359	0.4228516	0.7119141	-3.25	-6.25	0.03125	-0.05664063	0.8134766	-0.2783203	-0.375	6.28125	-11.375	334.4581	139.6882	220.2719	117.9535	260.5894	223.754
724.4514	0.1884766	0.6640625	-0.625	6.09375	3.59375	12.4375	-0.1318359	0.4228516	0.7119141	-3.25	-6.25	0.03125	-0.05664063	0.8134766	-0.2783203	-0.375	6.28125	-11.375	334.4581	139.6882	220.2719	120.9149	262.3631	223.6626
724.486	0.1884766	0.6640625	-0.625	6.09375	3.59375	12.4375	-0.1318359	0.4228516	0.7119141	-3.25	-6.25	0.03125	-0.05664063	0.8134766	-0.2783203	-0.375	6.28125	-11.375	334.4581	139.6882	220.2719	122.5214	262.516	223.3216
724.5179	0.3154297	0.6787109	-0.6318359	5.90625	4.0625	9.75	-0.1318359	0.4228516	0.7119141	-3.25	-6.25	0.03125	-0.05859375	0.9394531	-0.2666016	2.125	2.96875	-8.75	334.4581	139.6882	220.2719	122.5214	262.516	223.3216
724.552	0.3154297	0.6787109	-0.6318359	5.90625	4.0625	9.75	-0.2773438	0.4345703	0.8710938	-4.78125	-11.84375	-4.03125	-0.05859375	0.9394531	-0.2666016	2.125	2.96875	-8.75	334.4581	139.6882	220.2719	122.5214	262.516	223.3216
724.5849	0.3154297	0.6787109	-0.6318359	5.90625	4.0625	9.75	-0.2773438	0.4345703	0.8710938	-4.78125	-11.84375	-4.03125	-0.05859375	0.9394531	-0.2666016	2.125	2.96875	-8.75	334.4581	139.6882	220.2719	122.5214	262.516	223.3216
724.6183	0.3154297	0.6787109	-0.6318359	5.90625	4.0625	9.75	-0.2773438	0.4345703	0.8710938	-4.78125	-11.84375	-4.03125	-0.06835938	0.8378906	-0.1787109	2.1875	5.1875	-5.4375	334.4581	139.6882	220.2719	122.5214	262.516	223.3216
724.6515	0.3154297	0.6787109	-0.6318359	5.90625	4.0625	9.75	-0.2773438	0.4345703	0.8710938	-4.78125	-11.84375	-4.03125	-0.06835938	0.8378906	-0.1787109	2.1875	5.1875	-5.4375	334.4581	139.6882	220.2719	121.3303	258.9446	219.9624
724.685	0.3154297	0.6787109	-0.6318359	5.90625	4.0625	9.75	-0.2773438	0.4345703	0.8710938	-4.78125	-11.84375	-4.03125	-0.06835938	0.8378906	-0.1787109	2.1875	5.1875	-5.4375	333.5808	138.3091	221.3218	121.3303	258.9446	219.9624
724.7183	0.3154297	0.6787109	-0.6318359	5.90625	4.0625	9.75	-0.2773438	0.4345703	0.8710938	-4.78125	-11.84375	-4.03125	-0.07421875	1.023438	-0.3095703	1.21875	0.15625	-0.9375	333.5808	138.3091	221.3218	121.3303	258.9446	219.9624
724.7513	0.3154297	0.6787109	-0.6318359	5.90625	4.0625	9.75	-0.03710938	0.4521484	0.8115234	-0.25	-17.34375	-7.03125	-0.07421875	1.023438	-0.3095703	1.21875	0.15625	-0.9375	333.5808	138.3091	221.3218	121.9589	257.0606	220.6708
724.7849	0.3154297	0.6787109	-0.6318359	5.90625	4.0625	9.75	-0.03710938	0.4521484	0.8115234	-0.25	-17.34375	-7.03125	-0.07421875	1.023438	-0.3095703	1.21875	0.15625	-0.9375	333.5808	138.3091	221.3218	121.5788	256.7174	220.7449
724.8177	0.3154297	0.6787109	-0.6318359	5.90625	4.0625	9.75	-0.03710938	0.4521484	0.8115234	-0.25	-17.34375	-7.03125	-0.06054688	1.006836	-0.2792969	-1.34375	-0.125	2	333.5808	138.3091	221.3218	121.5788	256.7174	220.7449
724.8514	0.3154297	0.6787109	-0.6318359	5.90625	4.0625	9.75	-0.03710938	0.4521484	0.8115234	-0.25	-17.34375	-7.03125	-0.06054688	1.006836	-0.2792969	-1.34375	-0.125	2	333.5808	138.3091	221.3218	121.5788	256.7174	220.7449
724.8843	0.3154297	0.6787109	-0.6318359	5.90625	4.0625	9.75	-0.03710938	0.4521484	0.8115234	-0.25	-17.34375	-7.03125	-0.06054688	1.006836	-0.2792969	-1.34375	-0.125	2	329.906	134.3271	224.9818	120.9701	253.1658	218.5501
724.9179	0.3154297	0.6787109	-0.6318359	5.90625	4.0625	9.75	-0.03710938	0.4521484	0.8115234	-0.25	-17.34375	-7.03125	0.00390625	0.9306641	-0.2568359	-1.40625	0.84375	3.21875	329.906	134.3271	224.9818	120.9701	253.1658	218.5501
724.9514	0.3154297	0.6787109	-0.6318359	5.90625	4.0625	9.75	-0.05957031	0.34375	0.7919922	0.78125	15.125	-1.59375	0.00390625	0.9306641	-0.2568359	-1.40625	0.84375	3.21875	329.906	134.3271	224.9818	120.9701	253.1658	218.5501
724.9852	0.1386719	0.7021484	-0.6513672	-0.1875	1.15625	-19.71875	-0.05957031	0.34375	0.7919922	0.78125	15.125	-1.59375	0.00390625	0.9306641	-0.2568359	-1.40625	0.84375	3.21875	329.906	134.3271	224.9818	120.9701	253.1658	218.5501
725.018	0.1386719	0.7021484	-0.6513672	-0.1875	1.15625	-19.71875	-0.05957031	0.34375	0.7919922	0.78125	15.125	-1.59375	0.05859375	1.020508	-0.2080078	0.09375	-4.15625	3.40625	329.906	134.3271	224.9818	120.9701	253.1658	218.5501
725.0511	0.1386719	0.7021484	-0.6513672	-0.1875	1.15625	-19.71875	-0.05957031	0.34375	0.7919922	0.78125	15.125	-1.59375	0.05859375	1.020508	-0.2080078	0.09375	-4.15625	3.40625	329.906	134.3271	224.9818	121.5437	254.807	220.085
725.0847	0.1386719	0.7021484	-0.6513672	-0.1875	1.15625	-19.71875	-0.05957031	0.34375	0.7919922	0.78125	15.125	-1.59375	-0.00390625	0.8691406	-0.2822266	0.34375	-0.25	2.125	329.906	134.3271	224.9818	121.3653	255.0592	220.6169
725.1174	0.1386719	0.7021484	-0.6513672	-0.1875	1.15625	-19.71875	-0.05957031	0.34375	0.7919922	0.78125	15.125	-1.59375	-0.00390625	0.8691406	-0.2822266	0.34375	-0.25	2.125	329.906	134.3271	224.9818	121.3653	255.0592	220.6169
725.1509	0.1386719	0.7021484	-0.6513672	-0.1875	1.15625	-19.71875	-0.2470703	0.4238281	0.8583984	2.65625	18.125	1.03125	-0.00390625	0.8691406	-0.2822266	0.34375	-0.25	2.125	333.8394	139.1128	220.352	121.3653	255.0592	220.6169
725.1845	0.1396484	0.6445313	-0.6269531	-9.71875	-0.5	-11.96875	-0.2470703	0.4238281	0.8583984	2.65625	18.125	1.03125	-0.00390625	0.8691406	-0.2822266	0.34375	-0.25	2.125	333.8394	139.1128	220.352	121.3653	255.0592	220.6169
725.2186	0.1396484	0.6445313	-0.6269531	-9.71875	-0.5	-11.96875	-0.2167969	0.3232422	0.8740234	2.59375	9.375	1.03125	-0.00390625	0.8691406	-0.2822266	0.34375	-0.25	2.125	333.8394	139.1128	220.352	121.3653	255.0592	220.6169
725.2511	0.1396484	0.6445313	-0.6269531	-9.71875	-0.5	-11.96875	-0.2167969	0.3232422	0.8740234	2.59375	9.375	1.03125	0.02246094	0.8876953	-0.2636719	-1.34375	-3.1875	2.71875	333.8394	139.1128	220.352	123.6293	261.734	224.3066
725.2854	0.06445313	0.7626953	-0.7558594	2.90625	-5.09375	-11.90625	-0.2167969	0.3232422	0.8740234	2.59375	9.375	1.03125	0.02246094	0.8876953	-0.2636719	-1.34375	-3.1875	2.71875	334.2695	140.2018	219.2088	124.344	263.2941	224.0077
725.3201	0.06445313	0.7626953	-0.7558594	2.90625	-5.09375	-11.90625	-0.2167969	0.3232422	0.8740234	2.59375	9.375	1.03125	-0.04199219	1.106445	-0.2021484	4	-0.9375	1.3125	334.2695	140.2018	219.2088	124.344	263.2941	224.0077
725.3505	0.06445313	0.7626953	-0.7558594	2.90625	-5.09375	-11.90625	-0.2167969	0.3232422	0.8740234	2.59375	9.375	1.03125	-0.04199219	1.106445	-0.2021484	4	-0.9375	1.3125	334.2695	140.2018	219.2088	124.344	263.2941	224.0077
725.3842	0.06445313	0.7626953	-0.7558594	2.90625	-5.09375	-11.90625	-0.2167969	0.3232422	0.8740234	2.59375	9.375	1.03125	-0.04101563	0.8369141	-0.3066406	3.03125	4.5	-0.125	334.1714	140.4323	218.8109	124.3289	263.2015	224.1145
725.4182	0.06445313	0.7626953	-0.7558594	2.90625	-5.09375	-11.90625	-0.2167969	0.3232422	0.8740234	2.59375	9.375	1.03125	-0.04101563	0.8369141	-0.3066406	3.03125	4.5	-0.125	334.1714	140.4323	218.8109	124.3289	263.2015	224.1145
725.4509	0.0390625	0.6640625	-0.6357422	-2.46875	-2.9375	2.78125	-0.1894531	0.3964844	0.7685547	-0.1875	-0.625	-3	-0.04101563	0.8369141	-0.3066406	3.03125	4.5	-0.125	334.1714	140.4323	218.8109	124.3289	263.2015	224.1145
725.4842	0.0390625	0.6640625	-0.6357422	-2.46875	-2.9375	2.78125	-0.1894531	0.3964844	0.7685547	-0.1875	-0.625	-3	-0.1064453	0.96875	-0.28125	-0.5625	-4.59375	8.71875	334.1714	140.4323	218.8109	126.4374	265.9142	225.9516
725.5178	0.0234375	0.7177734	-0.5380859	-0.6875	2.84375	1.09375	-0.1894531	0.3964844	0.7685547	-0.1875	-0.625	-3	-0.1064453	0.96875	-0.28125	-0.5625	-4.59375	8.71875	334.1714	140.4323	218.8109	126.4374	265.9142	225.9516
725.5505	0.0234375	0.7177734	-0.5380859	-0.6875	2.84375	1.09375	-0.1894531	0.3964844	0.7685547	-0.1875	-0.625	-3	-0.1064453	0.96875	-0.28125	-0.5625	-4.59375	8.71875	334.1714	140.4323	218.8109	126.4374	265.9142	225.9516
725.5845	0.0234375	0.7177734	-0.5380859	-0.6875	2.84375	1.09375	-0.1894531	0.3964844	0.7685547	-0.1875	-0.625	-3	0.09277344	0.9199219	-0.2539063	-0.1875	1.21875	4.125	334.1714	140.4323	218.8109	126.1963	266.6969	226.6937
725.6373	0.0234375	0.7177734	-0.5380859	-0.6875	2.84375	1.09375	-0.1894531	0.3964844	0.7685547	-0.1875	-0.625	-3	0.09277344	0.9199219	-0.2539063	-0.1875	1.21875	4.125	334.1714	140.4323	218.8109	126.1963	266.6969	226.6937
725.6671	0.0234375	0.7177734	-0.5380859	-0.6875	2.84375	1.09375	-0.1894531	0.3964844	0.7685547	-0.1875	-0.625	-3	0.09277344	0.9199219	-0.2539063	-0.1875	1.21875	4.125	334.1714	140.4323	218.8109	126.1963	266.6969	226.6937
725.701	0.0234375	0.7177734	-0.5380859	-0.6875	2.84375	1.09375	-0.1894531	0.3964844	0.7685547	-0.1875	-0.625	-3	0.09277344	0.9199219	-0.2539063	-0.1875	1.21875	4.125	334.1714	140.4323	218.8109	126.495	267.6422	228.2766
725.7341	0.0234375	0.7177734	-0.5380859	-0.6875	2.84375	1.09375	-0.1269531	0.3671875	0.8496094	0.46875	-7.09375	2.4375	-0.03710938	0.9599609	-0.2080078	2.5	3.90625	-3.625	334.1714	140.4323	218.8109	126.495	267.6422	228.2766
725.7667	0.0234375	0.7177734	-0.5380859	-0.6875	2.84375	1.09375	-0.1269531	0.3671875	0.8496094	0.46875	-7.09375	2.4375	-0.03710938	0.9599609	-0.2080078	2.5	3.90625	-3.625	334.1714	140.4323	218.8109	126.495	267.6422	228.2766
725.7999	0.0234375	0.7177734	-0.5380859	-0.6875	2.84375	1.09375	-0.1269531	0.3671875	0.8496094	0.46875	-7.09375	2.4375	0.06152344	0.9599609	-0.3173828	-0.5	2.375	-2.28125	334.1714	140.4323	218.8109	126.3374	266.9551	227.8189
725.8331	0.1298828	0.6611328	-0.625	6.9375	2.90625	7.75	-0.1269531	0.3671875	0.8496094	0.46875	-7.09375	2.4375	0.06152344	0.9599609	-0.3173828	-0.5	2.375	-2.28125	334.1714	140.4323	218.8109	126.3374	266.9551	227.8189
725.8663	0.1298828	0.6611328	-0.625	6.9375	2.90625	7.75	-0.2392578	0.3193359	0.8320313	-3.125	-2.6875	-3.375	-0.1328125	0.8330078	-0.2539063	-1.125	0.78125	-3.5	334.1714	140.4323	218.8109	126.7331	267.137	227.8002
725.9001	0.1298828	0.6611328	-0.625	6.9375	2.90625	7.75	-0.2392578	0.3193359	0.8320313	-3.125	-2.6875	-3.375	-0.1328125	0.8330078	-0.2539063	-1.125	0.78125	-3.5	334.1714	140.4323	218.8109	126.7331	267.137	227.8002
