1371.162	0.02246094	0.8251953	-0.6005859	-3.5625	-0.5625	0.78125	-0.01171875	0.4111328	0.5849609	0.53125	-3.75	-3.875	0.1376953	1.126953	-0.1123047	-0.625	2.4375	-0.8125	144.8784	230.9984	121.8183	203.0051	250.3509	100.9063
1371.165	0.02246094	0.8251953	-0.6005859	-3.5625	-0.5625	0.78125	-0.01171875	0.4111328	0.5849609	0.53125	-3.75	-3.875	0.1376953	1.126953	-0.1123047	-0.625	2.4375	-0.8125	144.887	232.6941	122.5925	203.0051	250.3509	100.9063
1371.204	0.02246094	0.8251953	-0.6005859	-3.5625	-0.5625	0.78125	-0.01171875	0.4111328	0.5849609	0.53125	-3.75	-3.875	0.2363281	1.180664	-0.1699219	-0.4375	0.65625	0	144.887	232.6941	122.5925	203.0051	250.3509	100.9063
1371.233	0.02246094	0.8251953	-0.6005859	-3.5625	-0.5625	0.78125	-0.01171875	0.4111328	0.5849609	0.53125	-3.75	-3.875	0.2363281	1.180664	-0.1699219	-0.4375	0.65625	0	144.887	232.6941	122.5925	201.9892	248.0706	101.4925
1371.267	0.08007813	0.7744141	-0.5859375	-1.90625	-1.90625	0.34375	0.09179688	0.4785156	0.6679688	1.4375	0.53125	-0.4375	0.2363281	1.180664	-0.1699219	-0.4375	0.65625	0	144.887	232.6941	122.5925	201.9892	248.0706	101.4925
1371.3	0.08007813	0.7744141	-0.5859375	-1.90625	-1.90625	0.34375	0.09179688	0.4785156	0.6679688	1.4375	0.53125	-0.4375	0.1074219	1.185547	-0.1591797	0.15625	0.96875	-1.3125	144.887	232.6941	122.5925	202.0186	248.5661	101.1197
1371.334	0.08007813	0.7744141	-0.5859375	-1.90625	-1.90625	0.34375	0.09179688	0.4785156	0.6679688	1.4375	0.53125	-0.4375	0.1074219	1.185547	-0.1591797	0.15625	0.96875	-1.3125	144.887	232.6941	122.5925	202.0186	248.5661	101.1197
1371.367	0.08007813	0.7744141	-0.5859375	-1.90625	-1.90625	0.34375	0.2246094	0.3847656	0.7724609	-0.9375	1.28125	1.625	0.2929688	1.323242	-0.09375	0	0.46875	-0.0625	146.018	235.2688	122.5873	202.0186	248.5661	101.1197
1371.401	0.08007813	0.7744141	-0.5859375	-1.90625	-1.90625	0.34375	0.2246094	0.3847656	0.7724609	-0.9375	1.28125	1.625	0.2929688	1.323242	-0.09375	0	0.46875	-0.0625	146.018	235.2688	122.5873	202.652	246.9906	101.7881
1371.434	0.08007813	0.7744141	-0.5859375	-1.90625	-1.90625	0.34375	0.2246094	0.3847656	0.7724609	-0.9375	1.28125	1.625	0.2929688	1.323242	-0.09375	0	0.46875	-0.0625	146.018	235.2688	122.5873	202.652	246.9906	101.7881
1371.468	0.08007813	0.7744141	-0.5859375	-1.90625	-1.90625	0.34375	0.2246094	0.3847656	0.7724609	-0.9375	1.28125	1.625	0.2929688	1.323242	-0.09375	0	0.46875	-0.0625	146.018	235.2688	122.5873	202.652	246.9906	101.7881
1371.5	0.1503906	0.8173828	-0.4814453	1.15625	1.09375	0.34375	0.2246094	0.3847656	0.7724609	-0.9375	1.28125	1.625	0.05761719	1.277344	-0.005859375	1.3125	-1	-0.625	146.018	235.2688	122.5873	202.8792	246.2844	102.0801
1371.533	0.1503906	0.8173828	-0.4814453	1.15625	1.09375	0.34375	0.2246094	0.3847656	0.7724609	-0.9375	1.28125	1.625	0.05761719	1.277344	-0.005859375	1.3125	-1	-0.625	146.0702	234.8282	122.5128	202.8792	246.2844	102.0801
1371.567	0.1503906	0.8173828	-0.4814453	1.15625	1.09375	0.34375	0.2246094	0.3847656	0.7724609	-0.9375	1.28125	1.625	0.05761719	1.277344	-0.005859375	1.3125	-1	-0.625	146.0702	234.8282	122.5128	202.8792	246.2844	102.0801
1371.601	0.1503906	0.8173828	-0.4814453	1.15625	1.09375	0.34375	0.2246094	0.3847656	0.7724609	-0.9375	1.28125	1.625	0.08496094	1.152344	-0.140625	0.03125	0.96875	0.15625	146.0702	234.8282	122.5128	203.2768	248.1802	101.9716
1371.635	0.1503906	0.8173828	-0.4814453	1.15625	1.09375	0.34375	0.2246094	0.3847656	0.7724609	-0.9375	1.28125	1.625	0.08496094	1.152344	-0.140625	0.03125	0.96875	0.15625	145.7168	236.0439	122.6278	203.2768	248.1802	101.9716
1371.668	0.1503906	0.8173828	-0.4814453	1.15625	1.09375	0.34375	0.2246094	0.3847656	0.7724609	-0.9375	1.28125	1.625	0.2880859	1.327148	-0.1357422	0.71875	-1.125	0.53125	145.7168	236.0439	122.6278	203.2768	248.1802	101.9716
1371.701	0.07714844	0.7578125	-0.6416016	3.34375	0	-0.875	0.2246094	0.3847656	0.7724609	-0.9375	1.28125	1.625	0.2880859	1.327148	-0.1357422	0.71875	-1.125	0.53125	145.7168	236.0439	122.6278	203.1654	247.0956	101.9464
1371.734	0.07714844	0.7578125	-0.6416016	3.34375	0	-0.875	0.1230469	0.2861328	0.8408203	-0.5	0.71875	0.71875	0.2880859	1.327148	-0.1357422	0.71875	-1.125	0.53125	145.7168	236.0439	122.6278	203.1654	247.0956	101.9464
1371.767	0.07714844	0.7578125	-0.6416016	3.34375	0	-0.875	0.1230469	0.2861328	0.8408203	-0.5	0.71875	0.71875	0.01855469	1.175781	-0.1083984	0.40625	0.09375	0.65625	145.7168	236.0439	122.6278	203.642	246.5154	102.138
1371.8	0.07714844	0.7578125	-0.6416016	3.34375	0	-0.875	0.1230469	0.2861328	0.8408203	-0.5	0.71875	0.71875	0.01855469	1.175781	-0.1083984	0.40625	0.09375	0.65625	145.7168	236.0439	122.6278	203.642	246.5154	102.138
1371.834	0.07714844	0.7578125	-0.6416016	3.34375	0	-0.875	0.1230469	0.2861328	0.8408203	-0.5	0.71875	0.71875	0.01855469	1.175781	-0.1083984	0.40625	0.09375	0.65625	145.7168	236.0439	122.6278	203.642	246.5154	102.138
1371.868	0.07714844	0.7578125	-0.6416016	3.34375	0	-0.875	0.1230469	0.2861328	0.8408203	-0.5	0.71875	0.71875	0.296875	1.375977	-0.1572266	0.28125	0.15625	0.40625	145.289	234.2157	122.7636	203.642	246.5154	102.138
1371.9	0.07714844	0.7578125	-0.6416016	3.34375	0	-0.875	0.1230469	0.2861328	0.8408203	-0.5	0.71875	0.71875	0.296875	1.375977	-0.1572266	0.28125	0.15625	0.40625	145.2807	234.0786	122.6576	203.2703	247.5799	101.9192
1371.934	0.1337891	0.7353516	-0.6005859	4.125	-0.875	-0.375	0.1230469	0.2861328	0.8408203	-0.5	0.71875	0.71875	0.296875	1.375977	-0.1572266	0.28125	0.15625	0.40625	145.2807	234.0786	122.6576	203.2703	247.5799	101.9192
1371.968	0.1337891	0.7353516	-0.6005859	4.125	-0.875	-0.375	0.2011719	0.3525391	0.7861328	0.78125	0.09375	0.96875	0.02832031	1.256836	-0.01269531	0.53125	-0.5625	0.78125	145.2807	234.0786	122.6576	203.5565	247.7166	101.7654
1372	0.1337891	0.7353516	-0.6005859	4.125	-0.875	-0.375	0.2011719	0.3525391	0.7861328	0.78125	0.09375	0.96875	0.02832031	1.256836	-0.01269531	0.53125	-0.5625	0.78125	145.2807	234.0786	122.6576	203.5565	247.7166	101.7654
1372.034	0.1337891	0.7353516	-0.6005859	4.125	-0.875	-0.375	0.2011719	0.3525391	0.7861328	0.78125	0.09375	0.96875	0.02832031	1.256836	-0.01269531	0.53125	-0.5625	0.78125	145.2807	234.0786	122.6576	203.5565	247.7166	101.7654
1372.067	0.1337891	0.7353516	-0.6005859	4.125	-0.875	-0.375	0.2011719	0.3525391	0.7861328	0.78125	0.09375	0.96875	0.2734375	1.260742	-0.07519531	0.65625	-0.875	0.65625	144.9381	232.8447	123.374	202.3191	247.414	102.1385
1372.1	0.1337891	0.7353516	-0.6005859	4.125	-0.875	-0.375	0.2011719	0.3525391	0.7861328	0.78125	0.09375	0.96875	0.2734375	1.260742	-0.07519531	0.65625	-0.875	0.65625	144.9381	232.8447	123.374	202.3191	247.414	102.1385
1372.134	0.1337891	0.7353516	-0.6005859	4.125	-0.875	-0.375	0.2011719	0.3525391	0.7861328	0.78125	0.09375	0.96875	0.2734375	1.260742	-0.07519531	0.65625	-0.875	0.65625	144.9381	232.8447	123.374	202.3191	247.414	102.1385
1372.168	0.1337891	0.7353516	-0.6005859	4.125	-0.875	-0.375	0.2011719	0.3525391	0.7861328	0.78125	0.09375	0.96875	0.0078125	1.077148	-0.1494141	1.9375	-1.71875	-0.5625	144.9381	232.8447	123.374	202.3191	247.414	102.1385
1372.2	0.1074219	0.8818359	-0.5498047	3.21875	-1.90625	0.21875	0.2011719	0.3525391	0.7861328	0.78125	0.09375	0.96875	0.0078125	1.077148	-0.1494141	1.9375	-1.71875	-0.5625	144.9381	232.8447	123.374	202.4967	247.8296	101.9863
1372.236	0.1074219	0.8818359	-0.5498047	3.21875	-1.90625	0.21875	0.1738281	0.2158203	0.765625	-0.0625	-0.9375	0.03125	0.0078125	1.077148	-0.1494141	1.9375	-1.71875	-0.5625	144.9381	232.8447	123.374	202.4967	247.8296	101.9863
1372.267	0.1074219	0.8818359	-0.5498047	3.21875	-1.90625	0.21875	0.1738281	0.2158203	0.765625	-0.0625	-0.9375	0.03125	0.0703125	1.268555	-0.000976563	0.46875	0.40625	-0.5625	144.9381	232.8447	123.374	202.282	247.9657	102.0376
1372.3	0.1074219	0.8818359	-0.5498047	3.21875	-1.90625	0.21875	0.05566406	0.3994141	0.8740234	2	-0.375	-0.3125	0.0703125	1.268555	-0.000976563	0.46875	0.40625	-0.5625	145.2633	233.8687	122.8686	202.282	247.9657	102.0376
1372.333	0.1074219	0.8818359	-0.5498047	3.21875	-1.90625	0.21875	0.05566406	0.3994141	0.8740234	2	-0.375	-0.3125	0.06347656	1.123047	-0.02636719	-1	-0.1875	0.40625	145.2633	233.8687	122.8686	202.282	247.9657	102.0376
1372.367	0.1074219	0.8818359	-0.5498047	3.21875	-1.90625	0.21875	0.05566406	0.3994141	0.8740234	2	-0.375	-0.3125	0.06347656	1.123047	-0.02636719	-1	-0.1875	0.40625	145.0133	233.3017	122.876	202.8922	248.1563	101.8804
1372.4	0.1074219	0.8818359	-0.5498047	3.21875	-1.90625	0.21875	0.05566406	0.3994141	0.8740234	2	-0.375	-0.3125	0.06347656	1.123047	-0.02636719	-1	-0.1875	0.40625	145.0133	233.3017	122.876	202.8922	248.1563	101.8804
1372.434	-0.03320313	0.6982422	-0.5654297	-0.6875	-0.5	0.53125	0.05566406	0.3994141	0.8740234	2	-0.375	-0.3125	0.06347656	1.123047	-0.02636719	-1	-0.1875	0.40625	145.0133	233.3017	122.876	202.8922	248.1563	101.8804
1372.467	-0.03320313	0.6982422	-0.5654297	-0.6875	-0.5	0.53125	0.05566406	0.3994141	0.8740234	2	-0.375	-0.3125	0.1308594	1.104492	-0.046875	-0.0625	-0.9375	0.90625	145.0133	233.3017	122.876	202.6018	248.2328	101.9758
1372.5	-0.03320313	0.6982422	-0.5654297	-0.6875	-0.5	0.53125	0.1777344	0.3007813	0.6435547	0.53125	-0.3125	0.46875	0.1308594	1.104492	-0.046875	-0.0625	-0.9375	0.90625	145.0133	233.3017	122.876	202.6018	248.2328	101.9758
1372.534	-0.03320313	0.6982422	-0.5654297	-0.6875	-0.5	0.53125	0.03710938	0.3828125	0.6621094	-1.25	-1.78125	0.46875	0.1308594	1.104492	-0.046875	-0.0625	-0.9375	0.90625	145.0133	233.3017	122.876	202.6018	248.2328	101.9758
1372.567	-0.03320313	0.6982422	-0.5654297	-0.6875	-0.5	0.53125	0.03710938	0.3828125	0.6621094	-1.25	-1.78125	0.46875	0.2255859	1.179688	0.078125	0.78125	0.15625	-0.125	145.0133	233.3017	122.876	202.711	248.3044	101.9221
1372.601	-0.03320313	0.6982422	-0.5654297	-0.6875	-0.5	0.53125	0.1875	0.3945313	0.6484375	1.4375	-0.5625	0.21875	0.2255859	1.179688	0.078125	0.78125	0.15625	-0.125	145.0133	233.3017	122.876	202.711	248.3044	101.9221
1372.634	-0.03320313	0.6982422	-0.5654297	-0.6875	-0.5	0.53125	0.1875	0.3945313	0.6484375	1.4375	-0.5625	0.21875	0.1884766	1.118164	-0.02246094	-0.3125	-0.5625	-0.625	145.0133	233.3017	122.876	202.711	248.3044	101.9221
1372.667	0.06738281	0.6416016	-0.6015625	-1.25	1.4375	-0.25	0.1875	0.3945313	0.6484375	1.4375	-0.5625	0.21875	0.1884766	1.118164	-0.02246094	-0.3125	-0.5625	-0.625	145.0133	233.3017	122.876	202.5875	248.6422	101.7615
1372.7	0.06738281	0.6416016	-0.6015625	-1.25	1.4375	-0.25	0.1875	0.3945313	0.6484375	1.4375	-0.5625	0.21875	0.1884766	1.118164	-0.02246094	-0.3125	-0.5625	-0.625	145.0133	233.3017	122.876	202.5875	248.6422	101.7615
1372.733	0.06738281	0.6416016	-0.6015625	-1.25	1.4375	-0.25	0.1875	0.3945313	0.6484375	1.4375	-0.5625	0.21875	0.2353516	1.107422	-0.1132813	-0.125	-0.4375	-0.8125	145.0133	233.3017	122.876	202.9064	248.5912	101.7268
1372.767	0.06738281	0.6416016	-0.6015625	-1.25	1.4375	-0.25	0.1875	0.3945313	0.6484375	1.4375	-0.5625	0.21875	0.2353516	1.107422	-0.1132813	-0.125	-0.4375	-0.8125	145.0133	233.3017	122.876	202.9064	248.5912	101.7268
1372.8	0.06738281	0.6416016	-0.6015625	-1.25	1.4375	-0.25	0.1875	0.3945313	0.6484375	1.4375	-0.5625	0.21875	0.2353516	1.107422	-0.1132813	-0.125	-0.4375	-0.8125	145.0133	233.3017	122.876	202.9064	248.5912	101.7268
1372.834	0.06738281	0.6416016	-0.6015625	-1.25	1.4375	-0.25	0.1875	0.3945313	0.6484375	1.4375	-0.5625	0.21875	0.1162109	1.227539	0.03125	-0.125	1.5	-0.3125	145.0133	233.3017	122.876	202.9064	248.5912	101.7268
1372.867	-0.04492188	0.8125	-0.5966797	-1.0625	0.34375	-0.6875	0.1875	0.3945313	0.6484375	1.4375	-0.5625	0.21875	0.1162109	1.227539	0.03125	-0.125	1.5	-0.3125	145.4177	234.5716	122.4629	203.8895	248.2373	101.6488
1372.9	-0.04492188	0.8125	-0.5966797	-1.0625	0.34375	-0.6875	0.1875	0.3945313	0.6484375	1.4375	-0.5625	0.21875	0.1162109	1.227539	0.03125	-0.125	1.5	-0.3125	145.4177	234.5716	122.4629	203.8895	248.2373	101.6488
1372.933	-0.04492188	0.8125	-0.5966797	-1.0625	0.34375	-0.6875	0.1875	0.3945313	0.6484375	1.4375	-0.5625	0.21875	0.09960938	1.180664	-0.09082031	-0.25	-0.1875	-0.1875	145.8452	235.3687	122.5369	203.8837	248.1459	101.7241
1372.967	0.07910156	0.8818359	-0.5947266	-2.625	-0.1875	-0.9375	0.1875	0.3945313	0.6484375	1.4375	-0.5625	0.21875	0.09960938	1.180664	-0.09082031	-0.25	-0.1875	-0.1875	145.8452	235.3687	122.5369	203.8837	248.1459	101.7241
1372.999	0.07910156	0.8818359	-0.5947266	-2.625	-0.1875	-0.9375	0.1875	0.3945313	0.6484375	1.4375	-0.5625	0.21875	0.09960938	1.180664	-0.09082031	-0.25	-0.1875	-0.1875	145.8452	235.3687	122.5369	203.8837	248.1459	101.7241
1373.034	0.07910156	0.8818359	-0.5947266	-2.625	-0.1875	-0.9375	0.1787109	0.3183594	0.84375	0.40625	-1.25	-0.125	0.2519531	1.216797	-0.1347656	-0.6875	1.6875	-0.25	145.8452	235.3687	122.5369	203.7883	248.0608	101.7146
1373.067	0.07910156	0.8818359	-0.5947266	-2.625	-0.1875	-0.9375	0.1787109	0.3183594	0.84375	0.40625	-1.25	-0.125	0.2519531	1.216797	-0.1347656	-0.6875	1.6875	-0.25	145.8452	235.3687	122.5369	203.7883	248.0608	101.7146
1373.1	0.07910156	0.8818359	-0.5947266	-2.625	-0.1875	-0.9375	0.1787109	0.3183594	0.84375	0.40625	-1.25	-0.125	0.2519531	1.216797	-0.1347656	-0.6875	1.6875	-0.25	145.8452	235.3687	122.5369	203.7883	248.0608	101.7146
1373.134	0.0859375	0.7978516	-0.5634766	0.46875	-0.875	-0.875	0.0703125	0.2001953	0.8037109	-0.125	-0.0625	0.21875	0.1494141	1.205078	-0.1806641	-1.65625	0	0.78125	145.8452	235.3687	122.5369	203.7883	248.0608	101.7146
1373.167	0.0859375	0.7978516	-0.5634766	0.46875	-0.875	-0.875	0.0703125	0.2001953	0.8037109	-0.125	-0.0625	0.21875	0.1494141	1.205078	-0.1806641	-1.65625	0	0.78125	145.3876	235.0399	121.6968	203.6538	247.5114	102.0084
1373.2	0.0859375	0.7978516	-0.5634766	0.46875	-0.875	-0.875	0.0703125	0.2001953	0.8037109	-0.125	-0.0625	0.21875	0.1494141	1.205078	-0.1806641	-1.65625	0	0.78125	145.3876	235.0399	121.6968	203.6538	247.5114	102.0084
1373.234	0.0859375	0.7978516	-0.5634766	0.46875	-0.875	-0.875	0.0703125	0.2001953	0.8037109	-0.125	-0.0625	0.21875	0.140625	1.091797	-0.1201172	-0.5	0.28125	0.28125	145.3876	235.0399	121.6968	204.1952	248.1021	101.6049
1373.266	0.0859375	0.7978516	-0.5634766	0.46875	-0.875	-0.875	0.0703125	0.2001953	0.8037109	-0.125	-0.0625	0.21875	0.140625	1.091797	-0.1201172	-0.5	0.28125	0.28125	145.3876	235.0399	121.6968	204.1952	248.1021	101.6049
1373.3	0.0859375	0.7978516	-0.5634766	0.46875	-0.875	-0.875	0.0703125	0.2001953	0.8037109	-0.125	-0.0625	0.21875	0.2470703	1.313477	-0.140625	0.65625	-0.5	0.28125	145.3876	235.0399	121.6968	204.1952	248.1021	101.6049
1373.333	0.1425781	0.7480469	-0.6269531	-0.125	0.96875	-1.25	0.0703125	0.2001953	0.8037109	-0.125	-0.0625	0.21875	0.2470703	1.313477	-0.140625	0.65625	-0.5	0.28125	145.3876	235.0399	121.6968	204.5487	248.4532	101.3048
1373.366	0.1425781	0.7480469	-0.6269531	-0.125	0.96875	-1.25	0.0703125	0.2001953	0.8037109	-0.125	-0.0625	0.21875	0.2470703	1.313477	-0.140625	0.65625	-0.5	0.28125	145.3876	235.0399	121.6968	204.5487	248.4532	101.3048
1373.4	0.1425781	0.7480469	-0.6269531	-0.125	0.96875	-1.25	0.1650391	0.2236328	0.8310547	-0.5625	0.03125	0.78125	0.2470703	1.313477	-0.140625	0.65625	-0.5	0.28125	145.3876	235.0399	121.6968	204.5487	248.4532	101.3048
1373.433	-0.02050781	0.796875	-0.5097656	0.96875	-0.375	-0.0625	0.1650391	0.2236328	0.8310547	-0.5625	0.03125	0.78125	0.2060547	1.074219	-0.3232422	0.65625	-0.375	1.03125	145.3876	235.0399	121.6968	204.6964	248.7024	101.2597
1373.467	-0.02050781	0.796875	-0.5097656	0.96875	-0.375	-0.0625	0.1650391	0.2236328	0.8310547	-0.5625	0.03125	0.78125	0.2060547	1.074219	-0.3232422	0.65625	-0.375	1.03125	145.3876	235.0399	121.6968	204.6964	248.7024	101.2597
1373.5	-0.02050781	0.796875	-0.5097656	0.96875	-0.375	-0.0625	0.1650391	0.2236328	0.8310547	-0.5625	0.03125	0.78125	0.3564453	0.9775391	-0.1630859	1.375	2.5625	-1.0625	145.3876	235.0399	121.6968	204.6964	248.7024	101.2597
1373.533	-0.02050781	0.796875	-0.5097656	0.96875	-0.375	-0.0625	0.1650391	0.2236328	0.8310547	-0.5625	0.03125	0.78125	0.3564453	0.9775391	-0.1630859	1.375	2.5625	-1.0625	145.3876	235.0399	121.6968	204.826	247.9075	101.5934
1373.566	-0.02050781	0.796875	-0.5097656	0.96875	-0.375	-0.0625	0.1650391	0.2236328	0.8310547	-0.5625	0.03125	0.78125	0.3564453	0.9775391	-0.1630859	1.375	2.5625	-1.0625	145.3876	235.0399	121.6968	204.826	247.9075	101.5934
1373.6	-0.02050781	0.796875	-0.5097656	0.96875	-0.375	-0.0625	0.1650391	0.2236328	0.8310547	-0.5625	0.03125	0.78125	0.3632813	1.273438	0.1132813	-0.125	-1.84375	1.75	145.3876	235.0399	121.6968	204.826	247.9075	101.5934
1373.633	-0.02050781	0.796875	-0.5097656	0.96875	-0.375	-0.0625	0.1650391	0.2236328	0.8310547	-0.5625	0.03125	0.78125	0.3632813	1.273438	0.1132813	-0.125	-1.84375	1.75	145.3876	235.0399	121.6968	204.5784	247.7993	101.6642
1373.666	-0.02050781	0.796875	-0.5097656	0.96875	-0.375	-0.0625	0.1650391	0.2236328	0.8310547	-0.5625	0.03125	0.78125	0.3632813	1.273438	0.1132813	-0.125	-1.84375	1.75	145.3876	235.0399	121.6968	204.5784	247.7993	101.6642
1373.699	-0.02050781	0.796875	-0.5097656	0.96875	-0.375	-0.0625	0.1650391	0.2236328	0.8310547	-0.5625	0.03125	0.78125	0.3632813	1.273438	0.1132813	-0.125	-1.84375	1.75	145.3876	235.0399	121.6968	204.5784	247.7993	101.6642
1373.734	-0.02050781	0.796875	-0.5097656	0.96875	-0.375	-0.0625	0.1650391	0.2236328	0.8310547	-0.5625	0.03125	0.78125	-0.00390625	1.170898	-0.0703125	-0.25	2.84375	-1.25	145.3876	235.0399	121.6968	204.6043	248.8364	101.1349
1373.766	-0.02050781	0.796875	-0.5097656	0.96875	-0.375	-0.0625	0.2060547	0.2324219	0.7753906	2.25	-0.4375	-0.0625	-0.00390625	1.170898	-0.0703125	-0.25	2.84375	-1.25	145.8532	235.9513	121.2802	204.6043	248.8364	101.1349
1373.799	-0.02050781	0.796875	-0.5097656	0.96875	-0.375	-0.0625	0.2060547	0.2324219	0.7753906	2.25	-0.4375	-0.0625	0.3632813	1.132813	-0.1806641	0	0.34375	0.59375	145.8532	235.9513	121.2802	204.6201	248.2002	101.6207
1373.832	-0.02050781	0.796875	-0.5097656	0.96875	-0.375	-0.0625	0.2060547	0.2324219	0.7753906	2.25	-0.4375	-0.0625	0.3632813	1.132813	-0.1806641	0	0.34375	0.59375	145.9872	235.9862	121.6225	204.6201	248.2002	101.6207
1373.866	-0.02050781	0.796875	-0.5097656	0.96875	-0.375	-0.0625	0.2060547	0.2324219	0.7753906	2.25	-0.4375	-0.0625	0.3632813	1.132813	-0.1806641	0	0.34375	0.59375	145.9872	235.9862	121.6225	204.6201	248.2002	101.6207
1373.899	-0.02050781	0.796875	-0.5097656	0.96875	-0.375	-0.0625	0.2060547	0.2324219	0.7753906	2.25	-0.4375	-0.0625	0.3046875	1.09668	-0.04296875	-0.625	0.71875	1.3125	145.9872	235.9862	121.6225	204.7274	247.2297	102.0717
1373.933	-0.02050781	0.796875	-0.5097656	0.96875	-0.375	-0.0625	0.2060547	0.2324219	0.7753906	2.25	-0.4375	-0.0625	0.3046875	1.09668	-0.04296875	-0.625	0.71875	1.3125	145.9872	235.9862	121.6225	204.7274	247.2297	102.0717
1373.966	-0.02050781	0.796875	-0.5097656	0.96875	-0.375	-0.0625	0.2060547	0.2324219	0.7753906	2.25	-0.4375	-0.0625	0.3046875	1.09668	-0.04296875	-0.625	0.71875	1.3125	145.9872	235.9862	121.6225	204.7274	247.2297	102.0717
1373.999	-0.02050781	0.796875	-0.5097656	0.96875	-0.375	-0.0625	0.2060547	0.2324219	0.7753906	2.25	-0.4375	-0.0625	0.3730469	1.320313	-0.08886719	-0.375	-2.34375	-0.4375	145.5677	234.9234	122.7935	204.7274	247.2297	102.0717
1374.033	-0.02050781	0.796875	-0.5097656	0.96875	-0.375	-0.0625	0.15625	0.4160156	0.8457031	-0.875	-1.90625	1.15625	0.3730469	1.320313	-0.08886719	-0.375	-2.34375	-0.4375	145.5677	234.9234	122.7935	203.9063	246.7483	102.0594
1374.066	-0.02050781	0.796875	-0.5097656	0.96875	-0.375	-0.0625	0.15625	0.4160156	0.8457031	-0.875	-1.90625	1.15625	0.3730469	1.320313	-0.08886719	-0.375	-2.34375	-0.4375	145.5677	234.9234	122.7935	203.9063	246.7483	102.0594
1374.099	-0.02050781	0.796875	-0.5097656	0.96875	-0.375	-0.0625	0.15625	0.4160156	0.8457031	-0.875	-1.90625	1.15625	0.1621094	1.366211	-0.0625	-1.25	9.8125	-2.6875	145.5677	234.9234	122.7935	204.149	246.5527	101.9249
1374.132	0.05859375	0.7636719	-0.625	0.03125	0.78125	2.125	0.15625	0.4160156	0.8457031	-0.875	-1.90625	1.15625	0.1621094	1.366211	-0.0625	-1.25	9.8125	-2.6875	145.5677	234.9234	122.7935	204.149	246.5527	101.9249
1374.186	0.05859375	0.7636719	-0.625	0.03125	0.78125	2.125	0.15625	0.4160156	0.8457031	-0.875	-1.90625	1.15625	0.1621094	1.366211	-0.0625	-1.25	9.8125	-2.6875	145.5677	234.9234	122.7935	204.149	246.5527	101.9249
1374.187	0.05859375	0.7636719	-0.625	0.03125	0.78125	2.125	0.15625	0.4160156	0.8457031	-0.875	-1.90625	1.15625	0.1621094	1.366211	-0.0625	-1.25	9.8125	-2.6875	145.5677	234.9234	122.7935	204.149	246.5527	101.9249
1374.216	0.05859375	0.7636719	-0.625	0.03125	0.78125	2.125	0.1835938	0.3974609	0.7792969	1.8125	0.53125	0.78125	0.1865234	1.188477	-0.1328125	0.40625	-1.53125	-1.25	145.9104	235.5136	123.0802	202.5276	245.6788	101.9899
1374.249	0.05859375	0.7636719	-0.625	0.03125	0.78125	2.125	0.1835938	0.3974609	0.7792969	1.8125	0.53125	0.78125	0.1513672	1.141602	-0.1513672	-0.5	8.71875	-1.1875	146.1841	236.0993	122.8391	202.2712	244.8767	102.2449
1374.282	0.2304688	0.6318359	-0.4980469	-2.59375	0.46875	1.21875	0.1835938	0.3974609	0.7792969	1.8125	0.53125	0.78125	0.1513672	1.141602	-0.1513672	-0.5	8.71875	-1.1875	146.1841	236.0993	122.8391	202.2712	244.8767	102.2449
1374.316	0.2304688	0.6318359	-0.4980469	-2.59375	0.46875	1.21875	0.08984375	0.3564453	0.8769531	-1.34375	-1.84375	1.5625	0.1513672	1.141602	-0.1513672	-0.5	8.71875	-1.1875	146.1841	236.0993	122.8391	202.2712	244.8767	102.2449
1374.349	0.2304688	0.6318359	-0.4980469	-2.59375	0.46875	1.21875	0.08984375	0.3564453	0.8769531	-1.34375	-1.84375	1.5625	0.1513672	1.141602	-0.1513672	-0.5	8.71875	-1.1875	146.1841	236.0993	122.8391	201.9887	240.7954	103.1713
1374.382	0.2304688	0.6318359	-0.4980469	-2.59375	0.46875	1.21875	0.08984375	0.3564453	0.8769531	-1.34375	-1.84375	1.5625	0.2255859	0.9345703	-0.2949219	19.9375	13.96875	8.09375	146.1841	236.0993	122.8391	201.9887	240.7954	103.1713
1374.416	0.2304688	0.6318359	-0.4980469	-2.59375	0.46875	1.21875	0.08984375	0.3564453	0.8769531	-1.34375	-1.84375	1.5625	0.2255859	0.9345703	-0.2949219	19.9375	13.96875	8.09375	146.1841	236.0993	122.8391	201.9887	240.7954	103.1713
1374.45	0.2304688	0.6318359	-0.4980469	-2.59375	0.46875	1.21875	0.08984375	0.3564453	0.8769531	-1.34375	-1.84375	1.5625	0.2255859	0.9345703	-0.2949219	19.9375	13.96875	8.09375	146.1841	236.0993	122.8391	203.6771	236.9311	106.1141
1374.483	0.07519531	0.8378906	-0.5791016	0.03125	-1.59375	2.3125	0.08984375	0.3564453	0.8769531	-1.34375	-1.84375	1.5625	0.2197266	1.022461	-0.7841797	9.25	-18.5	36.96875	146.1841	236.0993	122.8391	203.6771	236.9311	106.1141
1374.517	0.109375	0.8066406	-0.5996094	2.125	-0.25	2.59375	0.1376953	0.3945313	0.71875	-0.0625	0.46875	0.15625	0.2197266	1.022461	-0.7841797	9.25	-18.5	36.96875	146.1841	236.0993	122.8391	203.6771	236.9311	106.1141
1374.549	0.109375	0.8066406	-0.5996094	2.125	-0.25	2.59375	0.1376953	0.3945313	0.71875	-0.0625	0.46875	0.15625	-0.1103516	1.158203	-0.2539063	13.71875	26.40625	-71.3125	146.1841	236.0993	122.8391	211.4305	237.6362	108.9415
1374.582	0.109375	0.8066406	-0.5996094	2.125	-0.25	2.59375	0.1376953	0.3945313	0.71875	-0.0625	0.46875	0.15625	-0.1103516	1.158203	-0.2539063	13.71875	26.40625	-71.3125	146.1841	236.0993	122.8391	211.4305	237.6362	108.9415
1374.616	0.109375	0.8066406	-0.5996094	2.125	-0.25	2.59375	0.1376953	0.3945313	0.71875	-0.0625	0.46875	0.15625	-0.1103516	1.158203	-0.2539063	13.71875	26.40625	-71.3125	146.1841	236.0993	122.8391	211.4305	237.6362	108.9415
1374.649	0.109375	0.8066406	-0.5996094	2.125	-0.25	2.59375	0.1376953	0.3945313	0.71875	-0.0625	0.46875	0.15625	-0.1103516	1.158203	-0.2539063	13.71875	26.40625	-71.3125	146.1841	236.0993	122.8391	211.7948	235.7317	112.1581
1374.683	0.109375	0.8066406	-0.5996094	2.125	-0.25	2.59375	0.1376953	0.3945313	0.71875	-0.0625	0.46875	0.15625	0.2763672	1.200195	-0.3457031	28	-35.15625	-10.34375	146.1841	236.0993	122.8391	211.7948	235.7317	112.1581
1374.715	0.109375	0.8066406	-0.5996094	2.125	-0.25	2.59375	0.1337891	0.4970703	0.6796875	2.71875	8.09375	2.0625	0.2763672	1.200195	-0.3457031	28	-35.15625	-10.34375	146.1841	236.0993	122.8391	211.7948	235.7317	112.1581
1374.749	0.109375	0.8066406	-0.5996094	2.125	-0.25	2.59375	0.1337891	0.4970703	0.6796875	2.71875	8.09375	2.0625	0.3662109	1.097656	-0.296875	20.625	-41.6875	0.28125	146.9122	232.1873	122.4765	212.7284	237.5361	114.1353
1374.782	0.07714844	0.7441406	-0.6757813	35.5	-10.15625	4.875	0.1337891	0.4970703	0.6796875	2.71875	8.09375	2.0625	0.3662109	1.097656	-0.296875	20.625	-41.6875	0.28125	146.9122	232.1873	122.4765	212.7284	237.5361	114.1353
1374.818	0.07714844	0.7441406	-0.6757813	35.5	-10.15625	4.875	0.1337891	0.4970703	0.6796875	2.71875	8.09375	2.0625	0.3662109	1.097656	-0.296875	20.625	-41.6875	0.28125	146.9122	232.1873	122.4765	212.7284	237.5361	114.1353
1374.849	0.07714844	0.7441406	-0.6757813	35.5	-10.15625	4.875	0.1337891	0.4970703	0.6796875	2.71875	8.09375	2.0625	-0.03125	1.267578	-0.02636719	44.78125	-16.8125	-19.1875	146.9122	232.1873	122.4765	210.1116	233.8767	115.2735
1374.882	0.07714844	0.7441406	-0.6757813	35.5	-10.15625	4.875	0.1337891	0.4970703	0.6796875	2.71875	8.09375	2.0625	-0.03125	1.267578	-0.02636719	44.78125	-16.8125	-19.1875	146.9122	232.1873	122.4765	210.1116	233.8767	115.2735
1374.915	0.07714844	0.7441406	-0.6757813	35.5	-10.15625	4.875	0.1337891	0.4970703	0.6796875	2.71875	8.09375	2.0625	-0.03125	1.267578	-0.02636719	44.78125	-16.8125	-19.1875	146.9122	232.1873	122.4765	210.1116	233.8767	115.2735
1374.948	0.07714844	0.7441406	-0.6757813	35.5	-10.15625	4.875	0.1337891	0.4970703	0.6796875	2.71875	8.09375	2.0625	-0.1201172	1.999023	-0.04003906	65.0625	-6	-82.28125	148.1812	227.9754	121.5648	207.6168	228.0221	118.2288
1374.982	0.07714844	0.7441406	-0.6757813	35.5	-10.15625	4.875	0.1435547	0.5039063	1.186523	13.96875	-3.90625	-26.1875	-0.1201172	1.999023	-0.04003906	65.0625	-6	-82.28125	148.1812	227.9754	121.5648	207.6168	228.0221	118.2288
1375.015	0.05859375	0.5810547	-0.7167969	96.78125	-9.65625	11.28125	0.1435547	0.5039063	1.186523	13.96875	-3.90625	-26.1875	-0.1201172	1.999023	-0.04003906	65.0625	-6	-82.28125	148.1812	227.9754	121.5648	207.6168	228.0221	118.2288
1375.049	0.05859375	0.5810547	-0.7167969	96.78125	-9.65625	11.28125	0.1435547	0.5039063	1.186523	13.96875	-3.90625	-26.1875	-0.5019531	1.226563	0.5996094	-162.5625	-80.03125	-2.8125	148.1812	227.9754	121.5648	204.2282	232.0105	113.4608
1375.083	0.05859375	0.5810547	-0.7167969	96.78125	-9.65625	11.28125	0.1435547	0.5039063	1.186523	13.96875	-3.90625	-26.1875	-0.5019531	1.226563	0.5996094	-162.5625	-80.03125	-2.8125	148.1812	227.9754	121.5648	204.2282	232.0105	113.4608
1375.116	0.2011719	0.5615234	-1.206055	113.875	41.5	10.71875	0.1435547	0.5039063	1.186523	13.96875	-3.90625	-26.1875	-0.5019531	1.226563	0.5996094	-162.5625	-80.03125	-2.8125	148.1812	227.9754	121.5648	204.2282	232.0105	113.4608
1375.148	0.2011719	0.5615234	-1.206055	113.875	41.5	10.71875	0.1435547	0.5039063	1.186523	13.96875	-3.90625	-26.1875	-0.2265625	1.178711	-1.084961	-173.3438	15.625	-8.4375	147.5776	230.7635	124.7905	202.816	258.5918	99.26293
1375.181	0.2011719	0.5615234	-1.206055	113.875	41.5	10.71875	0.1435547	0.5039063	1.186523	13.96875	-3.90625	-26.1875	-0.2265625	1.178711	-1.084961	-173.3438	15.625	-8.4375	147.5776	230.7635	124.7905	202.816	258.5918	99.26293
1375.215	0.2011719	0.5615234	-1.206055	113.875	41.5	10.71875	0.1435547	0.5039063	1.186523	13.96875	-3.90625	-26.1875	-0.08203125	-0.4199219	-1.935547	67.5625	-27.40625	159.9688	151.0127	233.0821	130.6414	202.816	258.5918	99.26293
1375.248	0.2011719	0.5615234	-1.206055	113.875	41.5	10.71875	0.1435547	0.5039063	1.186523	13.96875	-3.90625	-26.1875	-0.08203125	-0.4199219	-1.935547	67.5625	-27.40625	159.9688	151.0127	233.0821	130.6414	211.2953	246.4601	106.227
1375.282	0.2011719	0.5615234	-1.206055	113.875	41.5	10.71875	0.2597656	0.6386719	0.4667969	96.3125	-16.4375	-33.15625	-0.08203125	-0.4199219	-1.935547	67.5625	-27.40625	159.9688	151.0127	233.0821	130.6414	211.2953	246.4601	106.227
1375.315	0.2011719	0.5615234	-1.206055	113.875	41.5	10.71875	0.2597656	0.6386719	0.4667969	96.3125	-16.4375	-33.15625	-0.08203125	-0.4199219	-1.935547	67.5625	-27.40625	159.9688	151.0127	233.0821	130.6414	211.2953	246.4601	106.227
1375.348	0.2011719	0.5615234	-1.206055	113.875	41.5	10.71875	0.2597656	0.6386719	0.4667969	96.3125	-16.4375	-33.15625	-1.03418	0.6474609	-1.194336	377.8438	205.25	80.4375	151.0127	233.0821	130.6414	201.2615	220.0988	120.6769
1375.383	0.2011719	0.5615234	-1.206055	113.875	41.5	10.71875	0.2597656	0.6386719	0.4667969	96.3125	-16.4375	-33.15625	-1.03418	0.6474609	-1.194336	377.8438	205.25	80.4375	151.0127	233.0821	130.6414	201.2615	220.0988	120.6769
1375.416	0.2011719	0.5615234	-1.206055	113.875	41.5	10.71875	1.367188	1.216797	1.37793	72.4375	-40.84375	-2.21875	0.2021484	1.164063	-0.1689453	100.75	65.96875	-105.9688	151.0127	233.0821	130.6414	201.2615	220.0988	120.6769
1375.448	0.2011719	0.5615234	-1.206055	113.875	41.5	10.71875	1.367188	1.216797	1.37793	72.4375	-40.84375	-2.21875	0.2021484	1.164063	-0.1689453	100.75	65.96875	-105.9688	151.0127	233.0821	130.6414	213.6548	216.5796	127.3703
1375.481	0.2011719	0.5615234	-1.206055	113.875	41.5	10.71875	1.367188	1.216797	1.37793	72.4375	-40.84375	-2.21875	0.2021484	1.164063	-0.1689453	100.75	65.96875	-105.9688	151.0127	233.0821	130.6414	213.6548	216.5796	127.3703
1375.515	0.2011719	0.5615234	-1.206055	113.875	41.5	10.71875	1.367188	1.216797	1.37793	72.4375	-40.84375	-2.21875	0.5390625	1.193359	-0.4550781	70.90625	-10.75	13.84375	151.0127	233.0821	130.6414	213.6548	216.5796	127.3703
1375.549	0.3769531	0.9042969	-0.7529297	-27.65625	17.0625	-19.84375	1.367188	1.216797	1.37793	72.4375	-40.84375	-2.21875	0.5390625	1.193359	-0.4550781	70.90625	-10.75	13.84375	151.0127	233.0821	130.6414	211.5599	212.1732	131.1179
1375.582	0.3769531	0.9042969	-0.7529297	-27.65625	17.0625	-19.84375	1.367188	1.216797	1.37793	72.4375	-40.84375	-2.21875	0.5390625	1.193359	-0.4550781	70.90625	-10.75	13.84375	151.0127	233.0821	130.6414	211.5599	212.1732	131.1179
1375.615	-0.1777344	0.1806641	-0.3710938	-53.71875	17.375	-4.90625	1.367188	1.216797	1.37793	72.4375	-40.84375	-2.21875	0.5390625	1.193359	-0.4550781	70.90625	-10.75	13.84375	151.0127	233.0821	130.6414	211.5599	212.1732	131.1179
1375.648	-0.1777344	0.1806641	-0.3710938	-53.71875	17.375	-4.90625	1.367188	1.216797	1.37793	72.4375	-40.84375	-2.21875	0.3203125	1.999023	0.1962891	155.1875	-56.59375	-8.6875	151.0977	224.8953	150.7452	200.9827	214.8138	149.2751
1375.682	-0.1777344	0.1806641	-0.3710938	-53.71875	17.375	-4.90625	1.367188	1.216797	1.37793	72.4375	-40.84375	-2.21875	0.3203125	1.999023	0.1962891	155.1875	-56.59375	-8.6875	151.0977	224.8953	150.7452	200.9827	214.8138	149.2751
1375.715	-0.1777344	0.1806641	-0.3710938	-53.71875	17.375	-4.90625	1.367188	1.216797	1.37793	72.4375	-40.84375	-2.21875	0.3818359	1.999023	-0.8964844	286.1875	-170.7813	23.125	149.9349	226.6728	148.793	200.9827	214.8138	149.2751
1375.748	-0.1777344	0.1806641	-0.3710938	-53.71875	17.375	-4.90625	1.367188	1.216797	1.37793	72.4375	-40.84375	-2.21875	0.3818359	1.999023	-0.8964844	286.1875	-170.7813	23.125	149.9349	226.6728	148.793	201.5941	206.1448	165.6287
1375.781	-0.1777344	0.1806641	-0.3710938	-53.71875	17.375	-4.90625	1.367188	1.216797	1.37793	72.4375	-40.84375	-2.21875	0.3818359	1.999023	-0.8964844	286.1875	-170.7813	23.125	149.9349	226.6728	148.793	201.5941	206.1448	165.6287
1375.815	-0.1777344	0.1806641	-0.3710938	-53.71875	17.375	-4.90625	1.367188	1.216797	1.37793	72.4375	-40.84375	-2.21875	0.07226563	1.5625	0.4912109	-97.5	-225.6563	-92.78125	149.9349	226.6728	148.793	201.5941	206.1448	165.6287
1375.849	0.06347656	1.151367	-0.5517578	-11.4375	-20.9375	16.71875	1.367188	1.216797	1.37793	72.4375	-40.84375	-2.21875	0.07226563	1.5625	0.4912109	-97.5	-225.6563	-92.78125	149.9349	226.6728	148.793	201.571	209.2764	165.1723
1375.882	0.06347656	1.151367	-0.5517578	-11.4375	-20.9375	16.71875	1.367188	1.216797	1.37793	72.4375	-40.84375	-2.21875	0.07226563	1.5625	0.4912109	-97.5	-225.6563	-92.78125	149.9349	226.6728	148.793	201.571	209.2764	165.1723
1375.915	0.06347656	1.151367	-0.5517578	-11.4375	-20.9375	16.71875	1.367188	1.216797	1.37793	72.4375	-40.84375	-2.21875	0.4599609	0.9267578	-1.692383	-487	119.9688	39.21875	149.9349	226.6728	148.793	198.9151	230.9129	128.4858
1375.948	0.06347656	1.151367	-0.5517578	-11.4375	-20.9375	16.71875	1.367188	1.216797	1.37793	72.4375	-40.84375	-2.21875	0.4599609	0.9267578	-1.692383	-487	119.9688	39.21875	162.2272	241.6324	165.0564	198.9151	230.9129	128.4858
1375.981	0.06347656	1.151367	-0.5517578	-11.4375	-20.9375	16.71875	1.367188	1.216797	1.37793	72.4375	-40.84375	-2.21875	0.4599609	0.9267578	-1.692383	-487	119.9688	39.21875	162.2272	241.6324	165.0564	198.9151	230.9129	128.4858
1376.015	0.06347656	1.151367	-0.5517578	-11.4375	-20.9375	16.71875	1.367188	1.216797	1.37793	72.4375	-40.84375	-2.21875	-0.2314453	-1.225586	-2	526.3438	-128.25	-315.75	162.2272	241.6324	165.0564	198.013	217.8981	126.9968
1376.048	0.06347656	1.151367	-0.5517578	-11.4375	-20.9375	16.71875	1.367188	1.216797	1.37793	72.4375	-40.84375	-2.21875	-0.2314453	-1.225586	-2	526.3438	-128.25	-315.75	162.2272	241.6324	165.0564	198.013	217.8981	126.9968
1376.081	0.06347656	1.151367	-0.5517578	-11.4375	-20.9375	16.71875	-0.2626953	0.8583984	0.09667969	123.875	-20.53125	-22.96875	-0.2314453	-1.225586	-2	526.3438	-128.25	-315.75	162.2272	241.6324	165.0564	198.013	217.8981	126.9968
1376.115	0.1376953	0.6767578	-0.3945313	-15.03125	-38.15625	27.09375	-0.2626953	0.8583984	0.09667969	123.875	-20.53125	-22.96875	0.2988281	1.760742	-1.200195	213.9688	68.78125	15.65625	172.4255	252.0067	188.197	183.1128	188.5831	180.2923
1376.148	0.1376953	0.6767578	-0.3945313	-15.03125	-38.15625	27.09375	-0.2626953	0.8583984	0.09667969	123.875	-20.53125	-22.96875	0.2988281	1.760742	-1.200195	213.9688	68.78125	15.65625	172.4255	252.0067	188.197	183.1128	188.5831	180.2923
1376.181	0.1376953	0.6767578	-0.3945313	-15.03125	-38.15625	27.09375	-0.2626953	0.8583984	0.09667969	123.875	-20.53125	-22.96875	0.2988281	1.760742	-1.200195	213.9688	68.78125	15.65625	172.4255	252.0067	188.197	183.1128	188.5831	180.2923
1376.214	0.1376953	0.6767578	-0.3945313	-15.03125	-38.15625	27.09375	-0.2626953	0.8583984	0.09667969	123.875	-20.53125	-22.96875	0.2988281	1.760742	-1.200195	213.9688	68.78125	15.65625	174.1878	253.7712	191.5138	183.1128	188.5831	180.2923
1376.248	0.1376953	0.6767578	-0.3945313	-15.03125	-38.15625	27.09375	-0.2626953	0.8583984	0.09667969	123.875	-20.53125	-22.96875	0.9091797	1.375977	-1.095703	110.4063	-30.96875	13.96875	174.1878	253.7712	191.5138	185.7273	176.3717	200.17
1376.281	0.1376953	0.6767578	-0.3945313	-15.03125	-38.15625	27.09375	0.6582031	1.761719	0.08984375	-107.6875	-3.6875	-29.875	0.9091797	1.375977	-1.095703	110.4063	-30.96875	13.96875	174.1878	253.7712	191.5138	185.7273	176.3717	200.17
1376.316	0.1376953	0.6767578	-0.3945313	-15.03125	-38.15625	27.09375	0.6582031	1.761719	0.08984375	-107.6875	-3.6875	-29.875	-0.1904297	1.999023	0.2880859	204.2188	-175.375	74.5625	174.1878	253.7712	191.5138	178.5354	173.171	202.1269
1376.349	0.1376953	0.6767578	-0.3945313	-15.03125	-38.15625	27.09375	0.6582031	1.761719	0.08984375	-107.6875	-3.6875	-29.875	-0.1904297	1.999023	0.2880859	204.2188	-175.375	74.5625	174.1878	253.7712	191.5138	178.5354	173.171	202.1269
1376.381	0.1376953	0.6767578	-0.3945313	-15.03125	-38.15625	27.09375	0.6582031	1.761719	0.08984375	-107.6875	-3.6875	-29.875	-0.1904297	1.999023	0.2880859	204.2188	-175.375	74.5625	174.1878	253.7712	191.5138	178.5354	173.171	202.1269
1376.415	0.1376953	0.6767578	-0.3945313	-15.03125	-38.15625	27.09375	0.6582031	1.761719	0.08984375	-107.6875	-3.6875	-29.875	-0.1904297	1.999023	0.2880859	204.2188	-175.375	74.5625	174.1878	253.7712	191.5138	182.4991	190.659	209.8519
1376.448	-0.08105469	0.9570313	-0.6064453	-13.1875	52.65625	-20.34375	0.6582031	1.761719	0.08984375	-107.6875	-3.6875	-29.875	1.999023	1.999023	-1.256836	214.9375	-203.875	131.3438	174.1878	253.7712	191.5138	182.4991	190.659	209.8519
1376.481	-0.08105469	0.9570313	-0.6064453	-13.1875	52.65625	-20.34375	-0.7304688	0.2636719	-1.692383	-150.2813	23.1875	84.875	1.999023	1.999023	-1.256836	214.9375	-203.875	131.3438	174.1878	253.7712	191.5138	182.4991	190.659	209.8519
1376.515	-0.08105469	0.9570313	-0.6064453	-13.1875	52.65625	-20.34375	-0.7304688	0.2636719	-1.692383	-150.2813	23.1875	84.875	0.6845703	0.7714844	-0.6904297	-282.5938	-155.8438	66.4375	164.694	239.526	162.3411	174.1037	183.0758	204.4597
1376.548	-0.08105469	0.9570313	-0.6064453	-13.1875	52.65625	-20.34375	-0.7304688	0.2636719	-1.692383	-150.2813	23.1875	84.875	0.6845703	0.7714844	-0.6904297	-282.5938	-155.8438	66.4375	164.694	239.526	162.3411	174.1037	183.0758	204.4597
1376.58	-0.08105469	0.9570313	-0.6064453	-13.1875	52.65625	-20.34375	-0.7304688	0.2636719	-1.692383	-150.2813	23.1875	84.875	0.6845703	0.7714844	-0.6904297	-282.5938	-155.8438	66.4375	164.694	239.526	162.3411	174.1037	183.0758	204.4597
1376.616	0.2089844	-0.09960938	-0.6308594	-37.125	-0.0625	15.5625	-0.7304688	0.2636719	-1.692383	-150.2813	23.1875	84.875	-0.7294922	1.772461	-2	-377.875	66.5625	-105.8438	164.694	239.526	162.3411	186.8608	192.6241	138.4836
1376.648	0.2089844	-0.09960938	-0.6308594	-37.125	-0.0625	15.5625	-0.7304688	0.2636719	-1.692383	-150.2813	23.1875	84.875	-0.7294922	1.772461	-2	-377.875	66.5625	-105.8438	164.694	239.526	162.3411	186.8608	192.6241	138.4836
1376.681	0.2089844	-0.09960938	-0.6308594	-37.125	-0.0625	15.5625	1.255859	0.9033203	-0.1220703	111.6875	-81.5	-30.34375	-0.7294922	1.772461	-2	-377.875	66.5625	-105.8438	164.694	239.526	162.3411	186.8608	192.6241	138.4836
1376.714	0.2089844	-0.09960938	-0.6308594	-37.125	-0.0625	15.5625	1.255859	0.9033203	-0.1220703	111.6875	-81.5	-30.34375	-1.094727	-1.78418	-2	380.1875	145.25	24.03125	164.694	239.526	162.3411	192.5012	202.7563	111.3433
1376.747	-0.2851563	1.999023	-0.7871094	37.46875	18.34375	-6.5	1.255859	0.9033203	-0.1220703	111.6875	-81.5	-30.34375	-1.094727	-1.78418	-2	380.1875	145.25	24.03125	162.6172	236.5245	186.3446	192.5012	202.7563	111.3433
1376.781	-0.2851563	1.999023	-0.7871094	37.46875	18.34375	-6.5	1.277344	1.181641	-0.8408203	136.1563	-121.1563	-55.5625	-0.01464844	1.837891	-2	251.9375	140.625	71.34375	162.6172	236.5245	186.3446	192.5012	202.7563	111.3433
1376.814	-0.2851563	1.999023	-0.7871094	37.46875	18.34375	-6.5	1.277344	1.181641	-0.8408203	136.1563	-121.1563	-55.5625	-0.01464844	1.837891	-2	251.9375	140.625	71.34375	162.6172	236.5245	186.3446	159.7452	168.2161	148.0655
1376.848	-0.2851563	1.999023	-0.7871094	37.46875	18.34375	-6.5	1.277344	1.181641	-0.8408203	136.1563	-121.1563	-55.5625	-0.01464844	1.837891	-2	251.9375	140.625	71.34375	162.6172	236.5245	186.3446	159.7452	168.2161	148.0655
1376.88	-0.2851563	1.999023	-0.7871094	37.46875	18.34375	-6.5	1.277344	1.181641	-0.8408203	136.1563	-121.1563	-55.5625	-0.01464844	1.837891	-2	251.9375	140.625	71.34375	162.6172	236.5245	186.3446	159.7452	168.2161	148.0655
1376.914	-0.2851563	1.999023	-0.7871094	37.46875	18.34375	-6.5	-0.6298828	1.199219	1.801758	130.7188	7	-16.5625	-0.01464844	1.837891	-2	251.9375	140.625	71.34375	162.6172	236.5245	186.3446	159.7452	168.2161	148.0655
1376.948	-0.2851563	1.999023	-0.7871094	37.46875	18.34375	-6.5	-0.6298828	1.199219	1.801758	130.7188	7	-16.5625	-0.01464844	1.837891	-2	251.9375	140.625	71.34375	162.6172	236.5245	186.3446	163.1133	173.6474	172.31
1376.98	0.2041016	0.3535156	-0.2021484	-80.8125	-54.6875	-55.125	-0.6298828	1.199219	1.801758	130.7188	7	-16.5625	1.21582	1.791016	-0.1894531	-62.6875	-14.59375	2.71875	162.6172	236.5245	186.3446	163.1133	173.6474	172.31
1377.014	0.2041016	0.3535156	-0.2021484	-80.8125	-54.6875	-55.125	-0.6298828	1.199219	1.801758	130.7188	7	-16.5625	1.21582	1.791016	-0.1894531	-62.6875	-14.59375	2.71875	162.6172	236.5245	186.3446	160.6696	173.7348	180.9218
1377.047	-0.4941406	1.999023	-0.5458984	338.5	40.4375	78.28125	-0.4453125	1.761719	-0.8164063	-147.4688	74.625	42.59375	1.21582	1.791016	-0.1894531	-62.6875	-14.59375	2.71875	162.6172	236.5245	186.3446	160.6696	173.7348	180.9218
1377.08	-0.4941406	1.999023	-0.5458984	338.5	40.4375	78.28125	-0.4453125	1.761719	-0.8164063	-147.4688	74.625	42.59375	0.1474609	1.008789	-0.4511719	102.7188	-116.8438	13.34375	162.6172	236.5245	186.3446	160.6696	173.7348	180.9218
1377.114	-0.4941406	1.999023	-0.5458984	338.5	40.4375	78.28125	-0.4453125	1.761719	-0.8164063	-147.4688	74.625	42.59375	0.1474609	1.008789	-0.4511719	102.7188	-116.8438	13.34375	162.6172	236.5245	186.3446	148.2505	173.5325	181.0516
1377.164	-0.4941406	1.999023	-0.5458984	338.5	40.4375	78.28125	-0.4453125	1.761719	-0.8164063	-147.4688	74.625	42.59375	0.1474609	1.008789	-0.4511719	102.7188	-116.8438	13.34375	162.6172	236.5245	186.3446	148.2505	173.5325	181.0516
1377.197	-0.4941406	1.999023	-0.5458984	338.5	40.4375	78.28125	-0.4521484	-0.008789063	-1.490234	-137.1563	25.4375	97.6875	-0.09375	1.991211	0.2978516	-137.1563	79.34375	-286.4688	164.5576	239.7353	183.8497	148.2505	173.5325	181.0516
1377.229	-0.4941406	1.999023	-0.5458984	338.5	40.4375	78.28125	-0.4521484	-0.008789063	-1.490234	-137.1563	25.4375	97.6875	-0.09375	1.991211	0.2978516	-137.1563	79.34375	-286.4688	164.5576	239.7353	183.8497	150.4916	165.9494	183.0413
1377.263	-0.4941406	1.999023	-0.5458984	338.5	40.4375	78.28125	-0.4521484	-0.008789063	-1.490234	-137.1563	25.4375	97.6875	1.907227	0.7675781	-1.876953	-299.8125	348.1875	-115	164.5576	239.7353	183.8497	150.4916	165.9494	183.0413
1377.296	-0.4941406	1.999023	-0.5458984	338.5	40.4375	78.28125	-0.4521484	-0.008789063	-1.490234	-137.1563	25.4375	97.6875	1.907227	0.7675781	-1.876953	-299.8125	348.1875	-115	164.5576	239.7353	183.8497	146.2139	154.2148	161.8496
1377.329	-0.4941406	1.999023	-0.5458984	338.5	40.4375	78.28125	-0.4521484	-0.008789063	-1.490234	-137.1563	25.4375	97.6875	1.907227	0.7675781	-1.876953	-299.8125	348.1875	-115	164.5576	239.7353	183.8497	146.2139	154.2148	161.8496
1377.363	-0.4941406	1.999023	-0.5458984	338.5	40.4375	78.28125	-0.4521484	-0.008789063	-1.490234	-137.1563	25.4375	97.6875	1.907227	0.7675781	-1.876953	-299.8125	348.1875	-115	164.5576	239.7353	183.8497	146.2139	154.2148	161.8496
1377.396	0.125	-0.4326172	-0.6972656	-100.8438	101.8438	-1.90625	-0.4521484	-0.008789063	-1.490234	-137.1563	25.4375	97.6875	0.7646484	0.2724609	-2	-252.0313	177	113.8125	164.5576	239.7353	183.8497	143.6126	115.4196	150.5678
1377.43	0.125	-0.4326172	-0.6972656	-100.8438	101.8438	-1.90625	1.084961	1.761719	1.842773	648.1875	-446.5625	-16.75	0.7646484	0.2724609	-2	-252.0313	177	113.8125	164.5576	239.7353	183.8497	143.6126	115.4196	150.5678
1377.463	0.125	-0.4326172	-0.6972656	-100.8438	101.8438	-1.90625	1.084961	1.761719	1.842773	648.1875	-446.5625	-16.75	-2	0.2539063	-0.2832031	-329.375	437.5313	-36.15625	164.5576	239.7353	183.8497	134.1306	106.384	160.0299
1377.496	0.125	-0.4326172	-0.6972656	-100.8438	101.8438	-1.90625	1.084961	1.761719	1.842773	648.1875	-446.5625	-16.75	-2	0.2539063	-0.2832031	-329.375	437.5313	-36.15625	164.5576	239.7353	183.8497	134.1306	106.384	160.0299
1377.529	0.125	-0.4326172	-0.6972656	-100.8438	101.8438	-1.90625	1.084961	1.761719	1.842773	648.1875	-446.5625	-16.75	-2	0.2539063	-0.2832031	-329.375	437.5313	-36.15625	167.8635	203.6594	179.0621	134.1306	106.384	160.0299
1377.563	0.125	-0.4326172	-0.6972656	-100.8438	101.8438	-1.90625	1.084961	1.761719	1.842773	648.1875	-446.5625	-16.75	0.6191406	0.7548828	-0.7460938	-18.03125	167.5938	-28.8125	167.8635	203.6594	179.0621	134.1306	106.384	160.0299
1377.596	0.125	-0.4326172	-0.6972656	-100.8438	101.8438	-1.90625	1.084961	1.761719	1.842773	648.1875	-446.5625	-16.75	0.6191406	0.7548828	-0.7460938	-18.03125	167.5938	-28.8125	167.8635	203.6594	179.0621	126.3	147.6173	182.9117
1377.629	0.125	-0.4326172	-0.6972656	-100.8438	101.8438	-1.90625	1.084961	1.761719	1.842773	648.1875	-446.5625	-16.75	0.6191406	0.7548828	-0.7460938	-18.03125	167.5938	-28.8125	167.8635	203.6594	179.0621	126.3	147.6173	182.9117
1377.663	0.28125	0.2783203	-0.2783203	-75.34375	46.0625	-71.0625	1.084961	1.761719	1.842773	648.1875	-446.5625	-16.75	0.6191406	0.7548828	-0.7460938	-18.03125	167.5938	-28.8125	176.29	207.0253	194.6781	126.3	147.6173	182.9117
1377.696	0.28125	0.2783203	-0.2783203	-75.34375	46.0625	-71.0625	1.084961	1.761719	1.842773	648.1875	-446.5625	-16.75	0.08789063	0.9873047	-0.4746094	44.59375	-1.46875	7.25	169.7961	207.5095	188.8656	132.4755	132.5315	201.4702
1377.729	0.28125	0.2783203	-0.2783203	-75.34375	46.0625	-71.0625	1.084961	1.761719	1.842773	648.1875	-446.5625	-16.75	-0.3496094	1.273438	-0.1806641	43.25	19.34375	-64.21875	169.7961	207.5095	188.8656	132.4755	132.5315	201.4702
1377.763	0.28125	0.2783203	-0.2783203	-75.34375	46.0625	-71.0625	-0.71875	1.601563	-1.03418	-83.6875	342.4375	10	-0.3496094	1.273438	-0.1806641	43.25	19.34375	-64.21875	169.7961	207.5095	188.8656	126.6796	135.8143	200.1825
1377.796	0.28125	0.2783203	-0.2783203	-75.34375	46.0625	-71.0625	-0.71875	1.601563	-1.03418	-83.6875	342.4375	10	-0.3496094	1.273438	-0.1806641	43.25	19.34375	-64.21875	169.7961	207.5095	188.8656	126.6796	135.8143	200.1825
1377.829	0.28125	0.2783203	-0.2783203	-75.34375	46.0625	-71.0625	-0.71875	1.601563	-1.03418	-83.6875	342.4375	10	-0.3496094	1.273438	-0.1806641	43.25	19.34375	-64.21875	169.7961	207.5095	188.8656	126.6796	135.8143	200.1825
1377.863	0.28125	0.2783203	-0.2783203	-75.34375	46.0625	-71.0625	-0.71875	1.601563	-1.03418	-83.6875	342.4375	10	0.5625	1.999023	0.3476563	241.875	-35.59375	-46.65625	169.7961	207.5095	188.8656	122.3016	137.9981	202.1271
1377.896	0.28125	0.2783203	-0.2783203	-75.34375	46.0625	-71.0625	-0.71875	1.601563	-1.03418	-83.6875	342.4375	10	0.5625	1.999023	0.3476563	241.875	-35.59375	-46.65625	189.2073	161.2912	185.6203	122.3016	137.9981	202.1271
1377.929	0.28125	0.2783203	-0.2783203	-75.34375	46.0625	-71.0625	-0.71875	1.601563	-1.03418	-83.6875	342.4375	10	0.5625	1.999023	0.3476563	241.875	-35.59375	-46.65625	189.2073	161.2912	185.6203	122.3016	137.9981	202.1271
1377.964	0.1318359	0.8554688	-0.5058594	-18.15625	126.875	-77.90625	-0.71875	1.601563	-1.03418	-83.6875	342.4375	10	0.3486328	1.999023	0.9775391	87.25	401.4688	-140.0938	189.2073	161.2912	185.6203	146.7745	179.0318	222.9607
1377.996	0.1318359	0.8554688	-0.5058594	-18.15625	126.875	-77.90625	-0.71875	1.601563	-1.03418	-83.6875	342.4375	10	0.3486328	1.999023	0.9775391	87.25	401.4688	-140.0938	189.2073	161.2912	185.6203	146.7745	179.0318	222.9607
1378.029	0.1318359	0.8554688	-0.5058594	-18.15625	126.875	-77.90625	-0.71875	1.601563	-1.03418	-83.6875	342.4375	10	0.3486328	1.999023	0.9775391	87.25	401.4688	-140.0938	189.2073	161.2912	185.6203	146.7745	179.0318	222.9607
1378.063	0.1123047	0.1679688	-0.671875	-49.5	143.4688	-48.28125	-0.71875	1.601563	-1.03418	-83.6875	342.4375	10	0.3486328	1.999023	0.9775391	87.25	401.4688	-140.0938	189.3294	130.5383	185.2902	146.7745	179.0318	222.9607
1378.096	0.1123047	0.1679688	-0.671875	-49.5	143.4688	-48.28125	-0.671875	0.5673828	-0.5869141	59.5625	-161.1563	8.71875	1.606445	0.9570313	-1.467773	-363.4063	278.9688	-34.125	189.3294	130.5383	185.2902	160.7868	182.7468	216.0138
1378.129	0.1123047	0.1679688	-0.671875	-49.5	143.4688	-48.28125	-0.671875	0.5673828	-0.5869141	59.5625	-161.1563	8.71875	1.606445	0.9570313	-1.467773	-363.4063	278.9688	-34.125	189.3294	130.5383	185.2902	160.7868	182.7468	216.0138
1378.163	0.1123047	0.1679688	-0.671875	-49.5	143.4688	-48.28125	-0.3046875	0.8564453	-0.7714844	104.0625	106.8438	-9	1.606445	0.9570313	-1.467773	-363.4063	278.9688	-34.125	181.2685	129.3769	189.767	163.0599	152.5422	195.9143
1378.196	0.1123047	0.1679688	-0.671875	-49.5	143.4688	-48.28125	-0.3046875	0.8564453	-0.7714844	104.0625	106.8438	-9	0.3339844	-0.3183594	-2	-145.2188	-102.875	191.6875	181.2685	129.3769	189.767	163.0599	152.5422	195.9143
1378.229	-0.1181641	0.8642578	-0.4345703	8.09375	92.875	-66.125	-0.3046875	0.8564453	-0.7714844	104.0625	106.8438	-9	-2	1.999023	-0.5615234	407.0313	778.375	-380.6875	181.2685	129.3769	189.767	163.0599	152.5422	195.9143
1378.263	-0.1181641	0.8642578	-0.4345703	8.09375	92.875	-66.125	-0.3046875	0.8564453	-0.7714844	104.0625	106.8438	-9	-2	1.999023	-0.5615234	407.0313	778.375	-380.6875	181.2685	129.3769	189.767	176.1497	152.0128	200.0884
1378.297	-0.1181641	0.8642578	-0.4345703	8.09375	92.875	-66.125	-0.3046875	0.8564453	-0.7714844	104.0625	106.8438	-9	-2	1.999023	-0.5615234	407.0313	778.375	-380.6875	181.2685	129.3769	189.767	176.1497	152.0128	200.0884
1378.329	0.3515625	0.6962891	-0.3691406	-8.875	45.53125	-52.03125	-0.3046875	0.8564453	-0.7714844	104.0625	106.8438	-9	1.999023	1.999023	-0.2167969	144.0938	-163.3438	113.875	189.8898	242.4448	192.8741	162.8909	160.3467	235.9209
1378.362	0.3515625	0.6962891	-0.3691406	-8.875	45.53125	-52.03125	-0.3046875	0.8564453	-0.7714844	104.0625	106.8438	-9	1.999023	1.999023	-0.2167969	144.0938	-163.3438	113.875	189.8898	242.4448	192.8741	162.8909	160.3467	235.9209
1378.396	0.3515625	0.6962891	-0.3691406	-8.875	45.53125	-52.03125	1.261719	1.730469	1.160156	-109.9375	223	-73.0625	1.999023	1.999023	-0.2167969	144.0938	-163.3438	113.875	189.8898	242.4448	192.8741	162.8909	160.3467	235.9209
1378.429	0.3515625	0.6962891	-0.3691406	-8.875	45.53125	-52.03125	1.261719	1.730469	1.160156	-109.9375	223	-73.0625	-0.2099609	0.4746094	-0.5712891	-187.9375	-134.2813	-50.3125	189.8898	242.4448	192.8741	165.1557	137.4505	248.8527
1378.463	0.3515625	0.6962891	-0.3691406	-8.875	45.53125	-52.03125	1.261719	1.730469	1.160156	-109.9375	223	-73.0625	-0.2099609	0.4746094	-0.5712891	-187.9375	-134.2813	-50.3125	183.5541	236.4672	182.2546	165.1557	137.4505	248.8527
1378.496	0.3515625	0.6962891	-0.3691406	-8.875	45.53125	-52.03125	1.261719	1.730469	1.160156	-109.9375	223	-73.0625	-0.2099609	0.4746094	-0.5712891	-187.9375	-134.2813	-50.3125	183.5541	236.4672	182.2546	165.1557	137.4505	248.8527
1378.529	0.3515625	0.6962891	-0.3691406	-8.875	45.53125	-52.03125	1.261719	1.730469	1.160156	-109.9375	223	-73.0625	0.7255859	1.1875	0.4257813	116.4375	-86.25	0.46875	183.5541	236.4672	182.2546	165.1557	137.4505	248.8527
1378.563	0.4423828	1.606445	-0.7871094	85.75	82.8125	-42.8125	-0.008789063	0.7617188	-1.576172	-213.75	152.8125	157.625	0.7255859	1.1875	0.4257813	116.4375	-86.25	0.46875	183.5541	236.4672	182.2546	165.5121	166.8489	236.5313
1378.596	0.4423828	1.606445	-0.7871094	85.75	82.8125	-42.8125	-0.008789063	0.7617188	-1.576172	-213.75	152.8125	157.625	0.7255859	1.1875	0.4257813	116.4375	-86.25	0.46875	183.5541	236.4672	182.2546	165.5121	166.8489	236.5313
1378.629	-0.4785156	0.8212891	-0.8496094	-7.46875	45.46875	-72.21875	-0.008789063	0.7617188	-1.576172	-213.75	152.8125	157.625	0.4345703	1.318359	-1.029297	5.34375	-150.7188	67.4375	183.5541	236.4672	182.2546	163.594	177.4649	255.5523
1378.662	-0.4785156	0.8212891	-0.8496094	-7.46875	45.46875	-72.21875	-0.008789063	0.7617188	-1.576172	-213.75	152.8125	157.625	0.4345703	1.318359	-1.029297	5.34375	-150.7188	67.4375	183.5541	236.4672	182.2546	163.594	177.4649	255.5523
1378.696	-0.4785156	0.8212891	-0.8496094	-7.46875	45.46875	-72.21875	-1.804688	0.4375	-0.09570313	-58.65625	66.8125	26.84375	0.3457031	0.7753906	-0.7998047	-149.9688	35.1875	-13.375	183.5541	236.4672	182.2546	163.594	177.4649	255.5523
1378.729	0.02148438	1.058594	-0.2519531	-37.84375	18.125	-16.75	-1.804688	0.4375	-0.09570313	-58.65625	66.8125	26.84375	0.3457031	0.7753906	-0.7998047	-149.9688	35.1875	-13.375	183.5541	236.4672	182.2546	165.9047	186.7451	248.6286
1378.762	0.02148438	1.058594	-0.2519531	-37.84375	18.125	-16.75	-1.804688	0.4375	-0.09570313	-58.65625	66.8125	26.84375	0.3457031	0.7753906	-0.7998047	-149.9688	35.1875	-13.375	183.5541	236.4672	182.2546	165.9047	186.7451	248.6286
1378.796	0.02148438	1.058594	-0.2519531	-37.84375	18.125	-16.75	-1.804688	0.4375	-0.09570313	-58.65625	66.8125	26.84375	0.3457031	0.7753906	-0.7998047	-149.9688	35.1875	-13.375	183.5541	236.4672	182.2546	165.9047	186.7451	248.6286
1378.829	0.3867188	0.0390625	-0.7529297	-95.53125	39.15625	13.28125	-1.804688	0.4375	-0.09570313	-58.65625	66.8125	26.84375	-0.1962891	0.9990234	-1.34375	-422.1875	1.375	-92.4375	183.5541	236.4672	182.2546	170.0103	164.2856	227.0997
1378.863	0.3867188	0.0390625	-0.7529297	-95.53125	39.15625	13.28125	-1.804688	0.4375	-0.09570313	-58.65625	66.8125	26.84375	-0.1962891	0.9990234	-1.34375	-422.1875	1.375	-92.4375	183.5541	236.4672	182.2546	170.0103	164.2856	227.0997
1378.896	0.3867188	0.0390625	-0.7529297	-95.53125	39.15625	13.28125	-1.804688	0.4375	-0.09570313	-58.65625	66.8125	26.84375	0.7744141	-0.3232422	-2	-298.2813	240.1563	140.5	183.5541	236.4672	182.2546	170.0103	164.2856	227.0997
1378.928	0.3867188	0.0390625	-0.7529297	-95.53125	39.15625	13.28125	-1.804688	0.4375	-0.09570313	-58.65625	66.8125	26.84375	0.7744141	-0.3232422	-2	-298.2813	240.1563	140.5	190.804	187.2005	157.4156	178.3285	166.469	193.9689
1378.962	0.3867188	0.0390625	-0.7529297	-95.53125	39.15625	13.28125	-1.804688	0.4375	-0.09570313	-58.65625	66.8125	26.84375	0.7744141	-0.3232422	-2	-298.2813	240.1563	140.5	190.804	187.2005	157.4156	178.3285	166.469	193.9689
1378.996	0.3867188	0.0390625	-0.7529297	-95.53125	39.15625	13.28125	-1.804688	0.4375	-0.09570313	-58.65625	66.8125	26.84375	0.5849609	1.999023	-0.9179688	162.8125	126.3125	277.4375	195.2928	204.0939	174.9735	178.3285	166.469	193.9689
1379.029	-0.1132813	0.1132813	-0.2177734	-22.0625	44.90625	-22.78125	-1.804688	0.4375	-0.09570313	-58.65625	66.8125	26.84375	0.5849609	1.999023	-0.9179688	162.8125	126.3125	277.4375	195.2928	204.0939	174.9735	191.589	185.4109	193.7693
1379.062	-0.1132813	0.1132813	-0.2177734	-22.0625	44.90625	-22.78125	-1.804688	0.4375	-0.09570313	-58.65625	66.8125	26.84375	0.5849609	1.999023	-0.9179688	162.8125	126.3125	277.4375	195.2928	204.0939	174.9735	191.589	185.4109	193.7693
1379.095	0.1630859	1.583984	-0.4443359	60.34375	-87.84375	-7.53125	-1.804688	0.4375	-0.09570313	-58.65625	66.8125	26.84375	0.5849609	1.999023	-0.9179688	162.8125	126.3125	277.4375	195.2928	204.0939	174.9735	191.589	185.4109	193.7693
1379.128	0.1630859	1.583984	-0.4443359	60.34375	-87.84375	-7.53125	-1.804688	0.4375	-0.09570313	-58.65625	66.8125	26.84375	0.5849609	1.999023	-0.9179688	162.8125	126.3125	277.4375	187.2801	188.4936	183.3268	193.6358	202.8621	230.5446
1379.164	0.1630859	1.583984	-0.4443359	60.34375	-87.84375	-7.53125	-0.006835938	1.496094	1.392578	115.2188	-104.1875	5.90625	1.182617	1.948242	-0.1572266	73.71875	-223.7188	156.9688	187.2801	188.4936	183.3268	193.6358	202.8621	230.5446
1379.196	-0.5087891	1.710938	-1.473633	114	167.7188	-23.15625	-0.1152344	1.761719	-0.453125	11.65625	-7.03125	-48.59375	0.3974609	1.354492	-0.3857422	99.78125	18.71875	-38.15625	187.2801	188.4936	183.3268	193.6358	202.8621	230.5446
1379.228	-0.5087891	1.710938	-1.473633	114	167.7188	-23.15625	-0.1152344	1.761719	-0.453125	11.65625	-7.03125	-48.59375	0.3974609	1.354492	-0.3857422	99.78125	18.71875	-38.15625	187.2593	204.2085	188.8113	192.4106	191.2735	237.9626
1379.262	-0.5087891	1.710938	-1.473633	114	167.7188	-23.15625	-0.1152344	1.761719	-0.453125	11.65625	-7.03125	-48.59375	0.3974609	1.354492	-0.3857422	99.78125	18.71875	-38.15625	187.2593	204.2085	188.8113	192.4106	191.2735	237.9626
1379.295	0.3388672	1.253906	-0.6767578	37.65625	43.125	-5.5625	-0.1152344	1.761719	-0.453125	11.65625	-7.03125	-48.59375	-0.02734375	1.166016	-0.4472656	125.0938	-43.21875	0.53125	187.2593	204.2085	188.8113	189.163	190.3476	241.9506
1379.328	0.3388672	1.253906	-0.6767578	37.65625	43.125	-5.5625	-0.1152344	1.761719	-0.453125	11.65625	-7.03125	-48.59375	-0.02734375	1.166016	-0.4472656	125.0938	-43.21875	0.53125	187.2593	204.2085	188.8113	189.163	190.3476	241.9506
1379.362	0.3388672	1.253906	-0.6767578	37.65625	43.125	-5.5625	-0.1152344	1.761719	-0.453125	11.65625	-7.03125	-48.59375	-0.02734375	1.166016	-0.4472656	125.0938	-43.21875	0.53125	187.2593	204.2085	188.8113	189.163	190.3476	241.9506
1379.395	0.3388672	1.253906	-0.6767578	37.65625	43.125	-5.5625	-0.9550781	-0.3154297	-1.508789	-198.6875	128.5313	86.71875	-0.7412109	1.999023	-0.7753906	203.8438	-190.8125	-23.09375	187.2593	204.2085	188.8113	184.4095	203.1122	251.817
1379.428	0.3388672	1.253906	-0.6767578	37.65625	43.125	-5.5625	-0.9550781	-0.3154297	-1.508789	-198.6875	128.5313	86.71875	-0.7412109	1.999023	-0.7753906	203.8438	-190.8125	-23.09375	187.2593	204.2085	188.8113	184.4095	203.1122	251.817
1379.462	0.3388672	1.253906	-0.6767578	37.65625	43.125	-5.5625	-0.9550781	-0.3154297	-1.508789	-198.6875	128.5313	86.71875	-0.7412109	1.999023	-0.7753906	203.8438	-190.8125	-23.09375	190.9488	193.1961	167.2282	184.4095	203.1122	251.817
1379.496	0.3388672	1.253906	-0.6767578	37.65625	43.125	-5.5625	-0.9550781	-0.3154297	-1.508789	-198.6875	128.5313	86.71875	0.1503906	1.999023	-0.8095703	46.75	-82.09375	-394.375	190.9488	193.1961	167.2282	184.4095	203.1122	251.817
1379.528	0.3388672	1.253906	-0.6767578	37.65625	43.125	-5.5625	-0.9550781	-0.3154297	-1.508789	-198.6875	128.5313	86.71875	0.1503906	1.999023	-0.8095703	46.75	-82.09375	-394.375	178.6438	252.0469	155.4901	204.1363	182.599	236.0009
1379.562	0.3388672	1.253906	-0.6767578	37.65625	43.125	-5.5625	0.4980469	1.314453	0.09472656	358.875	-464.8438	13.40625	0.1503906	1.999023	-0.8095703	46.75	-82.09375	-394.375	178.6438	252.0469	155.4901	204.1363	182.599	236.0009
1379.595	0.3388672	1.253906	-0.6767578	37.65625	43.125	-5.5625	0.4980469	1.314453	0.09472656	358.875	-464.8438	13.40625	1.508789	0.3642578	-1.515625	-376.25	390.5	-67.21875	178.6438	252.0469	155.4901	188.4673	190.6408	210.1833
1379.628	0.3388672	1.253906	-0.6767578	37.65625	43.125	-5.5625	0.4980469	1.314453	0.09472656	358.875	-464.8438	13.40625	1.508789	0.3642578	-1.515625	-376.25	390.5	-67.21875	185.3005	243.9526	170.53	188.4673	190.6408	210.1833
1379.664	0.3388672	1.253906	-0.6767578	37.65625	43.125	-5.5625	0.9072266	1.525391	-1.691406	180.0938	-292.125	-46.71875	1.508789	0.3642578	-1.515625	-376.25	390.5	-67.21875	185.3005	243.9526	170.53	188.4673	190.6408	210.1833
1379.695	-0.09375	1.855469	-0.6582031	44.46875	-18.75	-15.34375	0.9072266	1.525391	-1.691406	180.0938	-292.125	-46.71875	1.999023	0.4941406	-2	-265.0938	162.6563	89.78125	185.3005	243.9526	170.53	183.0069	172.9932	194.9514
1379.728	-0.09375	1.855469	-0.6582031	44.46875	-18.75	-15.34375	0.9072266	1.525391	-1.691406	180.0938	-292.125	-46.71875	1.999023	0.4941406	-2	-265.0938	162.6563	89.78125	185.3005	243.9526	170.53	183.0069	172.9932	194.9514
1379.762	-0.09375	1.855469	-0.6582031	44.46875	-18.75	-15.34375	0.9072266	1.525391	-1.691406	180.0938	-292.125	-46.71875	1.999023	0.4941406	-2	-265.0938	162.6563	89.78125	185.3005	243.9526	170.53	183.0069	172.9932	194.9514
1379.796	0.1650391	0.4462891	-0.28125	-20.34375	-11.25	-18.875	0.9072266	1.525391	-1.691406	180.0938	-292.125	-46.71875	0.1425781	0.8759766	-0.8808594	82.25	338.0625	-32.65625	185.3005	243.9526	170.53	190.352	150.394	193.5683
1379.828	0.1650391	0.4462891	-0.28125	-20.34375	-11.25	-18.875	0.9072266	1.525391	-1.691406	180.0938	-292.125	-46.71875	0.1425781	0.8759766	-0.8808594	82.25	338.0625	-32.65625	189.8541	249.4311	186.7463	190.352	150.394	193.5683
1379.862	0.1650391	0.4462891	-0.28125	-20.34375	-11.25	-18.875	0.2587891	0.8291016	0.1621094	77.125	-58	-20.78125	-0.02246094	1.467773	-1.041992	277.2188	46.25	223.9688	189.8541	249.4311	186.7463	184.6315	116.3822	214.0826
1379.895	0.1650391	0.4462891	-0.28125	-20.34375	-11.25	-18.875	0.2587891	0.8291016	0.1621094	77.125	-58	-20.78125	-0.02246094	1.467773	-1.041992	277.2188	46.25	223.9688	189.8541	249.4311	186.7463	184.6315	116.3822	214.0826
1379.928	0.1650391	0.4462891	-0.28125	-20.34375	-11.25	-18.875	0.5449219	1.761719	-0.5830078	30	-264.3125	-96.625	-0.02246094	1.467773	-1.041992	277.2188	46.25	223.9688	189.8541	249.4311	186.7463	184.6315	116.3822	214.0826
1379.962	0.1650391	0.4462891	-0.28125	-20.34375	-11.25	-18.875	0.5449219	1.761719	-0.5830078	30	-264.3125	-96.625	0.6845703	0.9150391	-0.2773438	-11.25	10.71875	56.625	189.8541	249.4311	186.7463	184.6315	116.3822	214.0826
1379.994	0.1650391	0.4462891	-0.28125	-20.34375	-11.25	-18.875	0.5449219	1.761719	-0.5830078	30	-264.3125	-96.625	0.6845703	0.9150391	-0.2773438	-11.25	10.71875	56.625	189.8541	249.4311	186.7463	195.6319	107.4147	223.8127
1380.028	0.1650391	0.4462891	-0.28125	-20.34375	-11.25	-18.875	-1.510742	1.761719	-1.629883	52.34375	294.6563	-37.96875	0.6845703	0.9150391	-0.2773438	-11.25	10.71875	56.625	189.8541	249.4311	186.7463	195.6319	107.4147	223.8127
1380.062	0.1650391	0.4462891	-0.28125	-20.34375	-11.25	-18.875	-1.510742	1.761719	-1.629883	52.34375	294.6563	-37.96875	0.6845703	0.9150391	-0.2773438	-11.25	10.71875	56.625	189.8541	249.4311	186.7463	195.6319	107.4147	223.8127
1380.126	1.082031	1.488281	-0.8125	31.96875	92.8125	-17.09375	-0.9326172	0.07128906	-1.966797	-258.4375	252.3125	76.59375	0.2119141	1.191406	-0.3222656	6.21875	-71.65625	53.8125	189.8541	249.4311	186.7463	195.6319	107.4147	223.8127
1380.128	1.082031	1.488281	-0.8125	31.96875	92.8125	-17.09375	-0.9326172	0.07128906	-1.966797	-258.4375	252.3125	76.59375	0.2119141	1.191406	-0.3222656	6.21875	-71.65625	53.8125	189.8541	249.4311	186.7463	196.8345	95.70412	219.2313
1380.148	0.1748047	0.6162109	-0.8007813	-3.4375	203.5938	-58.125	-0.9326172	0.07128906	-1.966797	-258.4375	252.3125	76.59375	0.008789063	1.431641	-0.4716797	5.46875	45.15625	-41.46875	189.8541	249.4311	186.7463	208.1961	112.3141	219.1869
1380.178	0.1748047	0.6162109	-0.8007813	-3.4375	203.5938	-58.125	-0.9326172	0.07128906	-1.966797	-258.4375	252.3125	76.59375	0.008789063	1.431641	-0.4716797	5.46875	45.15625	-41.46875	189.8541	249.4311	186.7463	208.1961	112.3141	219.1869
1380.211	0.1748047	0.6162109	-0.8007813	-3.4375	203.5938	-58.125	-0.9326172	0.07128906	-1.966797	-258.4375	252.3125	76.59375	0.008789063	1.431641	-0.4716797	5.46875	45.15625	-41.46875	189.8541	249.4311	186.7463	208.1961	112.3141	219.1869
1380.245	0.02246094	0.3574219	-0.5019531	3.46875	181.75	-96.09375	-0.9326172	0.07128906	-1.966797	-258.4375	252.3125	76.59375	0.5644531	1.748047	-0.01953125	49.96875	109	-43.09375	189.8541	249.4311	186.7463	208.1961	112.3141	219.1869
1380.278	0.02246094	0.3574219	-0.5019531	3.46875	181.75	-96.09375	-0.9326172	0.07128906	-1.966797	-258.4375	252.3125	76.59375	0.5644531	1.748047	-0.01953125	49.96875	109	-43.09375	189.8541	249.4311	186.7463	208.1961	112.3141	219.1869
1380.311	0.02246094	0.3574219	-0.5019531	3.46875	181.75	-96.09375	-0.8984375	0.7617188	-0.5908203	37.65625	149.2813	91.96875	0.5644531	1.748047	-0.01953125	49.96875	109	-43.09375	168.9901	252.8678	164.9399	214.5808	150.8355	209.8438
1380.345	0.02246094	0.3574219	-0.5019531	3.46875	181.75	-96.09375	-0.8984375	0.7617188	-0.5908203	37.65625	149.2813	91.96875	1.884766	1.078125	-0.1132813	12.25	187.3125	-104.3125	172.1706	236.4408	167.6394	200.5913	150.7564	179.5478
1380.378	0	0.2998047	-1.182617	91.65625	88.5	-53.90625	-0.8984375	0.7617188	-0.5908203	37.65625	149.2813	91.96875	1.884766	1.078125	-0.1132813	12.25	187.3125	-104.3125	172.1706	236.4408	167.6394	200.5913	150.7564	179.5478
1380.413	0	0.2998047	-1.182617	91.65625	88.5	-53.90625	-0.8984375	0.7617188	-0.5908203	37.65625	149.2813	91.96875	1.884766	1.078125	-0.1132813	12.25	187.3125	-104.3125	172.1706	236.4408	167.6394	200.5913	150.7564	179.5478
1380.446	0	0.2998047	-1.182617	91.65625	88.5	-53.90625	-0.8984375	0.7617188	-0.5908203	37.65625	149.2813	91.96875	-1.697266	1.561523	1.999023	-155.3438	49.0625	26.15625	172.1706	236.4408	167.6394	186.8925	126.6407	178.4231
1380.478	0	0.2998047	-1.182617	91.65625	88.5	-53.90625	-0.8984375	0.7617188	-0.5908203	37.65625	149.2813	91.96875	-1.697266	1.561523	1.999023	-155.3438	49.0625	26.15625	172.1706	236.4408	167.6394	186.8925	126.6407	178.4231
1380.512	0	0.2998047	-1.182617	91.65625	88.5	-53.90625	-0.8984375	0.7617188	-0.5908203	37.65625	149.2813	91.96875	-1.697266	1.561523	1.999023	-155.3438	49.0625	26.15625	172.1706	236.4408	167.6394	186.8925	126.6407	178.4231
1380.546	0	0.2998047	-1.182617	91.65625	88.5	-53.90625	-0.7167969	0.5986328	-0.6269531	-78.1875	198.4063	17.125	-1.697266	1.561523	1.999023	-155.3438	49.0625	26.15625	181.2407	216.9066	175.2015	186.8925	126.6407	178.4231
1380.579	0	0.2998047	-1.182617	91.65625	88.5	-53.90625	-0.7167969	0.5986328	-0.6269531	-78.1875	198.4063	17.125	-0.3085938	1.270508	0.01855469	38.1875	162.4063	-88.21875	181.2407	216.9066	175.2015	186.8925	126.6407	178.4231
1380.611	0	0.2998047	-1.182617	91.65625	88.5	-53.90625	-1.652344	0.9941406	-0.28125	-46.34375	319.0625	0.28125	-0.3085938	1.270508	0.01855469	38.1875	162.4063	-88.21875	181.2407	216.9066	175.2015	207.0832	150.1353	182.4607
1380.645	0	0.2998047	-1.182617	91.65625	88.5	-53.90625	-1.652344	0.9941406	-0.28125	-46.34375	319.0625	0.28125	0.6552734	1.298828	-0.08007813	27.625	31.84375	30.75	181.2407	216.9066	175.2015	205.142	148.6855	183.0596
1380.678	0	0.2998047	-1.182617	91.65625	88.5	-53.90625	-1.652344	0.9941406	-0.28125	-46.34375	319.0625	0.28125	0.6552734	1.298828	-0.08007813	27.625	31.84375	30.75	181.2407	216.9066	175.2015	205.142	148.6855	183.0596
1380.711	0	0.2998047	-1.182617	91.65625	88.5	-53.90625	-1.652344	0.9941406	-0.28125	-46.34375	319.0625	0.28125	0.6552734	1.298828	-0.08007813	27.625	31.84375	30.75	181.2407	216.9066	175.2015	205.142	148.6855	183.0596
1380.745	0	0.2998047	-1.182617	91.65625	88.5	-53.90625	-1.652344	0.9941406	-0.28125	-46.34375	319.0625	0.28125	0.2861328	1.083984	-0.01464844	-4.03125	-12.34375	1.625	181.2407	216.9066	175.2015	202.14	145.723	181.2295
1380.778	0.2011719	0.4345703	-0.6689453	27.5625	82.375	-81.9375	-1.652344	0.9941406	-0.28125	-46.34375	319.0625	0.28125	0.2861328	1.083984	-0.01464844	-4.03125	-12.34375	1.625	181.2407	216.9066	175.2015	202.14	145.723	181.2295
1380.811	0.2011719	0.4345703	-0.6689453	27.5625	82.375	-81.9375	-1.652344	0.9941406	-0.28125	-46.34375	319.0625	0.28125	0.2861328	1.083984	-0.01464844	-4.03125	-12.34375	1.625	179.1078	182.938	165.7084	202.14	145.723	181.2295
1380.847	-0.1425781	0.3955078	-0.6972656	60.15625	20.84375	-58.1875	0.5732422	0.2460938	-0.6259766	-38.71875	67.90625	-3.0625	0.0390625	1.319336	0.0234375	-13.625	6.9375	-9	179.1078	182.938	165.7084	197.8772	176.1074	163.9794
1380.878	-0.1425781	0.3955078	-0.6972656	60.15625	20.84375	-58.1875	0.5732422	0.2460938	-0.6259766	-38.71875	67.90625	-3.0625	0.0390625	1.319336	0.0234375	-13.625	6.9375	-9	179.1078	182.938	165.7084	197.8772	176.1074	163.9794
1380.911	-0.1425781	0.3955078	-0.6972656	60.15625	20.84375	-58.1875	0.5732422	0.2460938	-0.6259766	-38.71875	67.90625	-3.0625	0.02636719	1.237305	-0.1044922	-18.25	63.15625	-15.46875	179.1078	182.938	165.7084	197.3067	174.9753	161.5646
1380.945	-0.1425781	0.3955078	-0.6972656	60.15625	20.84375	-58.1875	0.5732422	0.2460938	-0.6259766	-38.71875	67.90625	-3.0625	-0.2890625	1.256836	-0.1025391	-20.78125	47.84375	-22.65625	179.1078	182.938	165.7084	197.3067	174.9753	161.5646
1380.978	-0.1425781	0.3955078	-0.6972656	60.15625	20.84375	-58.1875	-1.40918	0.5537109	-0.2402344	-46.9375	172.9688	0.78125	-0.2890625	1.256836	-0.1025391	-20.78125	47.84375	-22.65625	179.1078	182.938	165.7084	197.3067	174.9753	161.5646
1381.011	-0.1425781	0.3955078	-0.6972656	60.15625	20.84375	-58.1875	-1.40918	0.5537109	-0.2402344	-46.9375	172.9688	0.78125	-0.2890625	1.256836	-0.1025391	-20.78125	47.84375	-22.65625	169.6075	158.0397	163.7136	197.3067	174.9753	161.5646
1381.045	-0.1425781	0.3955078	-0.6972656	60.15625	20.84375	-58.1875	0.3955078	1.480469	0.8613281	10.46875	114.25	25.875	0.01367188	1.31543	-0.0390625	-17.03125	-13.4375	19.28125	169.6075	158.0397	163.7136	182.837	195.2499	154.338
1381.078	-0.1425781	0.3955078	-0.6972656	60.15625	20.84375	-58.1875	0.3955078	1.480469	0.8613281	10.46875	114.25	25.875	0.01367188	1.31543	-0.0390625	-17.03125	-13.4375	19.28125	169.6075	158.0397	163.7136	182.837	195.2499	154.338
1381.111	0.01757813	0.4042969	-0.59375	46.6875	69.6875	-42.625	0.3955078	1.480469	0.8613281	10.46875	114.25	25.875	0.01367188	1.31543	-0.0390625	-17.03125	-13.4375	19.28125	173.7322	154.395	159.5329	182.837	195.2499	154.338
1381.144	0.01757813	0.4042969	-0.59375	46.6875	69.6875	-42.625	0.3955078	1.480469	0.8613281	10.46875	114.25	25.875	0.01367188	1.31543	-0.0390625	-17.03125	-13.4375	19.28125	173.7322	154.395	159.5329	186.7822	199.547	147.4659
1381.178	0.01757813	0.4042969	-0.59375	46.6875	69.6875	-42.625	0.3955078	1.480469	0.8613281	10.46875	114.25	25.875	-0.2011719	1.448242	-0.02929688	-6.65625	11.875	5.71875	173.7322	154.395	159.5329	186.7822	199.547	147.4659
1381.211	0.01757813	0.4042969	-0.59375	46.6875	69.6875	-42.625	0.3955078	1.480469	0.8613281	10.46875	114.25	25.875	0.000976563	1.374023	-0.01757813	19.9375	29.53125	13.09375	173.7322	154.395	159.5329	187.6407	200.7952	147.9353
1381.244	-0.03613281	0.6298828	-0.9003906	29.21875	26.84375	-31.9375	0.3955078	1.480469	0.8613281	10.46875	114.25	25.875	0.000976563	1.374023	-0.01757813	19.9375	29.53125	13.09375	173.7322	154.395	159.5329	187.6407	200.7952	147.9353
1381.277	-0.03613281	0.6298828	-0.9003906	29.21875	26.84375	-31.9375	0.3955078	1.480469	0.8613281	10.46875	114.25	25.875	0.000976563	1.374023	-0.01757813	19.9375	29.53125	13.09375	173.7322	154.395	159.5329	187.6407	200.7952	147.9353
1381.311	-0.03613281	0.6298828	-0.9003906	29.21875	26.84375	-31.9375	0.3955078	1.480469	0.8613281	10.46875	114.25	25.875	0.000976563	1.374023	-0.01757813	19.9375	29.53125	13.09375	176.1108	147.1317	154.3551	190.8884	209.6323	142.0595
1381.344	-0.03613281	0.6298828	-0.9003906	29.21875	26.84375	-31.9375	-0.06835938	1.080078	0.4091797	-14.1875	6.5625	9.375	0.2890625	1.146484	-0.02636719	9.25	-28.59375	40.875	176.1108	147.1317	154.3551	190.8884	209.6323	142.0595
1381.377	0.2822266	0.5439453	-0.7578125	-3.875	10.78125	11.34375	-0.06835938	1.080078	0.4091797	-14.1875	6.5625	9.375	0.2890625	1.146484	-0.02636719	9.25	-28.59375	40.875	176.1108	147.1317	154.3551	190.8884	209.6323	142.0595
1381.411	0.2822266	0.5439453	-0.7578125	-3.875	10.78125	11.34375	-0.06835938	1.080078	0.4091797	-14.1875	6.5625	9.375	0.2890625	1.146484	-0.02636719	9.25	-28.59375	40.875	176.1108	147.1317	154.3551	196.3302	212.7845	139.8616
1381.445	0.2822266	0.5439453	-0.7578125	-3.875	10.78125	11.34375	-0.06835938	1.080078	0.4091797	-14.1875	6.5625	9.375	0.4091797	0.8886719	0.2617188	-22.96875	-33.28125	55.15625	175.3819	145.3781	151.8486	196.3302	212.7845	139.8616
1381.477	0.2822266	0.5439453	-0.7578125	-3.875	10.78125	11.34375	-0.1376953	0.7470703	0.1376953	-38.34375	1.8125	20.96875	0.4091797	0.8886719	0.2617188	-22.96875	-33.28125	55.15625	175.3819	145.3781	151.8486	196.3302	212.7845	139.8616
1381.51	0.2822266	0.5439453	-0.7578125	-3.875	10.78125	11.34375	-0.4335938	0.7080078	0.484375	-41.8125	-43.65625	33.0625	0.4091797	0.8886719	0.2617188	-22.96875	-33.28125	55.15625	175.3819	145.3781	151.8486	201.1665	217.3893	133.9668
1381.544	0.2822266	0.5439453	-0.7578125	-3.875	10.78125	11.34375	-0.4335938	0.7080078	0.484375	-41.8125	-43.65625	33.0625	0.4091797	0.8886719	0.2617188	-22.96875	-33.28125	55.15625	175.3819	145.3781	151.8486	201.1665	217.3893	133.9668
1381.577	-0.08496094	0.9775391	-1.064453	-43.65625	-9.53125	-24.125	-0.4335938	0.7080078	0.484375	-41.8125	-43.65625	33.0625	0.2958984	1.34375	0.0078125	9.9375	-3.3125	17.3125	175.3819	145.3781	151.8486	201.1665	217.3893	133.9668
1381.61	-0.08496094	0.9775391	-1.064453	-43.65625	-9.53125	-24.125	-0.4335938	0.7080078	0.484375	-41.8125	-43.65625	33.0625	0.2958984	1.34375	0.0078125	9.9375	-3.3125	17.3125	179.9605	147.5015	144.147	205.992	217.4979	129.4051
1381.644	-0.08496094	0.9775391	-1.064453	-43.65625	-9.53125	-24.125	-0.4335938	0.7080078	0.484375	-41.8125	-43.65625	33.0625	0.2753906	1.396484	-0.2167969	37.75	2.96875	-20.65625	179.9605	147.5015	144.147	205.992	217.4979	129.4051
1381.677	-0.08496094	0.9775391	-1.064453	-43.65625	-9.53125	-24.125	-0.4335938	0.7080078	0.484375	-41.8125	-43.65625	33.0625	0.2753906	1.396484	-0.2167969	37.75	2.96875	-20.65625	179.9605	147.5015	144.147	205.992	217.4979	129.4051
1381.711	-0.08496094	0.9775391	-1.064453	-43.65625	-9.53125	-24.125	-0.4335938	0.7080078	0.484375	-41.8125	-43.65625	33.0625	0.09179688	1.203125	0.009765625	28.3125	6.21875	-26.1875	179.9605	147.5015	144.147	203.5067	213.8242	133.5364
1381.745	-0.1074219	0.8886719	-0.4365234	-40.46875	-4.40625	11.71875	-0.4335938	0.7080078	0.484375	-41.8125	-43.65625	33.0625	0.09179688	1.203125	0.009765625	28.3125	6.21875	-26.1875	179.9605	147.5015	144.147	203.5067	213.8242	133.5364
1381.778	-0.1074219	0.8886719	-0.4365234	-40.46875	-4.40625	11.71875	-0.4335938	0.7080078	0.484375	-41.8125	-43.65625	33.0625	0.09179688	1.203125	0.009765625	28.3125	6.21875	-26.1875	179.9605	147.5015	144.147	203.5067	213.8242	133.5364
1381.81	-0.1074219	0.8886719	-0.4365234	-40.46875	-4.40625	11.71875	0.04394531	0.8232422	0.7861328	-7.53125	-17.96875	-5.5625	0.01953125	1.442383	-0.2089844	20.375	19.40625	-8.75	179.9605	147.5015	144.147	202.3869	212.6608	134.882
1381.844	-0.1894531	0.7119141	-0.3085938	-28.03125	-19.125	8.78125	0.04394531	0.8232422	0.7861328	-7.53125	-17.96875	-5.5625	0.01953125	1.442383	-0.2089844	20.375	19.40625	-8.75	182.8704	151.8507	138.4832	202.3869	212.6608	134.882
1381.877	-0.1894531	0.7119141	-0.3085938	-28.03125	-19.125	8.78125	0.1484375	0.5820313	0.2910156	-1.71875	-44.375	7.90625	0.01953125	1.442383	-0.2089844	20.375	19.40625	-8.75	182.8704	151.8507	138.4832	202.3869	212.6608	134.882
1381.91	-0.1894531	0.7119141	-0.3085938	-28.03125	-19.125	8.78125	0.1484375	0.5820313	0.2910156	-1.71875	-44.375	7.90625	0.1992188	1.411133	-0.1787109	8.09375	-5.75	-0.3125	182.8704	151.8507	138.4832	204.1159	209.3613	131.2834
1381.944	-0.1894531	0.7119141	-0.3085938	-28.03125	-19.125	8.78125	0.1484375	0.5820313	0.2910156	-1.71875	-44.375	7.90625	0.1992188	1.411133	-0.1787109	8.09375	-5.75	-0.3125	182.8704	151.8507	138.4832	204.1159	209.3613	131.2834
1381.977	-0.1894531	0.7119141	-0.3085938	-28.03125	-19.125	8.78125	0.1484375	0.5820313	0.2910156	-1.71875	-44.375	7.90625	0.1992188	1.411133	-0.1787109	8.09375	-5.75	-0.3125	182.8704	151.8507	138.4832	204.1159	209.3613	131.2834
1382.01	0.1279297	0.9521484	-0.3242188	-9.96875	-15.46875	13.15625	0.1484375	0.5820313	0.2910156	-1.71875	-44.375	7.90625	0.1591797	1.204102	-0.2099609	4.8125	5.46875	-5.15625	185.0249	156.9678	139.3948	206.1467	205.2542	133.5957
1382.044	0.1279297	0.9521484	-0.3242188	-9.96875	-15.46875	13.15625	0.4277344	0.4921875	0.2851563	9.6875	-44.4375	11.46875	0.1591797	1.204102	-0.2099609	4.8125	5.46875	-5.15625	185.0249	156.9678	139.3948	206.1467	205.2542	133.5957
1382.077	0.1279297	0.9521484	-0.3242188	-9.96875	-15.46875	13.15625	0.4277344	0.4921875	0.2851563	9.6875	-44.4375	11.46875	0.1591797	1.204102	-0.2099609	4.8125	5.46875	-5.15625	185.0249	156.9678	139.3948	206.1467	205.2542	133.5957
1382.11	-0.00390625	0.9326172	-0.375	-17.21875	20.96875	5.90625	0.4277344	0.4921875	0.2851563	9.6875	-44.4375	11.46875	-0.005859375	1.286133	-0.140625	2.84375	12.75	-10.9375	185.0249	156.9678	139.3948	205.3293	203.71	134.346
1382.144	-0.00390625	0.9326172	-0.375	-17.21875	20.96875	5.90625	0.4277344	0.4921875	0.2851563	9.6875	-44.4375	11.46875	-0.005859375	1.286133	-0.140625	2.84375	12.75	-10.9375	192.7845	167.0003	141.8644	205.3293	203.71	134.346
1382.177	-0.00390625	0.9326172	-0.375	-17.21875	20.96875	5.90625	0.4277344	0.4921875	0.2851563	9.6875	-44.4375	11.46875	-0.005859375	1.286133	-0.140625	2.84375	12.75	-10.9375	192.7845	167.0003	141.8644	205.3293	203.71	134.346
1382.21	0.1230469	0.7763672	-0.3876953	-14.96875	33.0625	5.53125	0.4277344	0.4921875	0.2851563	9.6875	-44.4375	11.46875	0.03027344	1.083008	-0.1162109	6.875	1.6875	-1.65625	192.7845	167.0003	141.8644	211.5975	197.9734	138.2946
1382.243	0.1230469	0.7763672	-0.3876953	-14.96875	33.0625	5.53125	0.4277344	0.4921875	0.2851563	9.6875	-44.4375	11.46875	0.03027344	1.083008	-0.1162109	6.875	1.6875	-1.65625	192.7845	167.0003	141.8644	211.5975	197.9734	138.2946
1382.277	-0.01269531	0.7763672	-0.2607422	0.84375	28.5	8.21875	0.0078125	0.9267578	0.4199219	15.375	34.28125	-19.78125	0.03027344	1.083008	-0.1162109	6.875	1.6875	-1.65625	192.7845	167.0003	141.8644	211.5975	197.9734	138.2946
1382.31	-0.01269531	0.7763672	-0.2607422	0.84375	28.5	8.21875	0.03808594	0.6445313	0.4677734	14.9375	17.375	-7.28125	0.005859375	1.251953	-0.2783203	10.46875	0.46875	1.4375	192.7845	167.0003	141.8644	210.931	196.4427	138.8384
1382.344	-0.01269531	0.7763672	-0.2607422	0.84375	28.5	8.21875	0.03808594	0.6445313	0.4677734	14.9375	17.375	-7.28125	0.005859375	1.251953	-0.2783203	10.46875	0.46875	1.4375	192.7845	167.0003	141.8644	210.931	196.4427	138.8384
1382.377	-0.01269531	0.7763672	-0.2607422	0.84375	28.5	8.21875	-0.09472656	0.8583984	0.453125	19.09375	13.65625	-4.78125	0.04785156	1.24707	-0.2773438	6.40625	-14.1875	6.15625	192.7845	167.0003	141.8644	210.931	196.4427	138.8384
1382.41	-0.01269531	0.7763672	-0.2607422	0.84375	28.5	8.21875	-0.09472656	0.8583984	0.453125	19.09375	13.65625	-4.78125	0.04785156	1.24707	-0.2773438	6.40625	-14.1875	6.15625	184.6414	160.668	145.0325	210.0224	194.8294	139.6517
1382.443	-0.01269531	0.7763672	-0.2607422	0.84375	28.5	8.21875	-0.09472656	0.8583984	0.453125	19.09375	13.65625	-4.78125	0.04785156	1.24707	-0.2773438	6.40625	-14.1875	6.15625	184.6414	160.668	145.0325	210.0224	194.8294	139.6517
1382.476	-0.01269531	0.7763672	-0.2607422	0.84375	28.5	8.21875	0.2646484	0.8974609	0.3642578	11.34375	-5.8125	0.78125	0.1533203	1.22168	-0.1396484	-7.09375	-40.40625	13	184.6414	160.668	145.0325	210.0224	194.8294	139.6517
1382.51	-0.01269531	0.7763672	-0.2607422	0.84375	28.5	8.21875	0.2646484	0.8974609	0.3642578	11.34375	-5.8125	0.78125	0.1533203	1.22168	-0.1396484	-7.09375	-40.40625	13	185.3873	161.6075	146.2396	201.9303	195.6519	142.9512
1382.543	-0.01269531	0.7763672	-0.2607422	0.84375	28.5	8.21875	0.2646484	0.8974609	0.3642578	11.34375	-5.8125	0.78125	0.1533203	1.22168	-0.1396484	-7.09375	-40.40625	13	185.3873	161.6075	146.2396	201.9303	195.6519	142.9512
1382.576	-0.01269531	0.7763672	-0.2607422	0.84375	28.5	8.21875	0.2646484	0.8974609	0.3642578	11.34375	-5.8125	0.78125	0.1533203	1.22168	-0.1396484	-7.09375	-40.40625	13	185.3873	161.6075	146.2396	201.9303	195.6519	142.9512
1382.61	-0.01269531	0.7763672	-0.2607422	0.84375	28.5	8.21875	0.2646484	0.8974609	0.3642578	11.34375	-5.8125	0.78125	0.08007813	1.207031	-0.1103516	-11.125	-24.625	13.53125	185.5156	161.2213	146.8339	203.9352	197.9408	143.8257
1382.644	0.3007813	0.8974609	-0.5175781	18.34375	20.96875	24.75	0.1220703	1.018555	0.4833984	10.0625	6.28125	6.34375	0.08007813	1.207031	-0.1103516	-11.125	-24.625	13.53125	185.5156	161.2213	146.8339	203.9352	197.9408	143.8257
1382.677	0.3007813	0.8974609	-0.5175781	18.34375	20.96875	24.75	0.1220703	1.018555	0.4833984	10.0625	6.28125	6.34375	0.01269531	1.067383	-0.3339844	-11.84375	-22.59375	12.3125	185.5156	161.2213	146.8339	203.9352	197.9408	143.8257
1382.71	0.3007813	0.8974609	-0.5175781	18.34375	20.96875	24.75	0.1220703	1.018555	0.4833984	10.0625	6.28125	6.34375	0.01269531	1.067383	-0.3339844	-11.84375	-22.59375	12.3125	185.5156	161.2213	146.8339	217.9426	292.2869	143.7871
1382.743	0.1787109	0.8759766	-0.5019531	21.21875	23.1875	20	0.1220703	1.018555	0.4833984	10.0625	6.28125	6.34375	0.01269531	1.067383	-0.3339844	-11.84375	-22.59375	12.3125	185.5156	161.2213	146.8339	217.9414	293.0405	143.2103
1382.776	0.1787109	0.8759766	-0.5019531	21.21875	23.1875	20	0.1220703	1.018555	0.4833984	10.0625	6.28125	6.34375	0.04980469	1.362305	-0.2285156	-11.375	0.71875	3.71875	185.5156	161.2213	146.8339	217.9414	293.0405	143.2103
1382.809	0.1787109	0.8759766	-0.5019531	21.21875	23.1875	20	0.1220703	1.018555	0.4833984	10.0625	6.28125	6.34375	0.04980469	1.362305	-0.2285156	-11.375	0.71875	3.71875	185.5156	161.2213	146.8339	217.9414	293.0405	143.2103
1382.843	0.1787109	0.8759766	-0.5019531	21.21875	23.1875	20	0.2158203	0.7900391	0.2753906	23.25	-8.875	14.15625	0.04980469	1.362305	-0.2285156	-11.375	0.71875	3.71875	185.5156	161.2213	146.8339	217.9414	293.0405	143.2103
1382.876	0.1787109	0.8759766	-0.5019531	21.21875	23.1875	20	0.2158203	0.7900391	0.2753906	23.25	-8.875	14.15625	0.109375	1.291992	-0.01171875	-11.90625	-5.09375	2.5625	185.5156	161.2213	146.8339	217.9414	293.0405	143.2103
1382.91	0.1787109	0.8759766	-0.5019531	21.21875	23.1875	20	0.2158203	0.7900391	0.2753906	23.25	-8.875	14.15625	0.109375	1.291992	-0.01171875	-11.90625	-5.09375	2.5625	163.3927	257.7346	157.0997	208.3161	202.9116	145.9952
1382.943	0.1787109	0.8759766	-0.5019531	21.21875	23.1875	20	0.1689453	0.9814453	0.1132813	16.53125	-11.625	7.8125	0.109375	1.291992	-0.01171875	-11.90625	-5.09375	2.5625	164.9687	258.0364	158.7536	208.3161	202.9116	145.9952
1382.977	0.1787109	0.8759766	-0.5019531	21.21875	23.1875	20	0.1689453	0.9814453	0.1132813	16.53125	-11.625	7.8125	0.1923828	1.076172	-0.06542969	-26.625	-12.28125	-3.625	164.9687	258.0364	158.7536	208.3161	202.9116	145.9952
1383.01	0.1787109	0.8759766	-0.5019531	21.21875	23.1875	20	0.1503906	0.9697266	0.1962891	1.15625	-9.0625	0.03125	0.1923828	1.076172	-0.06542969	-26.625	-12.28125	-3.625	164.9687	258.0364	158.7536	208.2912	203.023	145.8068
1383.058	0.1787109	0.8759766	-0.5019531	21.21875	23.1875	20	0.1503906	0.9697266	0.1962891	1.15625	-9.0625	0.03125	0.1923828	1.076172	-0.06542969	-26.625	-12.28125	-3.625	164.9687	258.0364	158.7536	208.2912	203.023	145.8068
1383.076	0.1787109	0.8759766	-0.5019531	21.21875	23.1875	20	0.1503906	0.9697266	0.1962891	1.15625	-9.0625	0.03125	0.2890625	1.076172	-0.09082031	-25.15625	10.78125	-9.90625	164.9687	258.0364	158.7536	208.2912	203.023	145.8068
1383.109	0.3037109	0.8681641	-0.6132813	-33.46875	-45.84375	10.96875	0.0234375	0.7939453	0.2753906	-12.28125	-8.25	-6.59375	0.2890625	1.076172	-0.09082031	-25.15625	10.78125	-9.90625	164.9687	258.0364	158.7536	207.6932	205.3144	143.5319
1383.143	0.3037109	0.8681641	-0.6132813	-33.46875	-45.84375	10.96875	0.0234375	0.7939453	0.2753906	-12.28125	-8.25	-6.59375	0.2890625	1.076172	-0.09082031	-25.15625	10.78125	-9.90625	164.9687	258.0364	158.7536	207.9149	206.2106	142.4629
1383.175	0.3037109	0.8681641	-0.6132813	-33.46875	-45.84375	10.96875	0.0234375	0.7939453	0.2753906	-12.28125	-8.25	-6.59375	0.2851563	1.362305	-0.1376953	-6.5	3.59375	-4.21875	164.9687	258.0364	158.7536	207.9149	206.2106	142.4629
1383.209	0.2119141	0.7988281	-0.5087891	-28.8125	-43.03125	12.5625	0.0234375	0.7939453	0.2753906	-12.28125	-8.25	-6.59375	0.2851563	1.362305	-0.1376953	-6.5	3.59375	-4.21875	164.9687	258.0364	158.7536	207.9149	206.2106	142.4629
1383.243	0.3007813	0.9257813	-0.3603516	-9.53125	-45.78125	1.09375	0.0234375	0.7939453	0.2753906	-12.28125	-8.25	-6.59375	0.2851563	1.362305	-0.1376953	-6.5	3.59375	-4.21875	164.9687	258.0364	158.7536	208.3187	207.2315	141.9715
1383.277	0.3007813	0.9257813	-0.3603516	-9.53125	-45.78125	1.09375	0.0234375	0.7939453	0.2753906	-12.28125	-8.25	-6.59375	0.3164063	0.9208984	0.04101563	-16.1875	-10.6875	13.03125	164.9687	258.0364	158.7536	208.3187	207.2315	141.9715
1383.309	0.3007813	0.9257813	-0.3603516	-9.53125	-45.78125	1.09375	0.0234375	0.7939453	0.2753906	-12.28125	-8.25	-6.59375	0.3164063	0.9208984	0.04101563	-16.1875	-10.6875	13.03125	162.0063	260.3702	157.6982	208.9374	204.9602	139.0179
1383.343	0.3007813	0.9257813	-0.3603516	-9.53125	-45.78125	1.09375	0.0234375	0.7939453	0.2753906	-12.28125	-8.25	-6.59375	0.3164063	0.9082031	0.002929688	19.9375	0.03125	6.75	161.4749	262.0869	156.6375	208.9374	204.9602	139.0179
1383.376	0.3007813	0.9257813	-0.3603516	-9.53125	-45.78125	1.09375	0.0234375	0.7939453	0.2753906	-12.28125	-8.25	-6.59375	0.3164063	0.9082031	0.002929688	19.9375	0.03125	6.75	161.4749	262.0869	156.6375	208.9374	204.9602	139.0179
1383.409	0.3007813	0.9257813	-0.3603516	-9.53125	-45.78125	1.09375	0.0234375	0.7939453	0.2753906	-12.28125	-8.25	-6.59375	0.3164063	0.9082031	0.002929688	19.9375	0.03125	6.75	161.4749	262.0869	156.6375	208.9374	204.9602	139.0179
1383.443	0.3007813	0.9257813	-0.3603516	-9.53125	-45.78125	1.09375	0.0234375	0.7939453	0.2753906	-12.28125	-8.25	-6.59375	0.1601563	1.404297	0.1035156	48.8125	26	3.71875	161.4749	262.0869	156.6375	210.9848	200.8049	141.2187
1383.476	-0.02832031	0.7636719	-0.3310547	5.59375	-21.75	-17.28125	0.0234375	0.7939453	0.2753906	-12.28125	-8.25	-6.59375	0.1601563	1.404297	0.1035156	48.8125	26	3.71875	161.4749	262.0869	156.6375	210.9848	200.8049	141.2187
1383.509	-0.02832031	0.7636719	-0.3310547	5.59375	-21.75	-17.28125	0.0234375	0.7939453	0.2753906	-12.28125	-8.25	-6.59375	0.1601563	1.404297	0.1035156	48.8125	26	3.71875	161.4749	262.0869	156.6375	210.9848	200.8049	141.2187
1383.543	0.06738281	0.7392578	-0.3554688	9.1875	-5.3125	-17.34375	0.2841797	0.7851563	0.4482422	-14.25	2.96875	2.0625	0.1601563	1.404297	0.1035156	48.8125	26	3.71875	161.4749	262.0869	156.6375	208.0995	198.6299	141.2801
1383.576	-0.06347656	0.8505859	-0.3193359	2.59375	2.71875	-15.875	0.2841797	0.7851563	0.4482422	-14.25	2.96875	2.0625	0.203125	1.118164	-0.5097656	1.09375	-5.875	-0.6875	161.4749	262.0869	156.6375	208.0995	198.6299	141.2801
1383.609	-0.06347656	0.8505859	-0.3193359	2.59375	2.71875	-15.875	0.2617188	0.9326172	0.21875	-13.1875	5.53125	-4.65625	0.203125	1.118164	-0.5097656	1.09375	-5.875	-0.6875	161.9381	263.6408	153.9767	211.4275	198.0407	142.7155
1383.642	-0.06347656	0.8505859	-0.3193359	2.59375	2.71875	-15.875	0.2617188	0.9326172	0.21875	-13.1875	5.53125	-4.65625	0.3525391	1.230469	0.03515625	16.9375	18.46875	-1.25	161.9381	263.6408	153.9767	211.4275	198.0407	142.7155
1383.675	0.1308594	0.8691406	-0.3759766	5.96875	-17.15625	-14.46875	0.2617188	0.9326172	0.21875	-13.1875	5.53125	-4.65625	0.3525391	1.230469	0.03515625	16.9375	18.46875	-1.25	161.9381	263.6408	153.9767	211.4275	198.0407	142.7155
1383.709	0.1308594	0.8691406	-0.3759766	5.96875	-17.15625	-14.46875	0.2617188	0.9326172	0.21875	-13.1875	5.53125	-4.65625	0.3525391	1.230469	0.03515625	16.9375	18.46875	-1.25	161.9381	263.6408	153.9767	207.5748	184.9903	144.6225
1383.743	0.1308594	0.8691406	-0.3759766	5.96875	-17.15625	-14.46875	0.2617188	0.9326172	0.21875	-13.1875	5.53125	-4.65625	0.1669922	1.250977	-0.08203125	2.4375	-31.6875	3.34375	161.9381	263.6408	153.9767	207.5748	184.9903	144.6225
1383.775	0.1308594	0.8691406	-0.3759766	5.96875	-17.15625	-14.46875	0.2617188	0.9326172	0.21875	-13.1875	5.53125	-4.65625	0.1669922	1.250977	-0.08203125	2.4375	-31.6875	3.34375	161.9381	263.6408	153.9767	207.5748	184.9903	144.6225
1383.81	0.1308594	0.8691406	-0.3759766	5.96875	-17.15625	-14.46875	0.2617188	0.9326172	0.21875	-13.1875	5.53125	-4.65625	0.1669922	1.250977	-0.08203125	2.4375	-31.6875	3.34375	162.1505	254.0106	151.3727	209.5264	196.9163	141.8327
1383.843	0.1308594	0.8691406	-0.3759766	5.96875	-17.15625	-14.46875	0.2617188	0.9326172	0.21875	-13.1875	5.53125	-4.65625	0.1035156	1.311523	-0.1542969	-1.84375	-8.5	8.21875	162.1505	254.0106	151.3727	209.5264	196.9163	141.8327
1383.876	0.1308594	0.8691406	-0.3759766	5.96875	-17.15625	-14.46875	0.3408203	0.4589844	0.2138672	3.46875	15.5625	-1.78125	0.1035156	1.311523	-0.1542969	-1.84375	-8.5	8.21875	162.1505	254.0106	151.3727	209.5264	196.9163	141.8327
1383.909	0.1308594	0.8691406	-0.3759766	5.96875	-17.15625	-14.46875	0.3408203	0.4589844	0.2138672	3.46875	15.5625	-1.78125	0.05859375	1.148438	-0.015625	0.34375	-7.15625	4.125	162.1505	254.0106	151.3727	210.2411	197.9458	141.5227
1383.942	-0.08300781	0.8945313	-0.3574219	-6.375	-0.8125	-8.625	0.3408203	0.4589844	0.2138672	3.46875	15.5625	-1.78125	0.05859375	1.148438	-0.015625	0.34375	-7.15625	4.125	162.1505	254.0106	151.3727	210.2411	197.9458	141.5227
1383.975	-0.08300781	0.8945313	-0.3574219	-6.375	-0.8125	-8.625	0.1679688	0.7783203	0.4482422	30.125	4.1875	1.5625	0.05859375	1.148438	-0.015625	0.34375	-7.15625	4.125	162.1505	254.0106	151.3727	210.2411	197.9458	141.5227
1384.009	-0.08300781	0.7988281	-0.453125	-9.65625	18.1875	-3.8125	0.1679688	0.7783203	0.4482422	30.125	4.1875	1.5625	0.05859375	1.148438	-0.015625	0.34375	-7.15625	4.125	162.1505	254.0106	151.3727	210.8981	198.6825	141.1613
1384.042	-0.08300781	0.7988281	-0.453125	-9.65625	18.1875	-3.8125	0.1679688	0.7783203	0.4482422	30.125	4.1875	1.5625	0.1855469	1.173828	-0.2167969	1.15625	2.71875	-0.5625	163.4437	252.3234	151.7497	210.8981	198.6825	141.1613
1384.075	-0.08300781	0.7988281	-0.453125	-9.65625	18.1875	-3.8125	0.2216797	1.129883	0.5458984	2.5	10.90625	1.625	0.1855469	1.173828	-0.2167969	1.15625	2.71875	-0.5625	163.4437	252.3234	151.7497	210.8981	198.6825	141.1613
1384.109	-0.08300781	0.7988281	-0.453125	-9.65625	18.1875	-3.8125	0.2216797	1.129883	0.5458984	2.5	10.90625	1.625	0.1855469	1.173828	-0.2167969	1.15625	2.71875	-0.5625	163.4437	252.3234	151.7497	210.6831	199.0559	142.4568
1384.142	-0.08300781	0.7988281	-0.453125	-9.65625	18.1875	-3.8125	0.2216797	1.129883	0.5458984	2.5	10.90625	1.625	0.2412109	1.256836	-0.1777344	2.375	1.9375	-2.34375	163.4437	252.3234	151.7497	210.6831	199.0559	142.4568
1384.175	-0.08300781	0.7988281	-0.453125	-9.65625	18.1875	-3.8125	0.2216797	1.129883	0.5458984	2.5	10.90625	1.625	0.2412109	1.256836	-0.1777344	2.375	1.9375	-2.34375	163.4437	252.3234	151.7497	210.6831	199.0559	142.4568
1384.21	-0.08300781	0.7988281	-0.453125	-9.65625	18.1875	-3.8125	0.2216797	1.129883	0.5458984	2.5	10.90625	1.625	0.2070313	1.293945	-0.06054688	3.28125	7.75	-5.5625	163.4437	252.3234	151.7497	210.0748	198.5415	142.6439
1384.242	-0.1630859	0.875	-0.6025391	-3.5625	19.625	-8.6875	0.2216797	1.129883	0.5458984	2.5	10.90625	1.625	0.2070313	1.293945	-0.06054688	3.28125	7.75	-5.5625	164.2365	250.0934	154.273	210.0748	198.5415	142.6439
1384.274	-0.1630859	0.875	-0.6025391	-3.5625	19.625	-8.6875	0.2216797	1.129883	0.5458984	2.5	10.90625	1.625	0.2070313	1.293945	-0.06054688	3.28125	7.75	-5.5625	164.2365	250.0934	154.273	210.0748	198.5415	142.6439
1384.309	-0.1630859	0.875	-0.6025391	-3.5625	19.625	-8.6875	0.03027344	0.8271484	0.2880859	0.34375	-0.1875	2.25	0.1494141	1.192383	-0.1552734	0.90625	2.1875	-2.46875	164.2365	250.0934	154.273	208.9494	203.6618	144.1143
