601.1234	0.04003906	0.9082031	0.2216797	-4.90625	-1.3125	-1.0625	0.09179688	0.1435547	0.9296875	0.90625	-0.4375	-0.6875	0.1484375	1.089844	-0.2753906	0.03125	0.65625	-0.25	93.53929	86.87571	175.9328	92.24039	98.12263	156.6594
601.1263	0.04003906	0.9082031	0.2216797	-4.90625	-1.3125	-1.0625	0.09179688	0.1435547	0.9296875	0.90625	-0.4375	-0.6875	0.1484375	1.089844	-0.2753906	0.03125	0.65625	-0.25	93.63164	86.80514	176.122	92.0149	98.31875	156.7706
601.1444	0.04003906	0.9082031	0.2216797	-4.90625	-1.3125	-1.0625	0.09179688	0.1435547	0.9296875	0.90625	-0.4375	-0.6875	0.1484375	1.089844	-0.2753906	0.03125	0.65625	-0.25	93.63164	86.80514	176.122	92.0149	98.31875	156.7706
601.1785	0.04003906	0.9082031	0.2216797	-4.90625	-1.3125	-1.0625	0.09179688	0.2207031	0.9316406	-0.5625	-1.59375	-1.25	0.1484375	1.089844	-0.2753906	0.03125	0.65625	-0.25	93.63164	86.80514	176.122	92.31684	97.46002	156.7207
601.2121	0.04003906	0.9082031	0.2216797	-4.90625	-1.3125	-1.0625	0.09179688	0.2207031	0.9316406	-0.5625	-1.59375	-1.25	0.078125	0.9433594	-0.3173828	-0.875	-0.3125	0.40625	93.63164	86.80514	176.122	92.31684	97.46002	156.7207
601.2449	0.04003906	0.9082031	0.2216797	-4.90625	-1.3125	-1.0625	0.09179688	0.2207031	0.9316406	-0.5625	-1.59375	-1.25	0.078125	0.9433594	-0.3173828	-0.875	-0.3125	0.40625	93.63164	86.80514	176.122	92.31684	97.46002	156.7207
601.2783	0.04003906	0.9082031	0.2216797	-4.90625	-1.3125	-1.0625	0.09179688	0.2207031	0.9316406	-0.5625	-1.59375	-1.25	0.078125	0.9433594	-0.3173828	-0.875	-0.3125	0.40625	93.63164	86.80514	176.122	92.31684	97.46002	156.7207
601.312	0.04003906	0.9082031	0.2216797	-4.90625	-1.3125	-1.0625	0.09179688	0.2207031	0.9316406	-0.5625	-1.59375	-1.25	0.078125	0.9433594	-0.3173828	-0.875	-0.3125	0.40625	93.28297	88.62261	175.7854	92.25219	97.27367	156.1212
601.3449	0.1113281	0.9179688	0.3291016	-2.6875	-0.125	-1	0.09179688	0.2207031	0.9316406	-0.5625	-1.59375	-1.25	0.1367188	1.047852	-0.2255859	0.71875	1.8125	0.28125	93.28297	88.62261	175.7854	92.25219	97.27367	156.1212
601.3785	0.1113281	0.9179688	0.3291016	-2.6875	-0.125	-1	0.07128906	0.1328125	0.9921875	0.71875	1.03125	-0.8125	0.1367188	1.047852	-0.2255859	0.71875	1.8125	0.28125	93.28297	88.62261	175.7854	92.29578	97.05501	156.0858
601.4119	0.1113281	0.9179688	0.3291016	-2.6875	-0.125	-1	0.07128906	0.1328125	0.9921875	0.71875	1.03125	-0.8125	0.08203125	0.921875	-0.3193359	-0.3125	0.21875	-0.75	93.12543	88.96513	176.0471	92.29578	97.05501	156.0858
601.4449	0.1113281	0.9179688	0.3291016	-2.6875	-0.125	-1	0.07128906	0.1328125	0.9921875	0.71875	1.03125	-0.8125	0.08203125	0.921875	-0.3193359	-0.3125	0.21875	-0.75	93.12543	88.96513	176.0471	92.29578	97.05501	156.0858
601.4783	0.1113281	0.9179688	0.3291016	-2.6875	-0.125	-1	0.07128906	0.1328125	0.9921875	0.71875	1.03125	-0.8125	0.08203125	0.921875	-0.3193359	-0.3125	0.21875	-0.75	93.12543	88.96513	176.0471	91.92046	97.82685	155.8667
601.5121	0.08691406	0.9873047	0.1347656	-2.15625	0.34375	-0.875	0.07128906	0.1328125	0.9921875	0.71875	1.03125	-0.8125	0.1152344	0.9335938	-0.3164063	0.46875	-0.25	-0.0625	93.12543	88.96513	176.0471	91.92046	97.82685	155.8667
601.5449	0.08691406	0.9873047	0.1347656	-2.15625	0.34375	-0.875	0.07128906	0.1328125	0.9921875	0.71875	1.03125	-0.8125	0.1152344	0.9335938	-0.3164063	0.46875	-0.25	-0.0625	93.12543	88.96513	176.0471	91.92046	97.82685	155.8667
601.5784	0.1621094	0.9726563	0.2011719	-0.625	1.15625	-0.375	0.07128906	0.1328125	0.9921875	0.71875	1.03125	-0.8125	0.1152344	0.9335938	-0.3164063	0.46875	-0.25	-0.0625	93.5075	87.4256	176.168	92.10571	97.7443	156.7212
601.6122	0.1621094	0.9726563	0.2011719	-0.625	1.15625	-0.375	0.07128906	0.1328125	0.9921875	0.71875	1.03125	-0.8125	0.1152344	0.9335938	-0.3164063	0.46875	-0.25	-0.0625	93.5075	87.4256	176.168	92.10571	97.7443	156.7212
601.6451	0.1621094	0.9726563	0.2011719	-0.625	1.15625	-0.375	0.07128906	0.1328125	0.9921875	0.71875	1.03125	-0.8125	0.03613281	0.8681641	-0.4052734	0.65625	-0.0625	0	93.5075	87.4256	176.168	92.10571	97.7443	156.7212
601.6788	0.1621094	0.9726563	0.2011719	-0.625	1.15625	-0.375	0.07128906	0.1328125	0.9921875	0.71875	1.03125	-0.8125	0.03613281	0.8681641	-0.4052734	0.65625	-0.0625	0	93.53372	87.4419	175.9515	92.32967	97.33238	156.8069
601.712	0.1621094	0.9726563	0.2011719	-0.625	1.15625	-0.375	0.07128906	0.1328125	0.9921875	0.71875	1.03125	-0.8125	-0.006835938	1.021484	-0.2988281	-0.375	0.21875	-0.0625	93.53372	87.4419	175.9515	92.32967	97.33238	156.8069
601.7448	0.1621094	0.9726563	0.2011719	-0.625	1.15625	-0.375	0.1132813	0.1318359	0.9277344	0.34375	-0.75	-0.25	-0.006835938	1.021484	-0.2988281	-0.375	0.21875	-0.0625	93.53372	87.4419	175.9515	92.32967	97.33238	156.8069
601.7783	0.1621094	0.9726563	0.2011719	-0.625	1.15625	-0.375	0.1132813	0.1318359	0.9277344	0.34375	-0.75	-0.25	-0.006835938	1.021484	-0.2988281	-0.375	0.21875	-0.0625	93.53372	87.4419	175.9515	92.26971	97.43204	156.6049
601.812	0.1621094	0.9726563	0.2011719	-0.625	1.15625	-0.375	0.1132813	0.1318359	0.9277344	0.34375	-0.75	-0.25	0.07324219	0.9277344	-0.3554688	1.21875	0.03125	0.09375	93.53372	87.4419	175.9515	92.26971	97.43204	156.6049
601.8449	-0.05957031	0.8515625	0.2304688	0.21875	0.59375	0.09375	0.1132813	0.1318359	0.9277344	0.34375	-0.75	-0.25	0.07324219	0.9277344	-0.3554688	1.21875	0.03125	0.09375	93.53372	87.4419	175.9515	92.26971	97.43204	156.6049
601.8781	-0.05957031	0.8515625	0.2304688	0.21875	0.59375	0.09375	0.1132813	0.1318359	0.9277344	0.34375	-0.75	-0.25	0.07324219	0.9277344	-0.3554688	1.21875	0.03125	0.09375	93.65054	87.24387	175.8053	92.18751	97.3868	156.3864
601.912	-0.05957031	0.8515625	0.2304688	0.21875	0.59375	0.09375	0.1132813	0.1318359	0.9277344	0.34375	-0.75	-0.25	-0.1289063	0.9882813	-0.3300781	1.625	-0.9375	0.28125	93.65054	87.24387	175.8053	92.18751	97.3868	156.3864
601.9448	-0.05957031	0.8515625	0.2304688	0.21875	0.59375	0.09375	0.06933594	0.1992188	1.055664	0.03125	0.90625	0.53125	-0.1289063	0.9882813	-0.3300781	1.625	-0.9375	0.28125	93.65054	87.24387	175.8053	92.18751	97.3868	156.3864
601.9786	-0.05957031	0.8515625	0.2304688	0.21875	0.59375	0.09375	0.06933594	0.1992188	1.055664	0.03125	0.90625	0.53125	-0.1289063	0.9882813	-0.3300781	1.625	-0.9375	0.28125	93.71434	86.98876	175.8407	92.17314	97.36486	156.1451
602.0126	0.06054688	0.9238281	0.2480469	4.6875	0.46875	-0.6875	0.06933594	0.1992188	1.055664	0.03125	0.90625	0.53125	-0.01171875	0.8671875	-0.2626953	1.15625	0.09375	0.59375	93.71434	86.98876	175.8407	92.17314	97.36486	156.1451
602.0452	0.06054688	0.9238281	0.2480469	4.6875	0.46875	-0.6875	0.1572266	0.2236328	0.9892578	0	0.71875	-0.625	-0.01171875	0.8671875	-0.2626953	1.15625	0.09375	0.59375	93.71434	86.98876	175.8407	92.17314	97.36486	156.1451
602.0784	0.06054688	0.9238281	0.2480469	4.6875	0.46875	-0.6875	0.1572266	0.2236328	0.9892578	0	0.71875	-0.625	-0.01171875	0.8671875	-0.2626953	1.15625	0.09375	0.59375	93.71434	86.98876	175.8407	92.26517	97.35099	156.4982
602.1121	0.06054688	0.9238281	0.2480469	4.6875	0.46875	-0.6875	0.1572266	0.2236328	0.9892578	0	0.71875	-0.625	0.08691406	0.9863281	-0.4619141	0.34375	-0.5625	0.15625	93.71434	86.98876	175.8407	92.26517	97.35099	156.4982
602.1448	0.06054688	0.9238281	0.2480469	4.6875	0.46875	-0.6875	0.1572266	0.2236328	0.9892578	0	0.71875	-0.625	0.08691406	0.9863281	-0.4619141	0.34375	-0.5625	0.15625	93.71434	86.98876	175.8407	92.26517	97.35099	156.4982
602.1783	0.06054688	0.9238281	0.2480469	4.6875	0.46875	-0.6875	0.05957031	0.2265625	0.9863281	0.40625	0.84375	-0.9375	0.08691406	0.9863281	-0.4619141	0.34375	-0.5625	0.15625	93.71434	86.98876	175.8407	92.20058	97.71758	156.5828
602.2126	0.06054688	0.9238281	0.2480469	4.6875	0.46875	-0.6875	0.05957031	0.2265625	0.9863281	0.40625	0.84375	-0.9375	0.09082031	1.044922	-0.2773438	0.78125	1.6875	0.15625	93.71434	86.98876	175.8407	92.20058	97.71758	156.5828
602.2451	0.02539063	0.9394531	0.2724609	5.40625	-1.3125	-0.625	0.2099609	0.1191406	1.057617	0.15625	-0.8125	-0.25	0.09082031	1.044922	-0.2773438	0.78125	1.6875	0.15625	93.71434	86.98876	175.8407	92.20058	97.71758	156.5828
602.2781	0.02539063	0.9394531	0.2724609	5.40625	-1.3125	-0.625	0.2099609	0.1191406	1.057617	0.15625	-0.8125	-0.25	0.04980469	0.9433594	-0.3095703	0.34375	-0.0625	0.34375	93.81831	86.85281	176.0195	92.36807	97.20026	156.7885
602.3119	0.02539063	0.9394531	0.2724609	5.40625	-1.3125	-0.625	0.2099609	0.1191406	1.057617	0.15625	-0.8125	-0.25	0.04980469	0.9433594	-0.3095703	0.34375	-0.0625	0.34375	93.81831	86.85281	176.0195	92.36807	97.20026	156.7885
602.3448	0.02539063	0.9394531	0.2724609	5.40625	-1.3125	-0.625	0.2099609	0.1191406	1.057617	0.15625	-0.8125	-0.25	0.04980469	0.9433594	-0.3095703	0.34375	-0.0625	0.34375	93.81831	86.85281	176.0195	92.36807	97.20026	156.7885
602.3782	0.02539063	0.9394531	0.2724609	5.40625	-1.3125	-0.625	0.2099609	0.1191406	1.057617	0.15625	-0.8125	-0.25	0.04980469	0.9433594	-0.3095703	0.34375	-0.0625	0.34375	93.81831	86.85281	176.0195	92.59026	96.67367	156.7285
602.4117	0.02539063	0.9394531	0.2724609	5.40625	-1.3125	-0.625	0.2099609	0.1191406	1.057617	0.15625	-0.8125	-0.25	0.1767578	0.8408203	-0.3525391	-0.8125	0.90625	-0.5	93.81831	86.85281	176.0195	92.59026	96.67367	156.7285
602.4451	0.02539063	0.9394531	0.2724609	5.40625	-1.3125	-0.625	0.2099609	0.1191406	1.057617	0.15625	-0.8125	-0.25	0.1767578	0.8408203	-0.3525391	-0.8125	0.90625	-0.5	93.81831	86.85281	176.0195	92.59026	96.67367	156.7285
602.4778	0.0625	1.005859	0.3476563	1.875	1.375	-0.125	0.2099609	0.1191406	1.057617	0.15625	-0.8125	-0.25	0.05664063	0.8476563	-0.3671875	0.59375	-0.3125	-0.1875	93.81831	86.85281	176.0195	92.56833	96.69594	156.6866
602.5114	0.0625	1.005859	0.3476563	1.875	1.375	-0.125	0.2099609	0.1191406	1.057617	0.15625	-0.8125	-0.25	0.05664063	0.8476563	-0.3671875	0.59375	-0.3125	-0.1875	93.81831	86.85281	176.0195	92.56833	96.69594	156.6866
602.5452	0.01367188	0.8222656	0.3154297	-2.21875	0.03125	-0.875	0.1113281	0.1591797	0.890625	-0.375	-1.84375	-1.40625	0.05664063	0.8476563	-0.3671875	0.59375	-0.3125	-0.1875	93.81831	86.85281	176.0195	92.56833	96.69594	156.6866
602.578	0.01367188	0.8222656	0.3154297	-2.21875	0.03125	-0.875	0.1113281	0.1591797	0.890625	-0.375	-1.84375	-1.40625	0.04199219	0.8779297	-0.3720703	-0.125	1.3125	-0.0625	93.8065	87.32986	176.2492	92.71361	96.17025	156.5619
602.6113	0.01367188	0.8222656	0.3154297	-2.21875	0.03125	-0.875	0.2177734	0.2041016	1.032227	0.59375	-0.375	-1.3125	0.04199219	0.8779297	-0.3720703	-0.125	1.3125	-0.0625	93.8065	87.32986	176.2492	92.71361	96.17025	156.5619
602.6444	0.01367188	0.8222656	0.3154297	-2.21875	0.03125	-0.875	0.2177734	0.2041016	1.032227	0.59375	-0.375	-1.3125	0.04199219	0.8779297	-0.3720703	-0.125	1.3125	-0.0625	93.8065	87.32986	176.2492	92.71361	96.17025	156.5619
602.6776	0.01367188	0.8222656	0.3154297	-2.21875	0.03125	-0.875	0.2177734	0.2041016	1.032227	0.59375	-0.375	-1.3125	0.008789063	0.9189453	-0.2880859	-1.3125	-0.6875	-0.5	93.8065	87.32986	176.2492	92.71404	96.1278	156.5667
602.7109	0.01367188	0.8222656	0.3154297	-2.21875	0.03125	-0.875	0.2177734	0.2041016	1.032227	0.59375	-0.375	-1.3125	0.008789063	0.9189453	-0.2880859	-1.3125	-0.6875	-0.5	93.8065	87.32986	176.2492	92.71404	96.1278	156.5667
602.744	0.01367188	0.8222656	0.3154297	-2.21875	0.03125	-0.875	0.2177734	0.2041016	1.032227	0.59375	-0.375	-1.3125	0.008789063	0.9189453	-0.2880859	-1.3125	-0.6875	-0.5	93.8065	87.32986	176.2492	92.71404	96.1278	156.5667
602.7776	-0.03125	1.032227	0.1816406	-0.9375	0.65625	-0.5625	0.1523438	0.2080078	1.067383	-0.125	-0.4375	0.71875	0.008789063	0.9189453	-0.2880859	-1.3125	-0.6875	-0.5	93.8065	87.32986	176.2492	92.66264	96.28916	156.6851
602.8109	-0.03125	1.032227	0.1816406	-0.9375	0.65625	-0.5625	0.1523438	0.2080078	1.067383	-0.125	-0.4375	0.71875	0.0234375	0.9160156	-0.2705078	-0.0625	-0.75	-0.1875	93.8065	87.32986	176.2492	92.66264	96.28916	156.6851
602.8443	-0.03125	1.032227	0.1816406	-0.9375	0.65625	-0.5625	0.1523438	0.2080078	1.067383	-0.125	-0.4375	0.71875	0.0234375	0.9160156	-0.2705078	-0.0625	-0.75	-0.1875	93.8065	87.32986	176.2492	92.66264	96.28916	156.6851
602.8777	-0.03125	1.032227	0.1816406	-0.9375	0.65625	-0.5625	0.1523438	0.2080078	1.067383	-0.125	-0.4375	0.71875	0.1591797	0.8212891	-0.3291016	0.34375	-0.3125	-0.125	93.48674	88.80516	176.1405	92.67548	95.98297	156.2756
602.9108	-0.03125	1.032227	0.1816406	-0.9375	0.65625	-0.5625	0.07421875	0.2304688	0.9257813	0.34375	0.71875	-1.1875	0.1591797	0.8212891	-0.3291016	0.34375	-0.3125	-0.125	93.48674	88.80516	176.1405	92.67548	95.98297	156.2756
602.944	-0.03125	1.032227	0.1816406	-0.9375	0.65625	-0.5625	0.07421875	0.2304688	0.9257813	0.34375	0.71875	-1.1875	0.1591797	0.8212891	-0.3291016	0.34375	-0.3125	-0.125	93.48674	88.80516	176.1405	92.67548	95.98297	156.2756
602.9776	-0.03125	1.032227	0.1816406	-0.9375	0.65625	-0.5625	0.07421875	0.2304688	0.9257813	0.34375	0.71875	-1.1875	-0.001953125	0.9921875	-0.2451172	0.59375	0.65625	0.34375	93.48674	88.80516	176.1405	92.62014	96.28905	156.6615
603.0111	-0.03125	1.032227	0.1816406	-0.9375	0.65625	-0.5625	0.07421875	0.2304688	0.9257813	0.34375	0.71875	-1.1875	-0.001953125	0.9921875	-0.2451172	0.59375	0.65625	0.34375	93.48674	88.80516	176.1405	92.62014	96.28905	156.6615
603.0446	-0.03125	1.032227	0.1816406	-0.9375	0.65625	-0.5625	0.07421875	0.2304688	0.9257813	0.34375	0.71875	-1.1875	-0.001953125	0.9921875	-0.2451172	0.59375	0.65625	0.34375	93.48674	88.80516	176.1405	92.62014	96.28905	156.6615
603.0781	-0.03125	1.032227	0.1816406	-0.9375	0.65625	-0.5625	0.1572266	0.1767578	0.9013672	-0.75	-0.75	-0.875	0.01074219	0.9208984	-0.34375	1.09375	0.65625	0.09375	93.50883	88.73026	176.3376	92.51546	96.24726	156.1558
603.1115	-0.03125	1.032227	0.1816406	-0.9375	0.65625	-0.5625	0.1572266	0.1767578	0.9013672	-0.75	-0.75	-0.875	0.01074219	0.9208984	-0.34375	1.09375	0.65625	0.09375	93.69589	88.15736	176.1473	92.51546	96.24726	156.1558
603.145	-0.03125	1.032227	0.1816406	-0.9375	0.65625	-0.5625	0.1572266	0.1767578	0.9013672	-0.75	-0.75	-0.875	0.01074219	0.9208984	-0.34375	1.09375	0.65625	0.09375	93.69589	88.15736	176.1473	92.51546	96.24726	156.1558
603.1781	-0.03125	1.032227	0.1816406	-0.9375	0.65625	-0.5625	0.1572266	0.1767578	0.9013672	-0.75	-0.75	-0.875	0.1152344	0.890625	-0.2929688	-1.40625	-0.25	0	93.69589	88.15736	176.1473	92.65396	95.90166	156.1259
603.2104	-0.03125	1.032227	0.1816406	-0.9375	0.65625	-0.5625	0.1269531	0.2207031	0.984375	-0.3125	-0.4375	0.09375	0.1152344	0.890625	-0.2929688	-1.40625	-0.25	0	93.69589	88.15736	176.1473	92.72276	95.93181	156.5156
603.2433	-0.03125	1.032227	0.1816406	-0.9375	0.65625	-0.5625	0.1269531	0.2207031	0.984375	-0.3125	-0.4375	0.09375	0.1152344	0.890625	-0.2929688	-1.40625	-0.25	0	93.69589	88.15736	176.1473	92.72276	95.93181	156.5156
603.2776	-0.03125	1.032227	0.1816406	-0.9375	0.65625	-0.5625	0.1269531	0.2207031	0.984375	-0.3125	-0.4375	0.09375	0.04003906	0.9130859	-0.2861328	0.59375	0.21875	0.53125	93.69589	88.15736	176.1473	92.72276	95.93181	156.5156
603.311	-0.03125	1.032227	0.1816406	-0.9375	0.65625	-0.5625	0.1269531	0.2207031	0.984375	-0.3125	-0.4375	0.09375	0.04003906	0.9130859	-0.2861328	0.59375	0.21875	0.53125	93.69589	88.15736	176.1473	92.72276	95.93181	156.5156
603.3439	-0.03125	1.032227	0.1816406	-0.9375	0.65625	-0.5625	0.1269531	0.2207031	0.984375	-0.3125	-0.4375	0.09375	0.04003906	0.9130859	-0.2861328	0.59375	0.21875	0.53125	93.69589	88.15736	176.1473	92.72276	95.93181	156.5156
603.3772	-0.03125	1.032227	0.1816406	-0.9375	0.65625	-0.5625	0.1269531	0.2207031	0.984375	-0.3125	-0.4375	0.09375	0.1982422	1.030273	-0.3242188	0.78125	0.78125	0.96875	93.64514	88.20629	176.2706	92.6476	95.96718	156.3219
603.4107	-0.03125	1.032227	0.1816406	-0.9375	0.65625	-0.5625	0.1269531	0.2207031	0.984375	-0.3125	-0.4375	0.09375	0.1982422	1.030273	-0.3242188	0.78125	0.78125	0.96875	93.64514	88.20629	176.2706	92.6476	95.96718	156.3219
603.4438	-0.03125	1.032227	0.1816406	-0.9375	0.65625	-0.5625	0.1269531	0.2207031	0.984375	-0.3125	-0.4375	0.09375	0.1982422	1.030273	-0.3242188	0.78125	0.78125	0.96875	93.64514	88.20629	176.2706	92.6476	95.96718	156.3219
603.4772	-0.03125	1.032227	0.1816406	-0.9375	0.65625	-0.5625	0.1054688	0.2207031	0.8632813	-0.5625	-0.9375	0.09375	-0.02050781	0.9648438	-0.3408203	-0.0625	0.34375	0.46875	93.64514	88.20629	176.2706	92.47258	96.44441	156.453
603.5109	0.1035156	1.021484	0.1699219	-0.5625	-1.78125	-0.6875	0.1054688	0.2207031	0.8632813	-0.5625	-0.9375	0.09375	-0.02050781	0.9648438	-0.3408203	-0.0625	0.34375	0.46875	93.64514	88.20629	176.2706	92.40086	96.54614	156.4123
603.5439	0.1035156	1.021484	0.1699219	-0.5625	-1.78125	-0.6875	0.1054688	0.2207031	0.8632813	-0.5625	-0.9375	0.09375	-0.02050781	0.9648438	-0.3408203	-0.0625	0.34375	0.46875	93.64514	88.20629	176.2706	92.40086	96.54614	156.4123
603.5772	0.1035156	1.021484	0.1699219	-0.5625	-1.78125	-0.6875	0.1142578	0.08984375	0.9902344	0.46875	0.34375	-0.4375	0.0625	0.9580078	-0.2880859	0	0.15625	-0.0625	93.64514	88.20629	176.2706	92.40086	96.54614	156.4123
603.6112	-0.04980469	0.7978516	0.2773438	-0.3125	-0.0625	-0.5625	0.1142578	0.08984375	0.9902344	0.46875	0.34375	-0.4375	0.0625	0.9580078	-0.2880859	0	0.15625	-0.0625	93.64514	88.20629	176.2706	92.40086	96.54614	156.4123
603.6437	-0.04980469	0.7978516	0.2773438	-0.3125	-0.0625	-0.5625	0.1142578	0.08984375	0.9902344	0.46875	0.34375	-0.4375	0.0625	0.9580078	-0.2880859	0	0.15625	-0.0625	93.64514	88.20629	176.2706	92.40086	96.54614	156.4123
603.6771	-0.04980469	0.7978516	0.2773438	-0.3125	-0.0625	-0.5625	0.1142578	0.08984375	0.9902344	0.46875	0.34375	-0.4375	0.1455078	1.006836	-0.3964844	-0.625	0.03125	-0.1875	93.64514	88.20629	176.2706	92.27335	96.69897	156.0685
603.7106	-0.04980469	0.7978516	0.2773438	-0.3125	-0.0625	-0.5625	0.1142578	0.08984375	0.9902344	0.46875	0.34375	-0.4375	0.1455078	1.006836	-0.3964844	-0.625	0.03125	-0.1875	93.72047	87.89091	176.4886	92.28374	96.6957	156.3705
603.7433	-0.04980469	0.7978516	0.2773438	-0.3125	-0.0625	-0.5625	0.1142578	0.08984375	0.9902344	0.46875	0.34375	-0.4375	0.1455078	1.006836	-0.3964844	-0.625	0.03125	-0.1875	93.72047	87.89091	176.4886	92.28374	96.6957	156.3705
603.7782	-0.04980469	0.7978516	0.2773438	-0.3125	-0.0625	-0.5625	0.1025391	0.1982422	0.9560547	-0.375	0.96875	-0.8125	0.2041016	1.013672	-0.3095703	-0.25	1.15625	-0.0625	93.72047	87.89091	176.4886	92.28374	96.6957	156.3705
603.8105	0.1191406	0.9970703	0.08203125	-3.875	0.15625	0.53125	0.1025391	0.1982422	0.9560547	-0.375	0.96875	-0.8125	0.2041016	1.013672	-0.3095703	-0.25	1.15625	-0.0625	93.72047	87.89091	176.4886	92.23439	96.80156	156.389
603.8435	0.1191406	0.9970703	0.08203125	-3.875	0.15625	0.53125	0.0390625	0.2382813	0.9599609	0.96875	0.21875	-1.1875	0.1552734	0.8642578	-0.2490234	0.03125	0.09375	0.46875	93.72047	87.89091	176.4886	92.23439	96.80156	156.389
603.8768	0.1191406	0.9970703	0.08203125	-3.875	0.15625	0.53125	0.0390625	0.2382813	0.9599609	0.96875	0.21875	-1.1875	0.1552734	0.8642578	-0.2490234	0.03125	0.09375	0.46875	93.72047	87.89091	176.4886	92.23439	96.80156	156.389
603.9105	0.1191406	0.9970703	0.08203125	-3.875	0.15625	0.53125	0.0390625	0.2382813	0.9599609	0.96875	0.21875	-1.1875	0.1552734	0.8642578	-0.2490234	0.03125	0.09375	0.46875	93.72047	87.89091	176.4886	92.2071	96.91158	156.483
603.9443	0.1191406	0.9970703	0.08203125	-3.875	0.15625	0.53125	0.0390625	0.2382813	0.9599609	0.96875	0.21875	-1.1875	0.1201172	0.8974609	-0.2568359	-0.1875	-0.25	0.15625	93.72047	87.89091	176.4886	92.2071	96.91158	156.483
603.9769	0.1191406	0.9970703	0.08203125	-3.875	0.15625	0.53125	0.0390625	0.2382813	0.9599609	0.96875	0.21875	-1.1875	0.1201172	0.8974609	-0.2568359	-0.1875	-0.25	0.15625	93.72047	87.89091	176.4886	92.2071	96.91158	156.483
604.0276	0.1191406	0.9970703	0.08203125	-3.875	0.15625	0.53125	0.0390625	0.2382813	0.9599609	0.96875	0.21875	-1.1875	0.1201172	0.8974609	-0.2568359	-0.1875	-0.25	0.15625	93.72047	87.89091	176.4886	92.2071	96.91158	156.483
604.049	0.1142578	0.9541016	0.3496094	-1.96875	-0.125	-1.0625	0.06152344	0.1162109	0.9199219	-0.1875	0.15625	-0.5625	0.02636719	1.018555	-0.3417969	1.21875	-0.0625	-0.4375	93.72047	87.89091	176.4886	92.2071	96.91158	156.483
604.0764	0.01171875	0.9892578	0.1455078	-3.3125	0.71875	-1.46875	0.06152344	0.1162109	0.9199219	-0.1875	0.15625	-0.5625	0.02636719	1.018555	-0.3417969	1.21875	-0.0625	-0.4375	93.82271	87.72951	176.3331	92.6213	95.72296	156.1181
604.1102	0.01171875	0.9892578	0.1455078	-3.3125	0.71875	-1.46875	0.06152344	0.1162109	0.9199219	-0.1875	0.15625	-0.5625	0.02636719	1.018555	-0.3417969	1.21875	-0.0625	-0.4375	93.82271	87.72951	176.3331	92.6213	95.72296	156.1181
604.1431	0.01171875	0.9892578	0.1455078	-3.3125	0.71875	-1.46875	0.09863281	0.1943359	0.9794922	-1	-0.9375	-0.3125	0.02539063	0.9404297	-0.3925781	-0.125	0.46875	0.28125	93.82271	87.72951	176.3331	92.6213	95.72296	156.1181
604.1766	0.01171875	0.9892578	0.1455078	-3.3125	0.71875	-1.46875	0.09863281	0.1943359	0.9794922	-1	-0.9375	-0.3125	0.02539063	0.9404297	-0.3925781	-0.125	0.46875	0.28125	93.82271	87.72951	176.3331	92.44308	96.02448	155.9488
604.2103	0.01171875	0.9892578	0.1455078	-3.3125	0.71875	-1.46875	0.09863281	0.1943359	0.9794922	-1	-0.9375	-0.3125	0.04003906	0.9667969	-0.3398438	0.09375	0.03125	0.15625	93.82271	87.72951	176.3331	92.44308	96.02448	155.9488
604.2431	0.01171875	0.9892578	0.1455078	-3.3125	0.71875	-1.46875	0.09863281	0.1943359	0.9794922	-1	-0.9375	-0.3125	0.04003906	0.9667969	-0.3398438	0.09375	0.03125	0.15625	93.82271	87.72951	176.3331	92.44308	96.02448	155.9488
604.2767	0.01171875	0.9892578	0.1455078	-3.3125	0.71875	-1.46875	0.09863281	0.1943359	0.9794922	-1	-0.9375	-0.3125	0.04003906	0.9667969	-0.3398438	0.09375	0.03125	0.15625	93.82271	87.72951	176.3331	92.44312	96.08822	156.0972
604.3105	0.1601563	0.9638672	0.1542969	-1	-0.1875	-0.3125	0.09863281	0.1943359	0.9794922	-1	-0.9375	-0.3125	0.04003906	0.9667969	-0.3398438	0.09375	0.03125	0.15625	93.82271	87.72951	176.3331	92.44312	96.08822	156.0972
604.3433	0.1601563	0.9638672	0.1542969	-1	-0.1875	-0.3125	0.09863281	0.1943359	0.9794922	-1	-0.9375	-0.3125	-0.01269531	1.009766	-0.2714844	-0.1875	0.84375	-0.625	93.82271	87.72951	176.3331	92.44312	96.08822	156.0972
604.3768	0.1601563	0.9638672	0.1542969	-1	-0.1875	-0.3125	0.05273438	0.2402344	0.9121094	-0.3125	0.59375	0.03125	-0.01269531	1.009766	-0.2714844	-0.1875	0.84375	-0.625	93.84744	87.45268	176.5716	92.36033	96.26415	156.1624
604.4102	0.1601563	0.9638672	0.1542969	-1	-0.1875	-0.3125	0.05273438	0.2402344	0.9121094	-0.3125	0.59375	0.03125	0.06054688	1.033203	-0.3173828	0.59375	0.90625	-0.1875	93.84744	87.45268	176.5716	92.36033	96.26415	156.1624
604.4431	0.1601563	0.9638672	0.1542969	-1	-0.1875	-0.3125	0.05273438	0.2402344	0.9121094	-0.3125	0.59375	0.03125	0.06054688	1.033203	-0.3173828	0.59375	0.90625	-0.1875	93.84744	87.45268	176.5716	92.36033	96.26415	156.1624
604.4763	0.1601563	0.9638672	0.1542969	-1	-0.1875	-0.3125	0.05273438	0.2402344	0.9121094	-0.3125	0.59375	0.03125	0.06054688	1.033203	-0.3173828	0.59375	0.90625	-0.1875	94.09707	86.23579	176.9341	92.53212	96.04139	156.6859
604.5102	0.06054688	0.9482422	0.1513672	4.4375	0.15625	-0.9375	0.05273438	0.2402344	0.9121094	-0.3125	0.59375	0.03125	0.06054688	1.033203	-0.3173828	0.59375	0.90625	-0.1875	94.09707	86.23579	176.9341	92.50595	96.11871	156.7549
604.543	0.06054688	0.9482422	0.1513672	4.4375	0.15625	-0.9375	0.0390625	0.1816406	1.042969	-0.75	-0.25	-0.4375	0.04003906	0.8876953	-0.2587891	-0.25	-0.3125	0.65625	94.09707	86.23579	176.9341	92.50595	96.11871	156.7549
604.5764	0.07128906	0.9951172	0.3164063	3.65625	-0.4375	-0.8125	0.0390625	0.1816406	1.042969	-0.75	-0.25	-0.4375	0.04003906	0.8876953	-0.2587891	-0.25	-0.3125	0.65625	94.09707	86.23579	176.9341	92.50595	96.11871	156.7549
604.6098	0.07128906	0.9951172	0.3164063	3.65625	-0.4375	-0.8125	0.0390625	0.1816406	1.042969	-0.75	-0.25	-0.4375	0.04003906	0.8876953	-0.2587891	-0.25	-0.3125	0.65625	94.09707	86.23579	176.9341	92.86081	95.42355	157.0712
604.6431	0.07128906	0.9951172	0.3164063	3.65625	-0.4375	-0.8125	0.0390625	0.1816406	1.042969	-0.75	-0.25	-0.4375	0.04589844	0.8720703	-0.390625	-0.5625	0.71875	-1.40625	94.09707	86.23579	176.9341	92.86081	95.42355	157.0712
604.6762	0.07128906	0.9951172	0.3164063	3.65625	-0.4375	-0.8125	0.2158203	0.1591797	0.9150391	0.15625	-0.5625	-0.1875	0.04589844	0.8720703	-0.390625	-0.5625	0.71875	-1.40625	93.83507	87.47562	176.8945	92.86081	95.42355	157.0712
604.7092	0.07128906	0.9951172	0.3164063	3.65625	-0.4375	-0.8125	0.2158203	0.1591797	0.9150391	0.15625	-0.5625	-0.1875	-0.03417969	1.020508	-0.2724609	-0.6875	3.59375	-2.34375	93.83507	87.47562	176.8945	92.56313	95.92567	157.0535
604.743	0.07128906	0.9951172	0.3164063	3.65625	-0.4375	-0.8125	0.06445313	0.2128906	1.054688	-1.34375	-0.3125	0	-0.03417969	1.020508	-0.2724609	-0.6875	3.59375	-2.34375	93.83507	87.47562	176.8945	92.56313	95.92567	157.0535
604.7765	0.07128906	0.9951172	0.3164063	3.65625	-0.4375	-0.8125	0.06445313	0.2128906	1.054688	-1.34375	-0.3125	0	-0.03417969	1.020508	-0.2724609	-0.6875	3.59375	-2.34375	93.83507	87.47562	176.8945	92.46711	95.72011	156.7928
604.8099	0.07128906	0.9951172	0.3164063	3.65625	-0.4375	-0.8125	0.06445313	0.2128906	1.054688	-1.34375	-0.3125	0	0.05175781	0.9902344	-0.3779297	-1.34375	1.4375	-0.9375	93.6977	88.15345	176.9129	92.46711	95.72011	156.7928
604.8427	0.07128906	0.9951172	0.3164063	3.65625	-0.4375	-0.8125	0.08007813	0.1337891	0.953125	-0.4375	0.53125	0.15625	0.05175781	0.9902344	-0.3779297	-1.34375	1.4375	-0.9375	93.6977	88.15345	176.9129	92.46711	95.72011	156.7928
604.8767	0.07128906	0.9951172	0.3164063	3.65625	-0.4375	-0.8125	0.08007813	0.1337891	0.953125	-0.4375	0.53125	0.15625	0.05175781	0.9902344	-0.3779297	-1.34375	1.4375	-0.9375	93.6977	88.15345	176.9129	91.85411	96.98957	156.7374
604.9094	0.07128906	0.9951172	0.3164063	3.65625	-0.4375	-0.8125	0.08007813	0.1337891	0.953125	-0.4375	0.53125	0.15625	0.03125	0.8779297	-0.3203125	1.15625	0.59375	1.15625	93.50458	88.74876	177.0666	91.85411	96.98957	156.7374
604.943	0.07128906	0.9951172	0.3164063	3.65625	-0.4375	-0.8125	0.08007813	0.1337891	0.953125	-0.4375	0.53125	0.15625	0.03125	0.8779297	-0.3203125	1.15625	0.59375	1.15625	93.50458	88.74876	177.0666	91.85411	96.98957	156.7374
604.9763	0.07128906	0.9951172	0.3164063	3.65625	-0.4375	-0.8125	0.09667969	0.1953125	0.9199219	-1.0625	0.21875	1.21875	0.03125	0.8779297	-0.3203125	1.15625	0.59375	1.15625	93.50458	88.74876	177.0666	91.51876	97.78651	156.8285
605.0095	0.07128906	0.9951172	0.3164063	3.65625	-0.4375	-0.8125	0.09667969	0.1953125	0.9199219	-1.0625	0.21875	1.21875	0.1660156	1.010742	-0.2607422	-1.1875	13.40625	-1.78125	93.50458	88.74876	177.0666	91.51876	97.78651	156.8285
605.0425	0.04492188	0.8632813	0.2197266	-3.1875	0.15625	-0.4375	0.09667969	0.1953125	0.9199219	-1.0625	0.21875	1.21875	0.1660156	1.010742	-0.2607422	-1.1875	13.40625	-1.78125	93.50458	88.74876	177.0666	91.51876	97.78651	156.8285
605.0757	0.04492188	0.8632813	0.2197266	-3.1875	0.15625	-0.4375	0.09667969	0.1953125	0.9199219	-1.0625	0.21875	1.21875	0.1660156	1.010742	-0.2607422	-1.1875	13.40625	-1.78125	93.50458	88.74876	177.0666	91.56374	96.989	156.7821
605.1098	0.05566406	0.9414063	0.1699219	-3.8125	-0.125	-1.1875	0.09667969	0.1953125	0.9199219	-1.0625	0.21875	1.21875	0.03222656	0.8623047	-0.1582031	3.84375	-8.375	2.5	93.50458	88.74876	177.0666	91.56374	96.989	156.7821
605.1423	0.05566406	0.9414063	0.1699219	-3.8125	-0.125	-1.1875	0.09667969	0.1953125	0.9199219	-1.0625	0.21875	1.21875	0.03222656	0.8623047	-0.1582031	3.84375	-8.375	2.5	93.50458	88.74876	177.0666	91.56374	96.989	156.7821
605.1757	0.05566406	0.9414063	0.1699219	-3.8125	-0.125	-1.1875	0.1572266	0.171875	0.984375	1.5625	-0.6875	1.75	0.1416016	1.023438	-0.3925781	15.25	2.3125	2.1875	93.50458	88.74876	177.0666	91.96799	96.29808	156.2885
605.2095	0.05566406	0.9414063	0.1699219	-3.8125	-0.125	-1.1875	0.1572266	0.171875	0.984375	1.5625	-0.6875	1.75	0.1416016	1.023438	-0.3925781	15.25	2.3125	2.1875	93.50458	88.74876	177.0666	91.96799	96.29808	156.2885
605.2424	0.1767578	0.8896484	0.1650391	-2.875	0.84375	0	0.1572266	0.171875	0.984375	1.5625	-0.6875	1.75	0.1416016	1.023438	-0.3925781	15.25	2.3125	2.1875	93.50458	88.74876	177.0666	91.96799	96.29808	156.2885
605.2755	0.1767578	0.8896484	0.1650391	-2.875	0.84375	0	0.1572266	0.171875	0.984375	1.5625	-0.6875	1.75	0.1416016	1.023438	-0.3925781	15.25	2.3125	2.1875	93.50458	88.74876	177.0666	90.85871	98.55222	156.9372
605.3093	0.1767578	0.8896484	0.1650391	-2.875	0.84375	0	0.1572266	0.171875	0.984375	1.5625	-0.6875	1.75	0.171875	0.7929688	-0.2734375	11.53125	-18.9375	3.28125	93.73061	87.79101	176.7029	90.85871	98.55222	156.9372
605.3424	0.1767578	0.8896484	0.1650391	-2.875	0.84375	0	0.1572266	0.171875	0.984375	1.5625	-0.6875	1.75	0.171875	0.7929688	-0.2734375	11.53125	-18.9375	3.28125	93.73061	87.79101	176.7029	90.85871	98.55222	156.9372
605.3759	0.1767578	0.8896484	0.1650391	-2.875	0.84375	0	0.1865234	0.2626953	0.9277344	5.21875	-6.96875	-0.0625	-0.1464844	0.9082031	-0.07519531	95.0625	-70.375	20.96875	93.73061	87.79101	176.7029	87.49614	103.7826	155.5248
605.4093	0.08203125	0.8261719	0.2109375	11.53125	0.53125	-0.0625	0.1865234	0.2626953	0.9277344	5.21875	-6.96875	-0.0625	-0.1464844	0.9082031	-0.07519531	95.0625	-70.375	20.96875	94.11366	86.54694	176.3244	87.49614	103.7826	155.5248
605.4425	0.08203125	0.8261719	0.2109375	11.53125	0.53125	-0.0625	0.1865234	0.2626953	0.9277344	5.21875	-6.96875	-0.0625	-0.1464844	0.9082031	-0.07519531	95.0625	-70.375	20.96875	94.11366	86.54694	176.3244	87.49614	103.7826	155.5248
605.4753	0.08203125	0.8261719	0.2109375	11.53125	0.53125	-0.0625	0.1865234	0.2626953	0.9277344	5.21875	-6.96875	-0.0625	0.0703125	0.9384766	-0.3623047	52.09375	-20.875	-89.6875	94.11366	86.54694	176.3244	90.34713	106.9279	160.4977
605.5087	0.08203125	0.8261719	0.2109375	11.53125	0.53125	-0.0625	0.1757813	0.1259766	0.8857422	4.5625	-1.40625	-1.125	0.0703125	0.9384766	-0.3623047	52.09375	-20.875	-89.6875	94.11366	86.54694	176.3244	90.34713	106.9279	160.4977
605.5413	0.08203125	0.8261719	0.2109375	11.53125	0.53125	-0.0625	0.1757813	0.1259766	0.8857422	4.5625	-1.40625	-1.125	0.7988281	0.7177734	-0.3134766	58.625	-26.5	23.46875	94.11366	86.54694	176.3244	90.34713	106.9279	160.4977
605.5752	-0.05273438	0.7998047	0.2724609	42.40625	3.78125	2.0625	0.1757813	0.1259766	0.8857422	4.5625	-1.40625	-1.125	0.7988281	0.7177734	-0.3134766	58.625	-26.5	23.46875	94.11366	86.54694	176.3244	76.94587	116.5461	160.0602
605.6085	-0.05273438	0.7998047	0.2724609	42.40625	3.78125	2.0625	0.1757813	0.1259766	0.8857422	4.5625	-1.40625	-1.125	-0.1875	0.7685547	-0.6298828	62.71875	27.03125	-11.5	95.04935	84.66462	175.2319	76.94587	116.5461	160.0602
605.6418	0.02050781	0.9970703	0.1357422	60.65625	-3.90625	2.1875	0.1757813	0.1259766	0.8857422	4.5625	-1.40625	-1.125	-0.1875	0.7685547	-0.6298828	62.71875	27.03125	-11.5	95.04935	84.66462	175.2319	76.94587	116.5461	160.0602
605.6747	0.02050781	0.9970703	0.1357422	60.65625	-3.90625	2.1875	0.1757813	0.1259766	0.8857422	4.5625	-1.40625	-1.125	0.02148438	1.076172	-0.4238281	67.5625	51.9375	-8.1875	94.60155	85.28692	175.8681	68.59493	124.6086	162.0676
605.7081	0.02050781	0.9970703	0.1357422	60.65625	-3.90625	2.1875	0.1757813	0.1259766	0.8857422	4.5625	-1.40625	-1.125	0.02148438	1.076172	-0.4238281	67.5625	51.9375	-8.1875	94.60155	85.28692	175.8681	68.59493	124.6086	162.0676
605.7411	0.02050781	0.9970703	0.1357422	60.65625	-3.90625	2.1875	0.1757813	0.1259766	0.8857422	4.5625	-1.40625	-1.125	0.02148438	1.076172	-0.4238281	67.5625	51.9375	-8.1875	94.60155	85.28692	175.8681	68.59493	124.6086	162.0676
605.7744	0.02050781	0.9970703	0.1357422	60.65625	-3.90625	2.1875	0.1757813	0.1259766	0.8857422	4.5625	-1.40625	-1.125	-0.4619141	1.999023	-1.067383	78.21875	-32.65625	13.59375	94.60155	85.28692	175.8681	58.60307	135.5451	166.2839
605.8078	0.02050781	0.9970703	0.1357422	60.65625	-3.90625	2.1875	0.1757813	0.1259766	0.8857422	4.5625	-1.40625	-1.125	-0.4619141	1.999023	-1.067383	78.21875	-32.65625	13.59375	94.86111	85.42467	175.2256	58.60307	135.5451	166.2839
605.8409	0.02050781	0.9970703	0.1357422	60.65625	-3.90625	2.1875	0.1757813	0.1259766	0.8857422	4.5625	-1.40625	-1.125	-0.4619141	1.999023	-1.067383	78.21875	-32.65625	13.59375	94.86111	85.42467	175.2256	58.60307	135.5451	166.2839
605.8745	0.02050781	0.9970703	0.1357422	60.65625	-3.90625	2.1875	0.03515625	0.1777344	0.875	4.0625	13.78125	-3.5625	-0.4619141	1.999023	-1.067383	78.21875	-32.65625	13.59375	94.86111	85.42467	175.2256	70.4983	122.2344	157.197
605.9094	0.02050781	0.9970703	0.1357422	60.65625	-3.90625	2.1875	0	-0.3085938	1.244141	70.0625	-2.625	-24.96875	-0.4648438	1.933594	0.2714844	-108.1563	89.78125	-43.46875	94.86111	85.42467	175.2256	70.4983	122.2344	157.197
605.9412	0.02050781	0.9970703	0.1357422	60.65625	-3.90625	2.1875	0	-0.3085938	1.244141	70.0625	-2.625	-24.96875	-0.4648438	1.933594	0.2714844	-108.1563	89.78125	-43.46875	94.86111	85.42467	175.2256	70.4983	122.2344	157.197
605.9746	0.02050781	0.9970703	0.1357422	60.65625	-3.90625	2.1875	0	-0.3085938	1.244141	70.0625	-2.625	-24.96875	0.4716797	0.3642578	-1.329102	-349.9375	21.96875	79.9375	94.86111	85.42467	175.2256	98.1289	91.48243	150.7377
606.0092	0.02050781	0.9970703	0.1357422	60.65625	-3.90625	2.1875	0	-0.3085938	1.244141	70.0625	-2.625	-24.96875	0.4716797	0.3642578	-1.329102	-349.9375	21.96875	79.9375	94.86111	85.42467	175.2256	98.1289	91.48243	150.7377
606.0414	0.4667969	1.268555	-0.765625	227.4063	-46.84375	14.15625	0	-0.3085938	1.244141	70.0625	-2.625	-24.96875	0.4716797	0.3642578	-1.329102	-349.9375	21.96875	79.9375	94.86111	85.42467	175.2256	98.1289	91.48243	150.7377
606.0751	0.1376953	1.125977	-1.304688	102.5938	-3.5625	1.28125	0	-0.3085938	1.244141	70.0625	-2.625	-24.96875	0.4248047	-0.6123047	-1.681641	122.5313	-65.8125	144.1563	102.155	64.3777	172.8053	114.9376	66.33871	147.8279
606.1086	0.1376953	1.125977	-1.304688	102.5938	-3.5625	1.28125	0	-0.3085938	1.244141	70.0625	-2.625	-24.96875	0.4248047	-0.6123047	-1.681641	122.5313	-65.8125	144.1563	102.155	64.3777	172.8053	114.9376	66.33871	147.8279
606.1421	0.1376953	1.125977	-1.304688	102.5938	-3.5625	1.28125	-0.06933594	0.4453125	0.8183594	98.1875	23.125	3.53125	0.4248047	-0.6123047	-1.681641	122.5313	-65.8125	144.1563	102.155	64.3777	172.8053	114.9376	66.33871	147.8279
606.1759	0.1376953	1.125977	-1.304688	102.5938	-3.5625	1.28125	-0.06933594	0.4453125	0.8183594	98.1875	23.125	3.53125	-2	-1.623047	-2	76.34375	347.5938	-136.7813	102.155	64.3777	172.8053	106.4207	76.22576	157.2887
606.2086	0.1376953	1.125977	-1.304688	102.5938	-3.5625	1.28125	-0.06933594	0.4453125	0.8183594	98.1875	23.125	3.53125	-2	-1.623047	-2	76.34375	347.5938	-136.7813	102.155	64.3777	172.8053	103.2109	89.79523	164.5334
606.2414	0.1376953	1.125977	-1.304688	102.5938	-3.5625	1.28125	-0.06933594	0.4453125	0.8183594	98.1875	23.125	3.53125	-2	-1.623047	-2	76.34375	347.5938	-136.7813	102.155	64.3777	172.8053	103.2109	89.79523	164.5334
606.2751	0.1376953	1.125977	-1.304688	102.5938	-3.5625	1.28125	-0.06933594	0.4453125	0.8183594	98.1875	23.125	3.53125	-0.04492188	1.851563	0.2421875	155.1875	-1.0625	-140.4063	119.4222	40.06601	167.9147	103.2109	89.79523	164.5334
606.3083	0.1376953	1.125977	-1.304688	102.5938	-3.5625	1.28125	0.21875	1.736328	1.985352	101.9063	-59.71875	-16.6875	-0.04492188	1.851563	0.2421875	155.1875	-1.0625	-140.4063	119.4222	40.06601	167.9147	103.2109	89.79523	164.5334
606.3411	-0.06835938	1.149414	-0.4736328	-96.21875	44.96875	-39.9375	0.21875	1.736328	1.985352	101.9063	-59.71875	-16.6875	-0.04492188	1.851563	0.2421875	155.1875	-1.0625	-140.4063	119.4222	40.06601	167.9147	103.2109	89.79523	164.5334
606.3749	-0.06835938	1.149414	-0.4736328	-96.21875	44.96875	-39.9375	0.21875	1.736328	1.985352	101.9063	-59.71875	-16.6875	0.6220703	0.671875	-0.078125	3.84375	-37.0625	79.28125	125.7954	43.34572	164.1844	121.8298	53.32935	165.6633
606.4083	-0.06835938	1.149414	-0.4736328	-96.21875	44.96875	-39.9375	0.21875	1.736328	1.985352	101.9063	-59.71875	-16.6875	0.6220703	0.671875	-0.078125	3.84375	-37.0625	79.28125	125.7954	43.34572	164.1844	121.8298	53.32935	165.6633
606.4412	-0.06835938	1.149414	-0.4736328	-96.21875	44.96875	-39.9375	0.21875	1.736328	1.985352	101.9063	-59.71875	-16.6875	0.6220703	0.671875	-0.078125	3.84375	-37.0625	79.28125	125.7954	43.34572	164.1844	121.8298	53.32935	165.6633
606.4749	-0.06835938	1.149414	-0.4736328	-96.21875	44.96875	-39.9375	0.21875	1.736328	1.985352	101.9063	-59.71875	-16.6875	-0.01464844	1.253906	0.4257813	137.0625	-42.9375	-17.65625	125.7954	43.34572	164.1844	125.026	60.52925	166.0883
606.5087	-0.3701172	0.8691406	-0.3974609	-48.1875	-78.8125	16.78125	0.21875	1.736328	1.985352	101.9063	-59.71875	-16.6875	-0.01464844	1.253906	0.4257813	137.0625	-42.9375	-17.65625	125.7954	43.34572	164.1844	120.2955	65.72386	164.4403
606.5406	-0.3701172	0.8691406	-0.3974609	-48.1875	-78.8125	16.78125	0.21875	1.736328	1.985352	101.9063	-59.71875	-16.6875	-0.01464844	1.253906	0.4257813	137.0625	-42.9375	-17.65625	125.7954	43.34572	164.1844	120.2955	65.72386	164.4403
606.5749	0.46875	0.7548828	0.1982422	-43.28125	-34.6875	17.4375	0.21875	1.736328	1.985352	101.9063	-59.71875	-16.6875	-0.5166016	1.999023	0.7919922	293.875	-58.71875	-49.28125	121.6015	43.3584	174.0756	120.2955	65.72386	164.4403
606.6082	0.46875	0.7548828	0.1982422	-43.28125	-34.6875	17.4375	0.21875	1.736328	1.985352	101.9063	-59.71875	-16.6875	-0.5166016	1.999023	0.7919922	293.875	-58.71875	-49.28125	121.6015	43.3584	174.0756	120.2955	65.72386	164.4403
606.6409	0.46875	0.7548828	0.1982422	-43.28125	-34.6875	17.4375	0.21875	1.736328	1.985352	101.9063	-59.71875	-16.6875	-0.5166016	1.999023	0.7919922	293.875	-58.71875	-49.28125	130.8484	26.76458	163.588	110.5203	89.92757	170.4596
606.6747	0.46875	0.7548828	0.1982422	-43.28125	-34.6875	17.4375	0.21875	1.736328	1.985352	101.9063	-59.71875	-16.6875	-0.3544922	1.419922	-0.8164063	76.65625	157.4688	-125.125	130.8484	26.76458	163.588	110.5203	89.92757	170.4596
606.7078	0.46875	0.7548828	0.1982422	-43.28125	-34.6875	17.4375	0.21875	1.736328	1.985352	101.9063	-59.71875	-16.6875	-0.3544922	1.419922	-0.8164063	76.65625	157.4688	-125.125	130.8484	26.76458	163.588	111.6444	78.92711	168.8278
606.7407	0.46875	0.7548828	0.1982422	-43.28125	-34.6875	17.4375	0.21875	1.736328	1.985352	101.9063	-59.71875	-16.6875	-0.1230469	0.6259766	-0.7246094	-276.625	-8.375	76.65625	130.8484	26.76458	163.588	111.6444	78.92711	168.8278
606.7744	0.46875	0.7548828	0.1982422	-43.28125	-34.6875	17.4375	0.21875	1.736328	1.985352	101.9063	-59.71875	-16.6875	-0.1230469	0.6259766	-0.7246094	-276.625	-8.375	76.65625	142.2467	27.13855	163.002	111.6444	78.92711	168.8278
606.8087	0.2910156	1.295898	-0.04394531	-25.28125	-23.03125	-36.6875	0.21875	1.736328	1.985352	101.9063	-59.71875	-16.6875	-0.1230469	0.6259766	-0.7246094	-276.625	-8.375	76.65625	167.5264	24.36007	160.7292	147.226	46.84828	158.8067
606.8408	0.1396484	0.2324219	-0.1816406	-28.875	39.84375	11.34375	0.21875	1.736328	1.985352	101.9063	-59.71875	-16.6875	0.4160156	0.9970703	-1.374023	-497.2813	-28.9375	88.71875	167.5264	24.36007	160.7292	147.226	46.84828	158.8067
606.8748	0.1396484	0.2324219	-0.1816406	-28.875	39.84375	11.34375	0.21875	1.736328	1.985352	101.9063	-59.71875	-16.6875	0.4160156	0.9970703	-1.374023	-497.2813	-28.9375	88.71875	167.5264	24.36007	160.7292	147.226	46.84828	158.8067
606.9078	0.1396484	0.2324219	-0.1816406	-28.875	39.84375	11.34375	0.3574219	1.137695	0.0859375	140.5	-6.65625	-64.40625	0.4160156	0.9970703	-1.374023	-497.2813	-28.9375	88.71875	167.5264	24.36007	160.7292	203.7429	28.90315	164.2024
606.9406	0.1396484	0.2324219	-0.1816406	-28.875	39.84375	11.34375	0.3574219	1.137695	0.0859375	140.5	-6.65625	-64.40625	-0.2929688	-0.2949219	-2	401.2188	-144.9063	-39.625	167.5264	24.36007	160.7292	203.7429	28.90315	164.2024
606.9744	0.1396484	0.2324219	-0.1816406	-28.875	39.84375	11.34375	0.3574219	1.137695	0.0859375	140.5	-6.65625	-64.40625	-0.2929688	-0.2949219	-2	401.2188	-144.9063	-39.625	167.5264	24.36007	160.7292	203.7429	28.90315	164.2024
607.0082	0.1396484	0.2324219	-0.1816406	-28.875	39.84375	11.34375	0.3574219	1.137695	0.0859375	140.5	-6.65625	-64.40625	-0.2929688	-0.2949219	-2	401.2188	-144.9063	-39.625	167.5264	24.36007	160.7292	203.7429	28.90315	164.2024
607.0407	0.1396484	0.2324219	-0.1816406	-28.875	39.84375	11.34375	0.3574219	1.137695	0.0859375	140.5	-6.65625	-64.40625	-1.209961	-0.2128906	-1.767578	39.71875	61.875	63.46875	167.5264	24.36007	160.7292	180.4657	29.30851	169.9819
607.0746	0.4375	0.6484375	0.2333984	-91.5625	-23.5625	-20.78125	0.3574219	1.137695	0.0859375	140.5	-6.65625	-64.40625	-1.209961	-0.2128906	-1.767578	39.71875	61.875	63.46875	167.5264	24.36007	160.7292	180.4657	29.30851	169.9819
607.1083	0.4375	0.6484375	0.2333984	-91.5625	-23.5625	-20.78125	0.3574219	1.137695	0.0859375	140.5	-6.65625	-64.40625	-1.209961	-0.2128906	-1.767578	39.71875	61.875	63.46875	167.5264	24.36007	160.7292	164.0264	35.71476	174.1543
607.1407	0.4375	0.6484375	0.2333984	-91.5625	-23.5625	-20.78125	0.3574219	1.137695	0.0859375	140.5	-6.65625	-64.40625	0.6103516	1.203125	-0.1259766	42.78125	-82.65625	12.375	167.5264	24.36007	160.7292	164.0264	35.71476	174.1543
607.1744	0.4375	0.6484375	0.2333984	-91.5625	-23.5625	-20.78125	0.3574219	1.137695	0.0859375	140.5	-6.65625	-64.40625	0.6103516	1.203125	-0.1259766	42.78125	-82.65625	12.375	167.5264	24.36007	160.7292	165.3216	33.63253	174.8095
607.2078	-0.2705078	0.8759766	-0.3320313	-33.59375	43.25	28.90625	0.3574219	1.137695	0.0859375	140.5	-6.65625	-64.40625	0.3496094	0.8857422	0.2460938	64.4375	-4.46875	-22.84375	167.5264	24.36007	160.7292	165.3216	33.63253	174.8095
607.2409	-0.2705078	0.8759766	-0.3320313	-33.59375	43.25	28.90625	-0.01953125	1.541992	-0.6855469	-195.6875	-34.5625	70.1875	0.3496094	0.8857422	0.2460938	64.4375	-4.46875	-22.84375	167.5264	24.36007	160.7292	165.3216	33.63253	174.8095
607.2741	-0.2705078	0.8759766	-0.3320313	-33.59375	43.25	28.90625	-0.01953125	1.541992	-0.6855469	-195.6875	-34.5625	70.1875	0.3496094	0.8857422	0.2460938	64.4375	-4.46875	-22.84375	167.5264	24.36007	160.7292	165.3216	33.63253	174.8095
607.3074	-0.2705078	0.8759766	-0.3320313	-33.59375	43.25	28.90625	-0.01953125	1.541992	-0.6855469	-195.6875	-34.5625	70.1875	0.3496094	0.8857422	0.2460938	64.4375	-4.46875	-22.84375	167.5264	24.36007	160.7292	162.5144	36.0834	173.377
607.3408	-0.2705078	0.8759766	-0.3320313	-33.59375	43.25	28.90625	-0.01953125	1.541992	-0.6855469	-195.6875	-34.5625	70.1875	-0.03710938	1.242188	0.6435547	182.0625	109.7813	-70.75	165.7337	37.10877	160.9419	162.5144	36.0834	173.377
607.3752	0.04492188	0.3085938	0.1083984	12.4375	13.71875	-2.6875	-0.5380859	0.7041016	-0.7148438	-180.5	48.75	44.125	-0.03710938	1.242188	0.6435547	182.0625	109.7813	-70.75	165.7337	37.10877	160.9419	162.5144	36.0834	173.377
607.4081	0.04492188	0.3085938	0.1083984	12.4375	13.71875	-2.6875	-0.5380859	0.7041016	-0.7148438	-180.5	48.75	44.125	1.199219	1.999023	-0.2675781	210.4375	-176.7188	-36.75	165.7337	37.10877	160.9419	145.194	22.59431	166.7503
607.4405	0.04492188	0.3085938	0.1083984	12.4375	13.71875	-2.6875	-0.5380859	0.7041016	-0.7148438	-180.5	48.75	44.125	1.199219	1.999023	-0.2675781	210.4375	-176.7188	-36.75	165.7337	37.10877	160.9419	145.194	22.59431	166.7503
607.474	0.04492188	0.3085938	0.1083984	12.4375	13.71875	-2.6875	0.00390625	0.078125	-0.8623047	-51.90625	7.6875	50.03125	1.199219	1.999023	-0.2675781	210.4375	-176.7188	-36.75	165.7337	37.10877	160.9419	132.8648	26.29862	172.265
607.5076	0.04492188	0.3085938	0.1083984	12.4375	13.71875	-2.6875	0.00390625	0.078125	-0.8623047	-51.90625	7.6875	50.03125	-0.5751953	0.5712891	-1.120117	-342.7813	58.40625	-255.8125	165.7337	37.10877	160.9419	132.8648	26.29862	172.265
607.5407	0.04492188	0.3085938	0.1083984	12.4375	13.71875	-2.6875	0.00390625	0.078125	-0.8623047	-51.90625	7.6875	50.03125	-0.5751953	0.5712891	-1.120117	-342.7813	58.40625	-255.8125	165.7337	37.10877	160.9419	132.8648	26.29862	172.265
607.5756	0.04492188	0.3085938	0.1083984	12.4375	13.71875	-2.6875	0.00390625	0.078125	-0.8623047	-51.90625	7.6875	50.03125	-0.5751953	0.5712891	-1.120117	-342.7813	58.40625	-255.8125	165.7337	37.10877	160.9419	146.4015	19.79584	160.7838
607.6071	0.04492188	0.3085938	0.1083984	12.4375	13.71875	-2.6875	0.00390625	0.078125	-0.8623047	-51.90625	7.6875	50.03125	-0.5751953	0.5712891	-1.120117	-342.7813	58.40625	-255.8125	165.7337	37.10877	160.9419	146.4015	19.79584	160.7838
607.6724	0.04492188	0.3085938	0.1083984	12.4375	13.71875	-2.6875	-0.2382813	-0.5751953	-0.8701172	-60.4375	573.7813	31	0.5146484	1.174805	-1.59668	-385.4375	297.0313	-30.28125	165.7337	37.10877	160.9419	146.4015	19.79584	160.7838
607.6904	0.04492188	0.3085938	0.1083984	12.4375	13.71875	-2.6875	-0.2382813	-0.5751953	-0.8701172	-60.4375	573.7813	31	0.5146484	1.174805	-1.59668	-385.4375	297.0313	-30.28125	147.9635	32.42683	168.5224	156.2809	7.958262	157.72
607.7238	0.04492188	0.3085938	0.1083984	12.4375	13.71875	-2.6875	-0.2382813	-0.5751953	-0.8701172	-60.4375	573.7813	31	0.5146484	1.174805	-1.59668	-385.4375	297.0313	-30.28125	147.9635	32.42683	168.5224	156.2809	7.958262	157.72
607.7569	-0.125	0.7519531	0.08398438	-53.53125	-22.21875	24.8125	-0.2382813	-0.5751953	-0.8701172	-60.4375	573.7813	31	0.5146484	1.174805	-1.59668	-385.4375	297.0313	-30.28125	147.9635	32.42683	168.5224	156.2809	7.958262	157.72
607.791	-0.125	0.7519531	0.08398438	-53.53125	-22.21875	24.8125	-0.1826172	0.9658203	-0.2060547	137.5625	22.3125	-47.4375	0.5146484	1.174805	-1.59668	-385.4375	297.0313	-30.28125	147.9635	32.42683	168.5224	156.2809	7.958262	157.72
607.8234	-0.05273438	0.3242188	-0.04589844	-26.5625	15.3125	-27.1875	0.2685547	1.189453	0.3291016	127.8438	-79.59375	-65.125	-0.1992188	1.765625	0.4492188	-125.5625	243.8125	-182.0938	147.9635	32.42683	168.5224	180.4954	340.0639	164.1405
607.8571	-0.05273438	0.3242188	-0.04589844	-26.5625	15.3125	-27.1875	0.2685547	1.189453	0.3291016	127.8438	-79.59375	-65.125	-0.1992188	1.765625	0.4492188	-125.5625	243.8125	-182.0938	188.3754	34.39079	167.9587	180.4954	340.0639	164.1405
607.89	-0.05273438	0.3242188	-0.04589844	-26.5625	15.3125	-27.1875	0.2685547	1.189453	0.3291016	127.8438	-79.59375	-65.125	-0.4658203	1.306641	-1.65918	60.34375	-217.25	-241.4063	188.3754	34.39079	167.9587	197.3403	318.7927	160.9239
607.9232	-0.05273438	0.3242188	-0.04589844	-26.5625	15.3125	-27.1875	-0.08886719	1.206055	0.6494141	102.2188	-14.34375	-49.875	-0.4658203	1.306641	-1.65918	60.34375	-217.25	-241.4063	188.3754	34.39079	167.9587	197.3403	318.7927	160.9239
607.9564	-0.05273438	0.3242188	-0.04589844	-26.5625	15.3125	-27.1875	-0.08886719	1.206055	0.6494141	102.2188	-14.34375	-49.875	-0.4658203	1.306641	-1.65918	60.34375	-217.25	-241.4063	188.3754	34.39079	167.9587	197.3403	318.7927	160.9239
607.9902	-0.05273438	0.3242188	-0.04589844	-26.5625	15.3125	-27.1875	-0.08886719	1.206055	0.6494141	102.2188	-14.34375	-49.875	-1.178711	1.246094	-0.1552734	-20.78125	130.3438	-343.875	188.3754	34.39079	167.9587	181.0229	325.9993	164.0096
608.0236	-0.05273438	0.3242188	-0.04589844	-26.5625	15.3125	-27.1875	-0.08886719	1.206055	0.6494141	102.2188	-14.34375	-49.875	-1.178711	1.246094	-0.1552734	-20.78125	130.3438	-343.875	188.3754	34.39079	167.9587	181.0229	325.9993	164.0096
608.0561	1.120117	1.93457	-1.503906	116.75	-2.9375	6.34375	-0.08886719	1.206055	0.6494141	102.2188	-14.34375	-49.875	-1.178711	1.246094	-0.1552734	-20.78125	130.3438	-343.875	174.4782	43.81207	167.8023	181.0229	325.9993	164.0096
608.0902	1.120117	1.93457	-1.503906	116.75	-2.9375	6.34375	-0.08886719	1.206055	0.6494141	102.2188	-14.34375	-49.875	-1.178711	1.246094	-0.1552734	-20.78125	130.3438	-343.875	174.4782	43.81207	167.8023	181.0229	325.9993	164.0096
608.1237	1.120117	1.93457	-1.503906	116.75	-2.9375	6.34375	0.004882813	1.957031	-1.231445	-170.1875	348.625	32.6875	0.125	1.136719	0.5126953	62.71875	95.4375	-38.53125	174.4782	43.81207	167.8023	175.6461	312.6849	156.448
608.1562	0.4541016	1.169922	-0.3144531	-59.03125	171.5	-7.59375	0.004882813	1.957031	-1.231445	-170.1875	348.625	32.6875	0.125	1.136719	0.5126953	62.71875	95.4375	-38.53125	174.4782	43.81207	167.8023	175.6461	312.6849	156.448
608.1899	0.4541016	1.169922	-0.3144531	-59.03125	171.5	-7.59375	0.004882813	1.957031	-1.231445	-170.1875	348.625	32.6875	0.3955078	1.999023	0.8369141	182.9688	149.5313	-98.65625	158.4377	27.32628	166.6561	158.8124	335.7445	155.7058
608.2236	0.4541016	1.169922	-0.3144531	-59.03125	171.5	-7.59375	0.004882813	1.957031	-1.231445	-170.1875	348.625	32.6875	0.3955078	1.999023	0.8369141	182.9688	149.5313	-98.65625	158.4377	27.32628	166.6561	158.8124	335.7445	155.7058
608.256	0.4541016	1.169922	-0.3144531	-59.03125	171.5	-7.59375	0.004882813	1.957031	-1.231445	-170.1875	348.625	32.6875	0.3955078	1.999023	0.8369141	182.9688	149.5313	-98.65625	158.4377	27.32628	166.6561	150.8666	330.0486	151.4023
608.29	0.4541016	1.169922	-0.3144531	-59.03125	171.5	-7.59375	0.004882813	1.957031	-1.231445	-170.1875	348.625	32.6875	1.182617	0.5	-1.62207	69.625	585	-243.8438	162.3516	348.364	168.3859	150.8666	330.0486	151.4023
608.3232	-0.4199219	1.06543	-0.2421875	-22.53125	96.65625	-22	-0.6572266	-0.5048828	-0.1210938	-102.25	131.5	194.0625	1.182617	0.5	-1.62207	69.625	585	-243.8438	162.3516	348.364	168.3859	150.8666	330.0486	151.4023
608.3561	-0.4199219	1.06543	-0.2421875	-22.53125	96.65625	-22	-0.6572266	-0.5048828	-0.1210938	-102.25	131.5	194.0625	1.182617	0.5	-1.62207	69.625	585	-243.8438	162.3516	348.364	168.3859	150.8666	330.0486	151.4023
608.3898	-0.4199219	1.06543	-0.2421875	-22.53125	96.65625	-22	-0.6572266	-0.5048828	-0.1210938	-102.25	131.5	194.0625	1.999023	1.539063	-1.228516	-276.625	-81.625	-141.9688	162.3516	348.364	168.3859	136.5473	320.51	156.6212
608.4232	1.797852	1.03125	-0.8349609	86.03125	-50.5	45.53125	-0.6572266	-0.5048828	-0.1210938	-102.25	131.5	194.0625	1.999023	1.539063	-1.228516	-276.625	-81.625	-141.9688	162.3516	348.364	168.3859	136.5473	320.51	156.6212
608.4559	1.797852	1.03125	-0.8349609	86.03125	-50.5	45.53125	-0.6572266	-0.5048828	-0.1210938	-102.25	131.5	194.0625	1.999023	1.539063	-1.228516	-276.625	-81.625	-141.9688	162.3516	348.364	168.3859	136.5473	320.51	156.6212
608.4899	1.797852	1.03125	-0.8349609	86.03125	-50.5	45.53125	-0.6572266	-0.5048828	-0.1210938	-102.25	131.5	194.0625	0.02441406	1.464844	-2	-402.9063	216.5938	-100.7188	162.3516	348.364	168.3859	157.1011	346.9825	157.3636
608.523	1.797852	1.03125	-0.8349609	86.03125	-50.5	45.53125	-0.5537109	0.8417969	0.002929688	116.5625	165.1563	-51.90625	0.02441406	1.464844	-2	-402.9063	216.5938	-100.7188	156.2555	24.37994	176.2429	157.1011	346.9825	157.3636
608.5558	1.797852	1.03125	-0.8349609	86.03125	-50.5	45.53125	-0.5537109	0.8417969	0.002929688	116.5625	165.1563	-51.90625	0.02441406	1.464844	-2	-402.9063	216.5938	-100.7188	156.2555	24.37994	176.2429	184.4094	294.4952	183.1084
608.59	-0.01464844	-0.05078125	0.390625	-8.5	108.5	-35.40625	-0.5537109	0.8417969	0.002929688	116.5625	165.1563	-51.90625	1.999023	-2	0.4375	412.5938	-47.3125	531.3438	156.2555	24.37994	176.2429	184.4094	294.4952	183.1084
608.623	-0.01464844	-0.05078125	0.390625	-8.5	108.5	-35.40625	-0.5537109	0.8417969	0.002929688	116.5625	165.1563	-51.90625	1.999023	-2	0.4375	412.5938	-47.3125	531.3438	171.6807	10.94017	182.5149	184.4094	294.4952	183.1084
608.6559	-0.01464844	-0.05078125	0.390625	-8.5	108.5	-35.40625	-0.008789063	0.8984375	0.671875	66.4375	82.8125	-17.90625	1.999023	-2	0.4375	412.5938	-47.3125	531.3438	171.6807	10.94017	182.5149	184.4094	294.4952	183.1084
608.6896	0.2089844	1.999023	-0.3349609	60.90625	6.28125	-31.5625	-0.008789063	0.8984375	0.671875	66.4375	82.8125	-17.90625	-1.543945	-0.3964844	-2	296.9063	-112.9375	67.25	171.6807	10.94017	182.5149	174.0562	313.7049	161.9204
608.7227	0.2089844	1.999023	-0.3349609	60.90625	6.28125	-31.5625	-0.008789063	0.8984375	0.671875	66.4375	82.8125	-17.90625	-1.543945	-0.3964844	-2	296.9063	-112.9375	67.25	171.6807	10.94017	182.5149	174.0562	313.7049	161.9204
608.7563	0.2089844	1.999023	-0.3349609	60.90625	6.28125	-31.5625	0.2519531	1.896484	1.293945	8.53125	-3.5	-43.96875	0.3486328	-0.03613281	-0.9873047	265.5625	422.9063	-88.03125	171.6807	10.94017	182.5149	159.5901	336.0699	165.0042
608.7893	0.2089844	1.999023	-0.3349609	60.90625	6.28125	-31.5625	0.2519531	1.896484	1.293945	8.53125	-3.5	-43.96875	0.3486328	-0.03613281	-0.9873047	265.5625	422.9063	-88.03125	163.5714	38.55112	189.387	159.5901	336.0699	165.0042
608.8229	0.2089844	1.999023	-0.3349609	60.90625	6.28125	-31.5625	0.2519531	1.896484	1.293945	8.53125	-3.5	-43.96875	0.3486328	-0.03613281	-0.9873047	265.5625	422.9063	-88.03125	163.5714	38.55112	189.387	159.5901	336.0699	165.0042
608.8558	0.2089844	1.999023	-0.3349609	60.90625	6.28125	-31.5625	0.2519531	1.896484	1.293945	8.53125	-3.5	-43.96875	1.999023	1.506836	0.1083984	51.625	-313.375	272.6875	163.5714	38.55112	189.387	159.8241	300.5901	164.6415
608.8892	0.2089844	1.999023	-0.3349609	60.90625	6.28125	-31.5625	0.2519531	1.896484	1.293945	8.53125	-3.5	-43.96875	1.999023	1.506836	0.1083984	51.625	-313.375	272.6875	163.5714	38.55112	189.387	159.8241	300.5901	164.6415
608.9226	0.2089844	1.999023	-0.3349609	60.90625	6.28125	-31.5625	0.2519531	1.896484	1.293945	8.53125	-3.5	-43.96875	1.999023	1.506836	0.1083984	51.625	-313.375	272.6875	150.6669	4.537791	183.4056	159.8241	300.5901	164.6415
608.9561	0.2089844	1.999023	-0.3349609	60.90625	6.28125	-31.5625	0.2519531	1.896484	1.293945	8.53125	-3.5	-43.96875	0.4980469	1.530273	0.8291016	160.5	-45.375	-8.4375	150.6669	4.537791	183.4056	137.2311	331.3375	166.4674
608.9893	-0.2744141	0.6679688	-0.4677734	15.84375	179.4375	-56	0.2519531	1.896484	1.293945	8.53125	-3.5	-43.96875	0.4980469	1.530273	0.8291016	160.5	-45.375	-8.4375	150.6669	4.537791	183.4056	137.2311	331.3375	166.4674
609.0226	-0.2744141	0.6679688	-0.4677734	15.84375	179.4375	-56	-0.8701172	0.1796875	-1.113281	-98.15625	289.9688	77.9375	0.4980469	1.530273	0.8291016	160.5	-45.375	-8.4375	150.6669	4.537791	183.4056	137.2311	331.3375	166.4674
609.0558	-0.2744141	0.6679688	-0.4677734	15.84375	179.4375	-56	0.2402344	1.848633	1.985352	-198.3125	125.9063	183.5938	0.9716797	1.999023	0.5683594	198.7813	-118.3125	55.84375	150.6669	4.537791	183.4056	137.2311	331.3375	166.4674
609.0892	-0.2744141	0.6679688	-0.4677734	15.84375	179.4375	-56	0.2402344	1.848633	1.985352	-198.3125	125.9063	183.5938	0.9716797	1.999023	0.5683594	198.7813	-118.3125	55.84375	148.2488	344.182	196.4775	116.2262	33.61533	177.7844
609.1227	-0.2744141	0.6679688	-0.4677734	15.84375	179.4375	-56	0.2402344	1.848633	1.985352	-198.3125	125.9063	183.5938	0.9716797	1.999023	0.5683594	198.7813	-118.3125	55.84375	148.2488	344.182	196.4775	116.2262	33.61533	177.7844
609.1553	-0.2744141	0.6679688	-0.4677734	15.84375	179.4375	-56	0.2402344	1.848633	1.985352	-198.3125	125.9063	183.5938	-0.005859375	0.4189453	-0.6542969	-204.6563	17.125	-7.46875	148.2488	344.182	196.4775	102.5237	72.16457	184.4618
609.189	-0.2744141	0.6679688	-0.4677734	15.84375	179.4375	-56	0.2402344	1.848633	1.985352	-198.3125	125.9063	183.5938	-0.005859375	0.4189453	-0.6542969	-204.6563	17.125	-7.46875	151.3332	5.108974	188.3873	102.5237	72.16457	184.4618
609.2227	-0.2744141	0.6679688	-0.4677734	15.84375	179.4375	-56	0.2402344	1.848633	1.985352	-198.3125	125.9063	183.5938	-0.005859375	0.4189453	-0.6542969	-204.6563	17.125	-7.46875	151.3332	5.108974	188.3873	115.2204	34.0951	169.8058
609.2551	0.1826172	1.356445	-1.203125	13.46875	120.9688	27.375	0.2402344	1.848633	1.985352	-198.3125	125.9063	183.5938	-0.1679688	0.7011719	-1.311523	-374.6563	-35.65625	-80.21875	151.3332	5.108974	188.3873	115.2204	34.0951	169.8058
609.2886	0.1826172	1.356445	-1.203125	13.46875	120.9688	27.375	0.4091797	1.574219	-0.2685547	137.1875	-264.1875	-14.34375	-0.1679688	0.7011719	-1.311523	-374.6563	-35.65625	-80.21875	162.6494	354.1162	202.5779	115.2204	34.0951	169.8058
609.3222	0.1826172	1.356445	-1.203125	13.46875	120.9688	27.375	0.4091797	1.574219	-0.2685547	137.1875	-264.1875	-14.34375	-0.1679688	0.7011719	-1.311523	-374.6563	-35.65625	-80.21875	162.6494	354.1162	202.5779	115.2204	34.0951	169.8058
609.3549	-0.2861328	0.8212891	-0.2597656	-53.59375	52.28125	-45.4375	0.4091797	1.574219	-0.2685547	137.1875	-264.1875	-14.34375	0.1669922	0.796875	-1.079102	-357.3125	54.375	53.875	162.6494	354.1162	202.5779	150.1473	29.63297	180.8441
609.3888	-0.2861328	0.8212891	-0.2597656	-53.59375	52.28125	-45.4375	0.4091797	1.574219	-0.2685547	137.1875	-264.1875	-14.34375	0.1669922	0.796875	-1.079102	-357.3125	54.375	53.875	178.0762	15.29513	198.9221	150.1473	29.63297	180.8441
609.4222	-0.2861328	0.8212891	-0.2597656	-53.59375	52.28125	-45.4375	0.4091797	1.574219	-0.2685547	137.1875	-264.1875	-14.34375	0.2470703	1.999023	1.999023	257.9063	21.09375	-317.4063	178.0762	15.29513	198.9221	187.7489	7.562984	194.2089
609.4548	-0.2861328	0.8212891	-0.2597656	-53.59375	52.28125	-45.4375	0.4091797	1.574219	-0.2685547	137.1875	-264.1875	-14.34375	0.2470703	1.999023	1.999023	257.9063	21.09375	-317.4063	178.0762	15.29513	198.9221	177.1467	5.0429	198.1535
609.4885	-0.2861328	0.8212891	-0.2597656	-53.59375	52.28125	-45.4375	0.4091797	1.574219	-0.2685547	137.1875	-264.1875	-14.34375	0.2470703	1.999023	1.999023	257.9063	21.09375	-317.4063	178.0762	15.29513	198.9221	177.1467	5.0429	198.1535
609.5223	0.06347656	1.071289	0.1503906	25.1875	-18.8125	7.8125	0.4091797	1.574219	-0.2685547	137.1875	-264.1875	-14.34375	0.2470703	1.999023	1.999023	257.9063	21.09375	-317.4063	178.0762	15.29513	198.9221	177.1467	5.0429	198.1535
609.5547	0.06347656	1.071289	0.1503906	25.1875	-18.8125	7.8125	0.7314453	1.22168	0.04980469	-155.4063	68.59375	1.28125	-0.1074219	1.738281	-1.414063	137.875	-19.125	187	191.5626	19.02278	199.0189	167.4927	346.7061	187.055
609.5884	0.06347656	1.071289	0.1503906	25.1875	-18.8125	7.8125	0.7314453	1.22168	0.04980469	-155.4063	68.59375	1.28125	-0.1074219	1.738281	-1.414063	137.875	-19.125	187	191.5626	19.02278	199.0189	167.4927	346.7061	187.055
609.6218	0.06347656	1.071289	0.1503906	25.1875	-18.8125	7.8125	0.7314453	1.22168	0.04980469	-155.4063	68.59375	1.28125	-0.1074219	1.738281	-1.414063	137.875	-19.125	187	191.5626	19.02278	199.0189	167.4927	346.7061	187.055
609.6548	0.5058594	0.5107422	-0.9609375	-60	-0.75	-6.96875	0.7314453	1.22168	0.04980469	-155.4063	68.59375	1.28125	0.09472656	0.5009766	-0.8378906	69.875	205.375	-25.28125	191.5626	19.02278	199.0189	152.3396	347.0944	195.7166
609.6886	0.5058594	0.5107422	-0.9609375	-60	-0.75	-6.96875	0.7314453	1.22168	0.04980469	-155.4063	68.59375	1.28125	0.09472656	0.5009766	-0.8378906	69.875	205.375	-25.28125	175.101	12.61812	191.3004	152.3396	347.0944	195.7166
609.7217	0.5058594	0.5107422	-0.9609375	-60	-0.75	-6.96875	0.0703125	0.6962891	-0.9267578	-141.125	57.34375	77.6875	0.2695313	1.208008	-0.1660156	67.125	-99.375	90.3125	175.101	12.61812	191.3004	152.3396	347.0944	195.7166
609.7547	0.06542969	0.5068359	0.05761719	-44.625	66.5625	-23.4375	-0.1884766	0.5644531	-0.9990234	-99.0625	95.25	77.3125	0.2695313	1.208008	-0.1660156	67.125	-99.375	90.3125	175.101	12.61812	191.3004	132.2958	351.2606	182.1993
609.7882	0.06542969	0.5068359	0.05761719	-44.625	66.5625	-23.4375	-0.1884766	0.5644531	-0.9990234	-99.0625	95.25	77.3125	0.2695313	1.208008	-0.1660156	67.125	-99.375	90.3125	175.101	12.61812	191.3004	132.2958	351.2606	182.1993
609.8216	0.06542969	0.5068359	0.05761719	-44.625	66.5625	-23.4375	-0.1884766	0.5644531	-0.9990234	-99.0625	95.25	77.3125	-0.2744141	1.396484	0.3457031	185.7188	14.3125	-0.9375	175.101	12.61812	191.3004	127.4291	28.56452	190.7709
609.855	0.06542969	0.5068359	0.05761719	-44.625	66.5625	-23.4375	-0.1884766	0.5644531	-0.9990234	-99.0625	95.25	77.3125	-0.2744141	1.396484	0.3457031	185.7188	14.3125	-0.9375	170.3881	18.25753	185.8605	127.4291	28.56452	190.7709
609.8882	-0.0078125	0.7939453	0.3662109	3.46875	74.21875	-7.875	-0.1884766	0.5644531	-0.9990234	-99.0625	95.25	77.3125	-0.2744141	1.396484	0.3457031	185.7188	14.3125	-0.9375	170.3881	18.25753	185.8605	127.4291	28.56452	190.7709
609.9213	-0.0078125	0.7939453	0.3662109	3.46875	74.21875	-7.875	-0.2197266	-0.09277344	0.02441406	-16.75	87.09375	-35.53125	-0.2744141	1.396484	0.3457031	185.7188	14.3125	-0.9375	170.3881	18.25753	185.8605	127.4291	28.56452	190.7709
609.9543	-0.0078125	0.7939453	0.3662109	3.46875	74.21875	-7.875	-0.2197266	-0.09277344	0.02441406	-16.75	87.09375	-35.53125	1.999023	1.999023	-1.835938	155.75	-333.375	286.5313	170.3881	18.25753	185.8605	127.4291	28.56452	190.7709
609.9882	-0.3447266	0.8544922	-0.4375	8.46875	1.09375	1.6875	-0.2197266	-0.09277344	0.02441406	-16.75	87.09375	-35.53125	1.999023	1.999023	-1.835938	155.75	-333.375	286.5313	170.3881	18.25753	185.8605	111.9494	56.84686	173.4614
610.0215	-0.3447266	0.8544922	-0.4375	8.46875	1.09375	1.6875	-0.2197266	-0.09277344	0.02441406	-16.75	87.09375	-35.53125	-0.04882813	-0.1152344	-0.7714844	-159.3125	-129.0938	-160.5313	170.3881	18.25753	185.8605	111.9494	56.84686	173.4614
610.0546	-0.3447266	0.8544922	-0.4375	8.46875	1.09375	1.6875	-0.2197266	-0.09277344	0.02441406	-16.75	87.09375	-35.53125	-0.04882813	-0.1152344	-0.7714844	-159.3125	-129.0938	-160.5313	170.3881	18.25753	185.8605	98.95833	63.23193	184.673
610.0883	-0.3447266	0.8544922	-0.4375	8.46875	1.09375	1.6875	-0.2197266	-0.09277344	0.02441406	-16.75	87.09375	-35.53125	-0.04882813	-0.1152344	-0.7714844	-159.3125	-129.0938	-160.5313	170.3881	18.25753	185.8605	98.95833	63.23193	184.673
610.1218	-0.3447266	0.8544922	-0.4375	8.46875	1.09375	1.6875	-0.2197266	-0.09277344	0.02441406	-16.75	87.09375	-35.53125	0.0859375	-0.3212891	-1.795898	-105.375	-78.1875	-280.5313	176.9835	29.44511	187.1399	98.95833	63.23193	184.673
610.1544	-0.3447266	0.8544922	-0.4375	8.46875	1.09375	1.6875	-0.2197266	-0.09277344	0.02441406	-16.75	87.09375	-35.53125	0.0859375	-0.3212891	-1.795898	-105.375	-78.1875	-280.5313	176.9835	29.44511	187.1399	118.2431	6.143994	173.1297
610.1882	-0.3447266	0.8544922	-0.4375	8.46875	1.09375	1.6875	-1.148438	1.414063	-0.3505859	225.2188	-232.5	62.0625	0.0859375	-0.3212891	-1.795898	-105.375	-78.1875	-280.5313	176.9835	29.44511	187.1399	118.2431	6.143994	173.1297
610.2216	-0.3447266	0.8544922	-0.4375	8.46875	1.09375	1.6875	-1.148438	1.414063	-0.3505859	225.2188	-232.5	62.0625	1.999023	-0.8457031	-0.7050781	-461	365.875	-132.8125	176.9835	29.44511	187.1399	129.9304	348.5138	155.8222
610.2543	-0.3447266	0.8544922	-0.4375	8.46875	1.09375	1.6875	-0.01464844	0.9658203	-0.1777344	110.8125	-39.8125	-30.84375	1.999023	-0.8457031	-0.7050781	-461	365.875	-132.8125	190.8591	23.5451	186.0822	129.9304	348.5138	155.8222
610.288	0.1103516	0.4580078	0.2900391	-15.03125	-22.40625	-13.8125	-0.01464844	0.9658203	-0.1777344	110.8125	-39.8125	-30.84375	1.999023	-0.8457031	-0.7050781	-461	365.875	-132.8125	190.8591	23.5451	186.0822	129.9304	348.5138	155.8222
610.321	0.1103516	0.4580078	0.2900391	-15.03125	-22.40625	-13.8125	0.3808594	1.051758	0.1757813	132.9688	-116.7813	-33.21875	-0.04589844	0.1992188	-0.7597656	-232.0625	183.2813	-181.7188	190.8591	23.5451	186.0822	150.6226	298.4345	149.0451
610.3542	0.1103516	0.4580078	0.2900391	-15.03125	-22.40625	-13.8125	0.3808594	1.051758	0.1757813	132.9688	-116.7813	-33.21875	-0.04589844	0.1992188	-0.7597656	-232.0625	183.2813	-181.7188	190.8591	23.5451	186.0822	150.6226	298.4345	149.0451
610.3877	0.1103516	0.4580078	0.2900391	-15.03125	-22.40625	-13.8125	0.3808594	1.051758	0.1757813	132.9688	-116.7813	-33.21875	-0.04589844	0.1992188	-0.7597656	-232.0625	183.2813	-181.7188	210.7267	36.8693	186.4157	150.6226	298.4345	149.0451
610.4213	0.1103516	0.4580078	0.2900391	-15.03125	-22.40625	-13.8125	0.3808594	1.051758	0.1757813	132.9688	-116.7813	-33.21875	-0.6396484	1.966797	-0.5205078	-28.21875	98.25	-235.25	210.7267	36.8693	186.4157	169.5323	280.3922	148.7021
610.4543	0.1103516	0.4580078	0.2900391	-15.03125	-22.40625	-13.8125	0.3808594	1.051758	0.1757813	132.9688	-116.7813	-33.21875	-0.6396484	1.966797	-0.5205078	-28.21875	98.25	-235.25	210.7267	36.8693	186.4157	169.5323	280.3922	148.7021
610.4878	-0.1318359	1.746094	-1.496094	-87.59375	290.0313	18.28125	0.3808594	1.051758	0.1757813	132.9688	-116.7813	-33.21875	-0.6396484	1.966797	-0.5205078	-28.21875	98.25	-235.25	210.7267	36.8693	186.4157	169.5323	280.3922	148.7021
610.5211	-0.1318359	1.746094	-1.496094	-87.59375	290.0313	18.28125	0.3808594	1.051758	0.1757813	132.9688	-116.7813	-33.21875	-0.1152344	1.225586	-0.6474609	8.28125	151.0938	-7.53125	210.7267	36.8693	186.4157	168.896	270.5122	154.3353
610.5545	-0.1318359	1.746094	-1.496094	-87.59375	290.0313	18.28125	0.3808594	1.051758	0.1757813	132.9688	-116.7813	-33.21875	-0.1152344	1.225586	-0.6474609	8.28125	151.0938	-7.53125	210.7267	36.8693	186.4157	168.896	270.5122	154.3353
610.5876	-0.1318359	1.746094	-1.496094	-87.59375	290.0313	18.28125	-0.2587891	1.419922	-1.045898	-182.5625	294.7813	20.90625	-0.1152344	1.225586	-0.6474609	8.28125	151.0938	-7.53125	210.7267	36.8693	186.4157	168.896	270.5122	154.3353
610.6207	0.1777344	0.2958984	-0.1972656	-66.46875	177.1563	-23.5	-0.2587891	1.419922	-1.045898	-182.5625	294.7813	20.90625	0.3691406	0.9707031	-0.4199219	-48.28125	-13.1875	92.9375	194.5391	56.15271	184.9205	156.8262	248.9698	158.201
610.6544	0.1777344	0.2958984	-0.1972656	-66.46875	177.1563	-23.5	-0.2587891	1.419922	-1.045898	-182.5625	294.7813	20.90625	0.3691406	0.9707031	-0.4199219	-48.28125	-13.1875	92.9375	194.5391	56.15271	184.9205	156.8262	248.9698	158.201
610.6879	0.1777344	0.2958984	-0.1972656	-66.46875	177.1563	-23.5	-0.2587891	1.419922	-1.045898	-182.5625	294.7813	20.90625	-0.3583984	0.7392578	-0.6113281	-24.3125	64.3125	-18.875	190.8124	7.610429	173.2544	141.6743	293.5743	173.6284
610.7208	0.1777344	0.2958984	-0.1972656	-66.46875	177.1563	-23.5	0.03613281	0.7041016	-0.9628906	41.0625	309.9688	-2.53125	-0.3583984	0.7392578	-0.6113281	-24.3125	64.3125	-18.875	190.8124	7.610429	173.2544	141.6743	293.5743	173.6284
610.7546	0.1777344	0.2958984	-0.1972656	-66.46875	177.1563	-23.5	0.03613281	0.7041016	-0.9628906	41.0625	309.9688	-2.53125	-0.3583984	0.7392578	-0.6113281	-24.3125	64.3125	-18.875	190.8124	7.610429	173.2544	141.6743	293.5743	173.6284
610.7876	0.1777344	0.2958984	-0.1972656	-66.46875	177.1563	-23.5	0.03613281	0.7041016	-0.9628906	41.0625	309.9688	-2.53125	-0.3583984	0.7392578	-0.6113281	-24.3125	64.3125	-18.875	190.8124	7.610429	173.2544	147.2887	309.4557	178.9758
610.821	-0.1826172	0.6962891	-0.6933594	-0.4375	179.7188	-48.40625	0.03613281	0.7041016	-0.9628906	41.0625	309.9688	-2.53125	-0.01171875	0.7626953	-0.3105469	-2.03125	54.4375	-34.25	197.0564	354.1606	171.2929	147.2887	309.4557	178.9758
610.8543	-0.1826172	0.6962891	-0.6933594	-0.4375	179.7188	-48.40625	-0.02832031	0.78125	0.3115234	6.28125	294.2813	36.1875	-0.01171875	0.7626953	-0.3105469	-2.03125	54.4375	-34.25	197.0564	354.1606	171.2929	147.2887	309.4557	178.9758
610.8878	-0.1826172	0.6962891	-0.6933594	-0.4375	179.7188	-48.40625	-0.02832031	0.78125	0.3115234	6.28125	294.2813	36.1875	-2	0.3691406	-0.1884766	-52.1875	-195.1563	-272.1563	197.0564	354.1606	171.2929	147.2887	309.4557	178.9758
610.9208	-0.1582031	0.8310547	-0.4345703	33.625	176.375	-53.53125	-0.02832031	0.78125	0.3115234	6.28125	294.2813	36.1875	-2	0.3691406	-0.1884766	-52.1875	-195.1563	-272.1563	197.0564	354.1606	171.2929	164.7223	350.7299	199.3902
610.9544	-0.1582031	0.8310547	-0.4345703	33.625	176.375	-53.53125	-0.02832031	0.78125	0.3115234	6.28125	294.2813	36.1875	-2	0.3691406	-0.1884766	-52.1875	-195.1563	-272.1563	197.0564	354.1606	171.2929	164.7223	350.7299	199.3902
610.9877	-0.1582031	0.8310547	-0.4345703	33.625	176.375	-53.53125	-0.02832031	0.78125	0.3115234	6.28125	294.2813	36.1875	-0.6865234	1.474609	-0.5117188	49.90625	164.9063	-323.5625	197.0564	354.1606	171.2929	165.392	0.01256108	206.3886
611.0208	-0.1582031	0.8310547	-0.4345703	33.625	176.375	-53.53125	-0.02832031	0.78125	0.3115234	6.28125	294.2813	36.1875	-0.6865234	1.474609	-0.5117188	49.90625	164.9063	-323.5625	193.4326	23.39016	161.1527	165.392	0.01256108	206.3886
611.0541	-0.1582031	0.8310547	-0.4345703	33.625	176.375	-53.53125	-0.02832031	0.78125	0.3115234	6.28125	294.2813	36.1875	-0.6865234	1.474609	-0.5117188	49.90625	164.9063	-323.5625	193.4326	23.39016	161.1527	165.392	0.01256108	206.3886
611.0872	-0.1582031	0.8310547	-0.4345703	33.625	176.375	-53.53125	-0.02832031	0.78125	0.3115234	6.28125	294.2813	36.1875	-0.6865234	1.474609	-0.5117188	49.90625	164.9063	-323.5625	187.073	5.429769	148.4444	159.6409	6.434431	174.4799
611.1209	0.2138672	1.254883	-0.3789063	-15.09375	149.6563	-62.6875	-0.02832031	0.78125	0.3115234	6.28125	294.2813	36.1875	0.5917969	0.8212891	-0.4423828	-62.09375	-0.375	2	187.073	5.429769	148.4444	159.6409	6.434431	174.4799
611.1537	0.2138672	1.254883	-0.3789063	-15.09375	149.6563	-62.6875	-0.02832031	0.78125	0.3115234	6.28125	294.2813	36.1875	0.5917969	0.8212891	-0.4423828	-62.09375	-0.375	2	187.073	5.429769	148.4444	159.6409	6.434431	174.4799
611.2194	-0.05273438	0.3623047	-0.4384766	67.5625	92.75	-45.90625	-0.02832031	0.78125	0.3115234	6.28125	294.2813	36.1875	0.1708984	0.9179688	-0.4375	-30.40625	5.21875	12.375	187.073	5.429769	148.4444	159.6409	6.434431	174.4799
611.2368	-0.05273438	0.3623047	-0.4384766	67.5625	92.75	-45.90625	0.06445313	1.110352	0.2646484	-38.59375	134.6875	27.9375	0.1708984	0.9179688	-0.4375	-30.40625	5.21875	12.375	187.073	5.429769	148.4444	160.7891	5.867833	176.3392
611.2701	-0.05273438	0.3623047	-0.4384766	67.5625	92.75	-45.90625	0.06445313	1.110352	0.2646484	-38.59375	134.6875	27.9375	0.1708984	0.9179688	-0.4375	-30.40625	5.21875	12.375	187.073	5.429769	148.4444	184.5127	38.8878	188.7436
611.3034	-0.05273438	0.3623047	-0.4384766	67.5625	92.75	-45.90625	0.06445313	1.110352	0.2646484	-38.59375	134.6875	27.9375	0.1728516	0.9423828	-0.3320313	-25.09375	9.03125	7.75	187.073	5.429769	148.4444	184.5127	38.8878	188.7436
611.3369	-0.05273438	0.3623047	-0.4384766	67.5625	92.75	-45.90625	0.1279297	0.9433594	0.2119141	-95.90625	-34.3125	25.5	0.1728516	0.9423828	-0.3320313	-25.09375	9.03125	7.75	166.2069	31.71195	149.7102	184.5127	38.8878	188.7436
611.3701	-0.05273438	0.3623047	-0.4384766	67.5625	92.75	-45.90625	0.1279297	0.9433594	0.2119141	-95.90625	-34.3125	25.5	0.08105469	0.7558594	-0.3613281	-12.90625	19.875	7.75	166.2069	31.71195	149.7102	184.5127	38.8878	188.7436
611.4033	-0.05273438	0.3623047	-0.4384766	67.5625	92.75	-45.90625	0.1279297	0.9433594	0.2119141	-95.90625	-34.3125	25.5	0.08105469	0.7558594	-0.3613281	-12.90625	19.875	7.75	166.2069	31.71195	149.7102	162.0061	23.2126	178.2487
611.4365	-0.1542969	0.5195313	-0.5410156	80.3125	8.09375	-29.9375	0.1279297	0.9433594	0.2119141	-95.90625	-34.3125	25.5	0.08105469	0.7558594	-0.3613281	-12.90625	19.875	7.75	166.2069	31.71195	149.7102	162.0061	23.2126	178.2487
611.4698	-0.1542969	0.5195313	-0.5410156	80.3125	8.09375	-29.9375	0.1279297	0.9433594	0.2119141	-95.90625	-34.3125	25.5	0.1484375	0.7373047	-0.3261719	-29.875	3.78125	4.625	166.2069	31.71195	149.7102	163.5847	21.9691	177.7668
611.5034	-0.1542969	0.5195313	-0.5410156	80.3125	8.09375	-29.9375	0.1279297	0.9433594	0.2119141	-95.90625	-34.3125	25.5	0.1484375	0.7373047	-0.3261719	-29.875	3.78125	4.625	166.2069	31.71195	149.7102	163.5847	21.9691	177.7668
611.5365	-0.04199219	0.7128906	-0.5039063	5.0625	-11.0625	0.21875	0.1279297	0.9433594	0.2119141	-95.90625	-34.3125	25.5	0.1484375	0.7373047	-0.3261719	-29.875	3.78125	4.625	166.2069	31.71195	149.7102	163.5847	21.9691	177.7668
611.5699	-0.04199219	0.7128906	-0.5039063	5.0625	-11.0625	0.21875	0.1279297	0.9433594	0.2119141	-95.90625	-34.3125	25.5	0.1484375	0.7373047	-0.3261719	-29.875	3.78125	4.625	145.3122	42.97924	156.6994	163.5847	21.9691	177.7668
611.6036	-0.04199219	0.7128906	-0.5039063	5.0625	-11.0625	0.21875	0.1279297	0.9433594	0.2119141	-95.90625	-34.3125	25.5	0.4150391	0.8652344	-0.2080078	-20.46875	-42	17.625	145.3122	42.97924	156.6994	147.1766	33.16254	172.9982
611.6369	-0.04199219	0.7128906	-0.5039063	5.0625	-11.0625	0.21875	0.1279297	0.9433594	0.2119141	-95.90625	-34.3125	25.5	0.4150391	0.8652344	-0.2080078	-20.46875	-42	17.625	134.715	50.44599	154.3193	147.1766	33.16254	172.9982
611.6704	-0.04199219	0.7128906	-0.5039063	5.0625	-11.0625	0.21875	0.1279297	0.9433594	0.2119141	-95.90625	-34.3125	25.5	0.2832031	0.7822266	-0.004882813	-28.59375	72.5625	-39.75	134.715	50.44599	154.3193	141.5702	37.10049	166.665
611.7032	0.06640625	0.7724609	-1.068359	87.03125	21.34375	-13.625	0.1748047	1.06543	0.4902344	-52.375	19.53125	27.75	0.2832031	0.7822266	-0.004882813	-28.59375	72.5625	-39.75	134.715	50.44599	154.3193	141.5702	37.10049	166.665
611.7361	0.06640625	0.7724609	-1.068359	87.03125	21.34375	-13.625	0.1748047	1.06543	0.4902344	-52.375	19.53125	27.75	0.2832031	0.7822266	-0.004882813	-28.59375	72.5625	-39.75	134.715	50.44599	154.3193	143.0046	33.36111	165.4826
611.7696	0.06640625	0.7724609	-1.068359	87.03125	21.34375	-13.625	0.1748047	1.06543	0.4902344	-52.375	19.53125	27.75	-0.04492188	0.8408203	-0.2314453	-18.375	70.65625	-50.5	134.715	50.44599	154.3193	143.0046	33.36111	165.4826
611.8031	0.06640625	0.7724609	-1.068359	87.03125	21.34375	-13.625	0.296875	0.6445313	0.734375	-39.75	26.46875	29.09375	-0.04492188	0.8408203	-0.2314453	-18.375	70.65625	-50.5	134.715	50.44599	154.3193	143.0046	33.36111	165.4826
611.836	0.1279297	0.6445313	-1.023438	-15.625	11.53125	1.4375	0.3261719	0.5488281	0.7734375	-39.1875	-6.65625	18.1875	-0.04492188	0.8408203	-0.2314453	-18.375	70.65625	-50.5	134.715	50.44599	154.3193	143.0046	33.36111	165.4826
611.8699	0.1279297	0.6445313	-1.023438	-15.625	11.53125	1.4375	0.3261719	0.5488281	0.7734375	-39.1875	-6.65625	18.1875	0.1503906	0.9365234	-0.05273438	-19.0625	-13.3125	4.8125	134.715	50.44599	154.3193	143.0046	33.36111	165.4826
611.9026	0.1279297	0.6445313	-1.023438	-15.625	11.53125	1.4375	0.3261719	0.5488281	0.7734375	-39.1875	-6.65625	18.1875	0.1503906	0.9365234	-0.05273438	-19.0625	-13.3125	4.8125	134.715	50.44599	154.3193	145.5589	32.77366	160.2141
611.9357	0.1279297	0.6445313	-1.023438	-15.625	11.53125	1.4375	0.3261719	0.5488281	0.7734375	-39.1875	-6.65625	18.1875	0.1503906	0.9365234	-0.05273438	-19.0625	-13.3125	4.8125	134.715	50.44599	154.3193	145.5589	32.77366	160.2141
611.9693	0.1181641	0.8544922	-0.5527344	-110.125	-3.625	-9.125	0.3261719	0.5488281	0.7734375	-39.1875	-6.65625	18.1875	0.125	0.8857422	-0.1347656	-2.34375	12.0625	-2.625	134.715	50.44599	154.3193	146.8885	33.90873	161.2843
612.0027	0.1181641	0.8544922	-0.5527344	-110.125	-3.625	-9.125	0.3261719	0.5488281	0.7734375	-39.1875	-6.65625	18.1875	0.125	0.8857422	-0.1347656	-2.34375	12.0625	-2.625	134.715	50.44599	154.3193	146.8885	33.90873	161.2843
612.0357	0.1181641	0.8544922	-0.5527344	-110.125	-3.625	-9.125	0.3261719	0.5488281	0.7734375	-39.1875	-6.65625	18.1875	0.125	0.8857422	-0.1347656	-2.34375	12.0625	-2.625	114.5004	63.94722	159.416	127.7914	47.61403	153.5312
612.069	0.1181641	0.8544922	-0.5527344	-110.125	-3.625	-9.125	0.21875	0.2197266	0.75	-71.0625	4.9375	16.9375	0.3242188	1.049805	-0.1259766	-0.3125	2.5625	-3.96875	114.5004	63.94722	159.416	127.7914	47.61403	153.5312
612.1026	0.1181641	0.8544922	-0.5527344	-110.125	-3.625	-9.125	0.21875	0.2197266	0.75	-71.0625	4.9375	16.9375	0.3242188	1.049805	-0.1259766	-0.3125	2.5625	-3.96875	114.5004	63.94722	159.416	127.7914	47.61403	153.5312
612.136	-0.0703125	0.9589844	-0.6269531	-44.8125	16.90625	3.40625	0.21875	0.2197266	0.75	-71.0625	4.9375	16.9375	0.3242188	1.049805	-0.1259766	-0.3125	2.5625	-3.96875	114.5004	63.94722	159.416	127.7914	47.61403	153.5312
612.1693	-0.0703125	0.9589844	-0.6269531	-44.8125	16.90625	3.40625	0.21875	0.2197266	0.75	-71.0625	4.9375	16.9375	0.1855469	0.8232422	-0.1503906	2.5	-7.59375	-0.75	114.5004	63.94722	159.416	128.4769	48.21868	152.6918
612.2029	-0.0703125	0.9589844	-0.6269531	-44.8125	16.90625	3.40625	0.8466797	0.4013672	0.8564453	-20.03125	1.15625	20.375	0.1855469	0.8232422	-0.1503906	2.5	-7.59375	-0.75	114.5004	63.94722	159.416	128.4769	48.21868	152.6918
612.2361	-0.0703125	0.9589844	-0.6269531	-44.8125	16.90625	3.40625	0.2539063	0.01953125	0.9111328	-12.40625	68.59375	23.375	0.1855469	0.8232422	-0.1503906	2.5	-7.59375	-0.75	114.5004	63.94722	159.416	127.4195	48.19158	152.8284
612.2689	-0.0703125	0.9589844	-0.6269531	-44.8125	16.90625	3.40625	0.2539063	0.01953125	0.9111328	-12.40625	68.59375	23.375	0.1386719	0.8466797	-0.1132813	0.03125	6.40625	-5.15625	114.5004	63.94722	159.416	127.4195	48.19158	152.8284
612.3024	0.234375	0.9160156	-0.1298828	-37.75	-23.15625	-2.875	0.2539063	0.01953125	0.9111328	-12.40625	68.59375	23.375	0.1386719	0.8466797	-0.1132813	0.03125	6.40625	-5.15625	114.5004	63.94722	159.416	127.4195	48.19158	152.8284
612.3361	0.234375	0.9160156	-0.1298828	-37.75	-23.15625	-2.875	0.2539063	0.01953125	0.9111328	-12.40625	68.59375	23.375	0.01660156	0.9667969	-0.1220703	-0.125	-6.25	-6.84375	114.5004	63.94722	159.416	126.7322	48.78764	152.3237
612.3687	0.234375	0.9160156	-0.1298828	-37.75	-23.15625	-2.875	0.2539063	0.01953125	0.9111328	-12.40625	68.59375	23.375	0.01660156	0.9667969	-0.1220703	-0.125	-6.25	-6.84375	114.5004	63.94722	159.416	126.7322	48.78764	152.3237
612.4028	0.234375	0.9160156	-0.1298828	-37.75	-23.15625	-2.875	0.2539063	0.01953125	0.9111328	-12.40625	68.59375	23.375	0.01660156	0.9667969	-0.1220703	-0.125	-6.25	-6.84375	114.5004	63.94722	159.416	126.7322	48.78764	152.3237
612.4357	0.1806641	0.8964844	0.1035156	-63.75	27.5	-3.375	0.2539063	0.01953125	0.9111328	-12.40625	68.59375	23.375	0.1181641	0.9882813	-0.1279297	2.78125	10.1875	-8.6875	114.5004	63.94722	159.416	125.9792	48.87212	151.1482
612.4691	0.1806641	0.8964844	0.1035156	-63.75	27.5	-3.375	0.2539063	0.01953125	0.9111328	-12.40625	68.59375	23.375	0.1181641	0.9882813	-0.1279297	2.78125	10.1875	-8.6875	114.5004	63.94722	159.416	125.9792	48.87212	151.1482
612.5027	0.1806641	0.8964844	0.1035156	-63.75	27.5	-3.375	0.2539063	0.01953125	0.9111328	-12.40625	68.59375	23.375	0.1181641	0.9882813	-0.1279297	2.78125	10.1875	-8.6875	98.57303	80.88329	164.1297	125.9792	48.87212	151.1482
612.5361	0.1806641	0.8964844	0.1035156	-63.75	27.5	-3.375	0.3652344	0.2617188	0.9072266	-6.59375	-5.75	-3.1875	0.1640625	0.8857422	-0.05273438	0.65625	4.4375	-2.40625	98.57303	80.88329	164.1297	112.1074	70.41817	144.119
612.569	0.1806641	0.8964844	0.1035156	-63.75	27.5	-3.375	0.3652344	0.2617188	0.9072266	-6.59375	-5.75	-3.1875	0.1640625	0.8857422	-0.05273438	0.65625	4.4375	-2.40625	98.57303	80.88329	164.1297	112.1074	70.41817	144.119
612.6025	0.1425781	0.9384766	0.08496094	-23.15625	5	-5.3125	0.1816406	0.1816406	0.9042969	-1.125	8.09375	-4.28125	0.1640625	0.8857422	-0.05273438	0.65625	4.4375	-2.40625	98.13593	84.65799	165.2283	112.1074	70.41817	144.119
612.6356	0.1425781	0.9384766	0.08496094	-23.15625	5	-5.3125	0.1816406	0.1816406	0.9042969	-1.125	8.09375	-4.28125	0.01953125	1.008789	-0.1669922	1.03125	-0.625	5.40625	98.13593	84.65799	165.2283	110.3411	69.74876	144.3934
612.6694	0.1425781	0.9384766	0.08496094	-23.15625	5	-5.3125	0.1816406	0.1816406	0.9042969	-1.125	8.09375	-4.28125	0.01953125	1.008789	-0.1669922	1.03125	-0.625	5.40625	98.13593	84.65799	165.2283	110.3411	69.74876	144.3934
612.7024	-0.1572266	0.8369141	0.1640625	-3.625	14.6875	-8.875	0.1816406	0.1816406	0.9042969	-1.125	8.09375	-4.28125	0.01953125	1.008789	-0.1669922	1.03125	-0.625	5.40625	98.13593	84.65799	165.2283	110.4502	69.87781	144.4182
612.736	-0.1572266	0.8369141	0.1640625	-3.625	14.6875	-8.875	0.1816406	0.1816406	0.9042969	-1.125	8.09375	-4.28125	0.1621094	0.9492188	-0.1748047	1.9375	-0.875	4.625	98.13593	84.65799	165.2283	110.4502	69.87781	144.4182
612.7691	-0.1572266	0.8369141	0.1640625	-3.625	14.6875	-8.875	0.1816406	0.1816406	0.9042969	-1.125	8.09375	-4.28125	0.1621094	0.9492188	-0.1748047	1.9375	-0.875	4.625	98.13593	84.65799	165.2283	110.4502	69.87781	144.4182
612.8023	-0.1572266	0.8369141	0.1640625	-3.625	14.6875	-8.875	0.1816406	0.1816406	0.9042969	-1.125	8.09375	-4.28125	0.1621094	0.9492188	-0.1748047	1.9375	-0.875	4.625	98.13593	84.65799	165.2283	110.4502	69.87781	144.4182
612.8364	-0.1572266	0.8369141	0.1640625	-3.625	14.6875	-8.875	0.2753906	0.2216797	0.9433594	-3.375	12.5	-7.34375	0.09570313	0.96875	-0.08789063	1.15625	-4.03125	0.78125	98.13593	84.65799	165.2283	111.2765	70.48559	144.1436
612.8693	-0.1025391	0.9140625	0.05859375	13.03125	-1.90625	-6.3125	0.2753906	0.2216797	0.9433594	-3.375	12.5	-7.34375	0.09570313	0.96875	-0.08789063	1.15625	-4.03125	0.78125	98.13593	84.65799	165.2283	111.2765	70.48559	144.1436
612.902	-0.1025391	0.9140625	0.05859375	13.03125	-1.90625	-6.3125	0.2753906	0.2216797	0.9433594	-3.375	12.5	-7.34375	0.09179688	0.9550781	-0.203125	1.09375	-0.5	-0.9375	98.13593	84.65799	165.2283	110.6887	70.71336	144.0491
612.9365	-0.1025391	0.9140625	0.05859375	13.03125	-1.90625	-6.3125	0.2753906	0.2216797	0.9433594	-3.375	12.5	-7.34375	0.09179688	0.9550781	-0.203125	1.09375	-0.5	-0.9375	98.53228	82.90969	169.034	110.6887	70.71336	144.0491
612.9689	-0.1025391	0.9140625	0.05859375	13.03125	-1.90625	-6.3125	0.2753906	0.2216797	0.9433594	-3.375	12.5	-7.34375	0.09179688	0.9550781	-0.203125	1.09375	-0.5	-0.9375	98.53228	82.90969	169.034	110.6887	70.71336	144.0491
613.0021	-0.1025391	0.9140625	0.05859375	13.03125	-1.90625	-6.3125	-0.05273438	0.2314453	0.8964844	7.25	3.28125	5.71875	0.09179688	0.9550781	-0.203125	1.09375	-0.5	-0.9375	98.53228	82.90969	169.034	108.7645	73.05466	147.4753
613.0354	-0.1025391	0.9140625	0.05859375	13.03125	-1.90625	-6.3125	0.2460938	0.2773438	1.040039	2.25	5.59375	5.78125	0.1416016	0.9941406	-0.1025391	2.65625	0	-0.3125	98.53228	82.90969	169.034	108.7645	73.05466	147.4753
613.0687	-0.1025391	0.9140625	0.05859375	13.03125	-1.90625	-6.3125	0.2460938	0.2773438	1.040039	2.25	5.59375	5.78125	0.1416016	0.9941406	-0.1025391	2.65625	0	-0.3125	98.53228	82.90969	169.034	108.7645	73.05466	147.4753
613.1022	-0.1025391	0.9140625	0.05859375	13.03125	-1.90625	-6.3125	0.2460938	0.2773438	1.040039	2.25	5.59375	5.78125	0.1416016	0.9941406	-0.1025391	2.65625	0	-0.3125	98.53228	82.90969	169.034	108.7645	73.05466	147.4753
613.1354	0	0.9521484	0.02734375	8.21875	-5.6875	0.40625	0.2460938	0.2773438	1.040039	2.25	5.59375	5.78125	0.1162109	0.8730469	-0.1425781	1.75	0.15625	0.09375	98.53228	82.90969	169.034	108.7583	73.26656	148.0369
613.1688	0	0.9521484	0.02734375	8.21875	-5.6875	0.40625	0.2460938	0.2773438	1.040039	2.25	5.59375	5.78125	0.1162109	0.8730469	-0.1425781	1.75	0.15625	0.09375	98.53228	82.90969	169.034	108.7583	73.26656	148.0369
613.202	-0.1474609	0.9033203	0.1230469	2.96875	7.84375	-0.1875	0.2460938	0.2773438	1.040039	2.25	5.59375	5.78125	0.04882813	1.021484	-0.1386719	1.3125	0.65625	1.5	98.46569	78.83398	171.2763	108.2459	76.63563	150.0998
613.2352	-0.1474609	0.9033203	0.1230469	2.96875	7.84375	-0.1875	0.2138672	0.21875	0.9082031	-1.59375	-1	-2.59375	0.04882813	1.021484	-0.1386719	1.3125	0.65625	1.5	98.46569	78.83398	171.2763	108.2459	76.63563	150.0998
613.2681	-0.1474609	0.9033203	0.1230469	2.96875	7.84375	-0.1875	0.2138672	0.21875	0.9082031	-1.59375	-1	-2.59375	0.04882813	1.021484	-0.1386719	1.3125	0.65625	1.5	98.46569	78.83398	171.2763	108.2459	76.63563	150.0998
613.3015	-0.1474609	0.9033203	0.1230469	2.96875	7.84375	-0.1875	0.2138672	0.21875	0.9082031	-1.59375	-1	-2.59375	0.07617188	0.9863281	-0.1484375	-0.5625	-2.34375	0.59375	98.46569	78.83398	171.2763	108.237	76.64776	149.9694
613.3351	-0.1474609	0.9033203	0.1230469	2.96875	7.84375	-0.1875	0.2138672	0.21875	0.9082031	-1.59375	-1	-2.59375	0.07617188	0.9863281	-0.1484375	-0.5625	-2.34375	0.59375	98.46569	78.83398	171.2763	108.237	76.64776	149.9694
613.3682	-0.1474609	0.9033203	0.1230469	2.96875	7.84375	-0.1875	0.2138672	0.21875	0.9082031	-1.59375	-1	-2.59375	0.07617188	0.9863281	-0.1484375	-0.5625	-2.34375	0.59375	98.46569	78.83398	171.2763	108.237	76.64776	149.9694
613.402	-0.1474609	0.9033203	0.1230469	2.96875	7.84375	-0.1875	0.2138672	0.21875	0.9082031	-1.59375	-1	-2.59375	0.1582031	0.8613281	-0.1347656	1.09375	-0.875	1.625	98.73233	79.09356	171.8554	108.1816	76.18848	150.2347
613.435	-0.1474609	0.9033203	0.1230469	2.96875	7.84375	-0.1875	0.125	0.1611328	0.9160156	2.375	-20.34375	1.03125	0.1582031	0.8613281	-0.1347656	1.09375	-0.875	1.625	98.73233	79.09356	171.8554	108.1816	76.18848	150.2347
613.4681	-0.1474609	0.9033203	0.1230469	2.96875	7.84375	-0.1875	0.125	0.1611328	0.9160156	2.375	-20.34375	1.03125	0.1582031	0.8613281	-0.1347656	1.09375	-0.875	1.625	98.73233	79.09356	171.8554	108.1816	76.18848	150.2347
613.5012	-0.1474609	0.9033203	0.1230469	2.96875	7.84375	-0.1875	0.125	0.1611328	0.9160156	2.375	-20.34375	1.03125	0.1582031	0.8613281	-0.1347656	1.09375	-0.875	1.625	98.73233	79.09356	171.8554	108.2496	76.18387	150.3773
613.5347	-0.1474609	0.9033203	0.1230469	2.96875	7.84375	-0.1875	0.125	0.1611328	0.9160156	2.375	-20.34375	1.03125	0.1650391	1.014648	-0.07714844	0.09375	0.46875	0.21875	98.73233	79.09356	171.8554	108.2496	76.18387	150.3773
613.5677	-0.1474609	0.9033203	0.1230469	2.96875	7.84375	-0.1875	0.125	0.1611328	0.9160156	2.375	-20.34375	1.03125	0.1650391	1.014648	-0.07714844	0.09375	0.46875	0.21875	98.73233	79.09356	171.8554	108.2496	76.18387	150.3773
613.6016	-0.1474609	0.9033203	0.1230469	2.96875	7.84375	-0.1875	0.125	0.1611328	0.9160156	2.375	-20.34375	1.03125	0.1650391	1.014648	-0.07714844	0.09375	0.46875	0.21875	98.73233	79.09356	171.8554	108.1232	76.40247	150.3781
613.6349	-0.02148438	0.859375	-0.04394531	-4.78125	3.03125	5.1875	0.125	0.1611328	0.9160156	2.375	-20.34375	1.03125	0.140625	0.9863281	-0.1064453	1.5625	-1.0625	1.21875	98.56211	81.81528	170.3638	108.1232	76.40247	150.3781
613.6682	0.07324219	0.9736328	0.04980469	1.28125	-4.65625	0.34375	0.125	0.1611328	0.9160156	2.375	-20.34375	1.03125	0.140625	0.9863281	-0.1064453	1.5625	-1.0625	1.21875	98.56211	81.81528	170.3638	108.1232	76.40247	150.3781
613.7017	0.07324219	0.9736328	0.04980469	1.28125	-4.65625	0.34375	0.125	0.1611328	0.9160156	2.375	-20.34375	1.03125	0.140625	0.9863281	-0.1064453	1.5625	-1.0625	1.21875	98.56211	81.81528	170.3638	108.4044	74.72033	148.8321
613.7347	0.07324219	0.9736328	0.04980469	1.28125	-4.65625	0.34375	0.140625	0.2285156	0.921875	0.65625	-5.5	1.28125	0.1201172	0.8505859	-0.1181641	1.75	-3.75	2.125	98.56211	81.81528	170.3638	108.4044	74.72033	148.8321
613.7678	0.07324219	0.9736328	0.04980469	1.28125	-4.65625	0.34375	0.140625	0.2285156	0.921875	0.65625	-5.5	1.28125	0.1494141	0.8496094	-0.2519531	0.96875	2.4375	-0.0625	98.56211	81.81528	170.3638	108.4044	74.72033	148.8321
613.8015	0.07324219	0.9736328	0.04980469	1.28125	-4.65625	0.34375	0.140625	0.2285156	0.921875	0.65625	-5.5	1.28125	0.1494141	0.8496094	-0.2519531	0.96875	2.4375	-0.0625	98.56211	81.81528	170.3638	108.2572	75.09982	148.905
613.8347	0.07324219	0.9736328	0.04980469	1.28125	-4.65625	0.34375	0.140625	0.2285156	0.921875	0.65625	-5.5	1.28125	0.1494141	0.8496094	-0.2519531	0.96875	2.4375	-0.0625	98.56211	81.81528	170.3638	108.2572	75.09982	148.905
613.8675	0.07324219	0.9736328	0.04980469	1.28125	-4.65625	0.34375	0.140625	0.2285156	0.921875	0.65625	-5.5	1.28125	0.1494141	0.8496094	-0.2519531	0.96875	2.4375	-0.0625	98.56211	81.81528	170.3638	107.8989	75.72526	149.182
613.9008	0.07324219	0.9736328	0.04980469	1.28125	-4.65625	0.34375	0.140625	0.2285156	0.921875	0.65625	-5.5	1.28125	0.2421875	0.9570313	-0.1298828	1.3125	-2.53125	2.96875	98.30748	82.97317	169.9871	107.8989	75.72526	149.182
613.9339	-0.009765625	0.9609375	-0.04003906	-2.28125	-2.8125	1.6875	0.2675781	0.1376953	1.009766	-1.59375	-1.125	0.71875	0.2421875	0.9570313	-0.1298828	1.3125	-2.53125	2.96875	98.30748	82.97317	169.9871	107.8989	75.72526	149.182
613.9673	-0.009765625	0.9609375	-0.04003906	-2.28125	-2.8125	1.6875	0.2675781	0.1376953	1.009766	-1.59375	-1.125	0.71875	0.2421875	0.9570313	-0.1298828	1.3125	-2.53125	2.96875	98.30748	82.97317	169.9871	107.8989	75.72526	149.182
614.001	-0.009765625	0.9609375	-0.04003906	-2.28125	-2.8125	1.6875	0.2675781	0.1376953	1.009766	-1.59375	-1.125	0.71875	0.1777344	0.7871094	-0.1855469	1.9375	-2.9375	4.625	98.30748	82.97317	169.9871	107.8007	75.9146	148.8618
