752.8002	0.1445313	0.8554688	-0.3291016	-0.375	0.34375	-0.875	-0.3457031	-0.3232422	0.9130859	1.625	-2.21875	-1.46875	0	0	0	0	0	0	180	225.7007	180	180	0	180
752.8327	0.1445313	0.8554688	-0.3291016	-0.375	0.34375	-0.875	-0.3457031	-0.3232422	0.9130859	1.625	-2.21875	-1.46875	0	0	0	0	0	0	180	225.7007	180	180	0	180
752.842	0.1445313	0.8554688	-0.3291016	-0.375	0.34375	-0.875	-0.3457031	-0.3232422	0.9130859	1.625	-2.21875	-1.46875	0	0	0	0	0	0	180	225.7007	180	180	0	180
752.8755	0.1445313	0.8554688	-0.3291016	-0.375	0.34375	-0.875	-0.3457031	-0.3232422	0.9130859	1.625	-2.21875	-1.46875	0	0	0	0	0	0	180	225.7007	180	180	0	180
752.9091	0.1347656	0.8369141	-0.4599609	-1.53125	1.4375	-0.3125	-0.3457031	-0.3232422	0.9130859	1.625	-2.21875	-1.46875	0	0	0	0	0	0	180	225.7007	180	180	0	180
752.9424	0.1347656	0.8369141	-0.4599609	-1.53125	1.4375	-0.3125	-0.3457031	-0.3232422	0.9130859	1.625	-2.21875	-1.46875	0	0	0	0	0	0	180	225.7007	180	180	0	180
752.9758	0.1347656	0.8369141	-0.4599609	-1.53125	1.4375	-0.3125	-0.2441406	-0.2597656	0.8623047	1.375	1.03125	-0.375	0	0	0	0	0	0	180	225.7007	180	180	0	180
753.0093	0.1347656	0.8369141	-0.4599609	-1.53125	1.4375	-0.3125	-0.2441406	-0.2597656	0.8623047	1.375	1.03125	-0.375	0	0	0	0	0	0	180	225.7007	180	180	0	180
753.0425	0.09179688	0.8623047	-0.5126953	2.0625	-0.875	1.9375	-0.2441406	-0.2597656	0.8623047	1.375	1.03125	-0.375	0	0	0	0	0	0	180	225.7007	180	180	0	180
753.0758	0.09179688	0.8623047	-0.5126953	2.0625	-0.875	1.9375	-0.2441406	-0.2597656	0.8623047	1.375	1.03125	-0.375	0	0	0	0	0	0	180	225.7007	180	180	0	180
753.1098	0.09179688	0.8623047	-0.5126953	2.0625	-0.875	1.9375	-0.2441406	-0.2597656	0.8623047	1.375	1.03125	-0.375	0	0	0	0	0	0	180	225.7007	180	180	0	180
753.1426	0.09765625	0.9550781	-0.5361328	0.78125	-0.9375	0.84375	-0.2441406	-0.2597656	0.8623047	1.375	1.03125	-0.375	0	0	0	0	0	0	180	225.7007	180	180	0	180
753.176	0.09765625	0.9550781	-0.5361328	0.78125	-0.9375	0.84375	-0.2441406	-0.2597656	0.8623047	1.375	1.03125	-0.375	0	0	0	0	0	0	180	225.7007	180	180	0	180
753.2097	0.1328125	0.9814453	-0.3945313	-0.0625	-0.75	0.40625	-0.2441406	-0.2597656	0.8623047	1.375	1.03125	-0.375	0	0	0	0	0	0	180	225.7007	180	180	0	180
753.2429	0.1328125	0.9814453	-0.3945313	-0.0625	-0.75	0.40625	-0.2441406	-0.2597656	0.8623047	1.375	1.03125	-0.375	0	0	0	0	0	0	180	225.7007	180	180	0	180
753.2764	0.1894531	0.8945313	-0.4648438	3.84375	-1.65625	0.90625	-0.2441406	-0.2597656	0.8623047	1.375	1.03125	-0.375	0	0	0	0	0	0	180	225.7007	180	180	0	180
753.3101	0.1894531	0.8945313	-0.4648438	3.84375	-1.65625	0.90625	-0.3349609	-0.1728516	0.9501953	-0.125	-2.28125	-1.53125	0	0	0	0	0	0	180	225.7007	180	180	0	180
753.3436	0.1894531	0.8945313	-0.4648438	3.84375	-1.65625	0.90625	-0.3349609	-0.1728516	0.9501953	-0.125	-2.28125	-1.53125	0	0	0	0	0	0	180	225.7007	180	180	0	180
753.3771	0.1894531	0.8945313	-0.4648438	3.84375	-1.65625	0.90625	-0.3349609	-0.1728516	0.9501953	-0.125	-2.28125	-1.53125	0	0	0	0	0	0	180	225.7007	180	180	0	180
753.4108	0.02148438	0.9140625	-0.5283203	1.5	-2.09375	1.28125	-0.3349609	-0.1728516	0.9501953	-0.125	-2.28125	-1.53125	0	0	0	0	0	0	180	225.7007	180	180	0	180
753.4439	0.02148438	0.9140625	-0.5283203	1.5	-2.09375	1.28125	-0.3349609	-0.1728516	0.9501953	-0.125	-2.28125	-1.53125	0	0	0	0	0	0	180	225.7007	180	180	0	180
753.4772	0.02148438	0.9140625	-0.5283203	1.5	-2.09375	1.28125	-0.3349609	-0.1728516	0.9501953	-0.125	-2.28125	-1.53125	0	0	0	0	0	0	180	225.7007	180	180	0	180
753.5108	0.1083984	0.9384766	-0.4824219	0.96875	-0.5	1.21875	-0.3349609	-0.1728516	0.9501953	-0.125	-2.28125	-1.53125	0	0	0	0	0	0	180	225.7007	180	180	0	180
753.5441	0.1533203	0.7519531	-0.4765625	3.59375	-1.84375	2.78125	-0.3349609	-0.1728516	0.9501953	-0.125	-2.28125	-1.53125	0	0	0	0	0	0	180	225.7007	180	180	0	180
753.5774	0.1533203	0.7519531	-0.4765625	3.59375	-1.84375	2.78125	-0.3349609	-0.1728516	0.9501953	-0.125	-2.28125	-1.53125	0	0	0	0	0	0	180	225.7007	180	180	0	180
753.6113	0.1533203	0.7519531	-0.4765625	3.59375	-1.84375	2.78125	-0.3349609	-0.1728516	0.9501953	-0.125	-2.28125	-1.53125	0	0	0	0	0	0	180	225.7007	180	180	0	180
753.6448	0.1533203	0.7519531	-0.4765625	3.59375	-1.84375	2.78125	-0.3349609	-0.1728516	0.9501953	-0.125	-2.28125	-1.53125	0	0	0	0	0	0	180	225.7007	180	180	0	180
753.6782	0.03320313	0.7910156	-0.5019531	1.375	-1.59375	1.375	-0.3349609	-0.1728516	0.9501953	-0.125	-2.28125	-1.53125	0	0	0	0	0	0	180	225.7007	180	180	0	180
753.7118	0.03320313	0.7910156	-0.5019531	1.375	-1.59375	1.375	-0.3349609	-0.1728516	0.9501953	-0.125	-2.28125	-1.53125	0	0	0	0	0	0	180	225.7007	180	180	0	180
753.7454	0.03320313	0.7910156	-0.5019531	1.375	-1.59375	1.375	-0.3349609	-0.1728516	0.9501953	-0.125	-2.28125	-1.53125	0	0	0	0	0	0	180	225.7007	180	180	0	180
753.7787	0.1503906	0.8261719	-0.3466797	0.59375	-0.625	0.59375	-0.3349609	-0.1728516	0.9501953	-0.125	-2.28125	-1.53125	0	0	0	0	0	0	180	225.7007	180	180	0	180
753.7807	0.1503906	0.8261719	-0.3466797	0.59375	-0.625	0.59375	-0.3349609	-0.1728516	0.9501953	-0.125	-2.28125	-1.53125	0	0	0	0	0	0	180	225.7007	180	180	0	180
753.8121	0.1503906	0.8261719	-0.3466797	0.59375	-0.625	0.59375	-0.2568359	-0.06738281	0.8779297	-0.75	0.90625	0.28125	0	0	0	0	0	0	180	225.7007	180	180	0	180
753.8453	0.1503906	0.8261719	-0.3466797	0.59375	-0.625	0.59375	-0.2568359	-0.06738281	0.8779297	-0.75	0.90625	0.28125	0	0	0	0	0	0	180	225.7007	180	180	0	180
753.8792	0.1630859	0.8916016	-0.4931641	1.09375	0.78125	-0.6875	-0.2568359	-0.06738281	0.8779297	-0.75	0.90625	0.28125	0	0	0	0	0	0	180	225.7007	180	180	0	180
753.9117	0.1630859	0.8916016	-0.4931641	1.09375	0.78125	-0.6875	-0.2568359	-0.06738281	0.8779297	-0.75	0.90625	0.28125	0	0	0	0	0	0	180	225.7007	180	180	0	180
753.9452	0.1630859	0.8916016	-0.4931641	1.09375	0.78125	-0.6875	-0.2568359	-0.06738281	0.8779297	-0.75	0.90625	0.28125	0	0	0	0	0	0	180	225.7007	180	180	0	180
753.9786	0.1738281	0.8535156	-0.4511719	-0.0625	-0.5	0.21875	-0.2568359	-0.06738281	0.8779297	-0.75	0.90625	0.28125	0	0	0	0	0	0	180	225.7007	180	180	0	180
754.0117	0.1738281	0.8535156	-0.4511719	-0.0625	-0.5	0.21875	-0.2568359	-0.06738281	0.8779297	-0.75	0.90625	0.28125	0	0	0	0	0	0	180	225.7007	180	180	0	180
754.045	0.1738281	0.8535156	-0.4511719	-0.0625	-0.5	0.21875	-0.2568359	-0.06738281	0.8779297	-0.75	0.90625	0.28125	0	0	0	0	0	0	180	225.7007	180	180	0	180
754.0786	0.09863281	0.8095703	-0.5078125	-0.1875	-1.40625	1.03125	-0.2568359	-0.06738281	0.8779297	-0.75	0.90625	0.28125	0	0	0	0	0	0	180	225.7007	180	180	0	180
754.112	0.09863281	0.8095703	-0.5078125	-0.1875	-1.40625	1.03125	-0.2568359	-0.06738281	0.8779297	-0.75	0.90625	0.28125	0	0	0	0	0	0	180	225.7007	180	180	0	180
754.1451	0.1523438	0.8095703	-0.4160156	1.6875	0.15625	0.78125	-0.2568359	-0.06738281	0.8779297	-0.75	0.90625	0.28125	0	0	0	0	0	0	180	225.7007	180	180	0	180
754.1785	0.1523438	0.8095703	-0.4160156	1.6875	0.15625	0.78125	-0.2568359	-0.06738281	0.8779297	-0.75	0.90625	0.28125	0	0	0	0	0	0	180	225.7007	180	180	0	180
754.2117	0.1523438	0.8095703	-0.4160156	1.6875	0.15625	0.78125	-0.2568359	-0.06738281	0.8779297	-0.75	0.90625	0.28125	0	0	0	0	0	0	180	226.7087	180	180	0	180
754.2451	0.078125	0.8037109	-0.4990234	2.65625	-1.0625	-0.125	-0.2568359	-0.06738281	0.8779297	-0.75	0.90625	0.28125	0	0	0	0	0	0	180	226.7087	180	180	0	180
754.2787	0.078125	0.8037109	-0.4990234	2.65625	-1.0625	-0.125	-0.2568359	-0.06738281	0.8779297	-0.75	0.90625	0.28125	0	0	0	0	0	0	180	226.7087	180	180	0	180
754.3118	0.078125	0.8037109	-0.4990234	2.65625	-1.0625	-0.125	-0.2568359	-0.06738281	0.8779297	-0.75	0.90625	0.28125	0	0	0	0	0	0	180	226.7087	180	180	0	180
754.3453	0.1279297	0.8193359	-0.4697266	3.46875	-0.3125	0.65625	-0.2568359	-0.06738281	0.8779297	-0.75	0.90625	0.28125	0	0	0	0	0	0	180	226.7087	180	180	0	180
754.3789	0.1279297	0.8193359	-0.4697266	3.46875	-0.3125	0.65625	-0.2568359	-0.06738281	0.8779297	-0.75	0.90625	0.28125	0	0	0	0	0	0	180	226.7087	180	180	0	180
754.4122	0.1279297	0.8193359	-0.4697266	3.46875	-0.3125	0.65625	-0.2568359	-0.06738281	0.8779297	-0.75	0.90625	0.28125	0	0	0	0	0	0	180	226.7087	180	180	0	180
754.4453	0.046875	0.9492188	-0.3515625	3.59375	-8.125	4.5625	-0.2568359	-0.06738281	0.8779297	-0.75	0.90625	0.28125	0	0	0	0	0	0	180	226.7087	180	180	0	180
754.4787	0.046875	0.9492188	-0.3515625	3.59375	-8.125	4.5625	-0.3388672	-0.2255859	0.9160156	-1.125	0.40625	0.59375	0	0	0	0	0	0	180	226.7087	180	180	0	180
754.5119	0.046875	0.9492188	-0.3515625	3.59375	-8.125	4.5625	-0.3388672	-0.2255859	0.9160156	-1.125	0.40625	0.59375	0	0	0	0	0	0	180	226.7087	180	180	0	180
754.5453	0.140625	0.7919922	-0.5625	3.78125	-2.28125	6.03125	-0.3388672	-0.2255859	0.9160156	-1.125	0.40625	0.59375	0	0	0	0	0	0	180	226.7087	180	180	0	180
754.5787	0.140625	0.7919922	-0.5625	3.78125	-2.28125	6.03125	-0.3388672	-0.2255859	0.9160156	-1.125	0.40625	0.59375	0	0	0	0	0	0	180	226.7087	180	180	0	180
754.612	0.140625	0.7919922	-0.5625	3.78125	-2.28125	6.03125	-0.3388672	-0.2255859	0.9160156	-1.125	0.40625	0.59375	0	0	0	0	0	0	180	226.7087	180	180	0	180
754.6454	0.1816406	0.7333984	-0.6259766	3.90625	-2.625	4.625	-0.3388672	-0.2255859	0.9160156	-1.125	0.40625	0.59375	0	0	0	0	0	0	180	226.7087	180	180	0	180
754.679	0.1816406	0.7333984	-0.6259766	3.90625	-2.625	4.625	-0.3388672	-0.2255859	0.9160156	-1.125	0.40625	0.59375	0	0	0	0	0	0	180	226.7087	180	180	0	180
754.712	0.1308594	0.8798828	-0.4941406	5.34375	0.34375	9.9375	-0.3388672	-0.2255859	0.9160156	-1.125	0.40625	0.59375	0	0	0	0	0	0	180	226.7087	180	180	0	180
754.7454	0.1308594	0.8798828	-0.4941406	5.34375	0.34375	9.9375	-0.3388672	-0.2255859	0.9160156	-1.125	0.40625	0.59375	0	0	0	0	0	0	180	226.7087	180	180	0	180
754.7789	0.1308594	0.8798828	-0.4941406	5.34375	0.34375	9.9375	-0.3388672	-0.2255859	0.9160156	-1.125	0.40625	0.59375	0	0	0	0	0	0	180	226.7087	180	180	0	180
754.8121	0.1308594	0.8798828	-0.4941406	5.34375	0.34375	9.9375	-0.3388672	-0.2255859	0.9160156	-1.125	0.40625	0.59375	0	0	0	0	0	0	180	223.3515	180	180	0	180
754.8455	0.1855469	0.9101563	-0.4375	-2.34375	4.0625	-1.0625	-0.3388672	-0.2255859	0.9160156	-1.125	0.40625	0.59375	0	0	0	0	0	0	180	223.3515	180	180	0	180
754.879	0.1855469	0.9101563	-0.4375	-2.34375	4.0625	-1.0625	-0.3388672	-0.2255859	0.9160156	-1.125	0.40625	0.59375	0	0	0	0	0	0	180	223.3515	180	180	0	180
754.9123	0.1855469	0.9101563	-0.4375	-2.34375	4.0625	-1.0625	-0.3388672	-0.2255859	0.9160156	-1.125	0.40625	0.59375	0	0	0	0	0	0	180	223.3515	180	180	0	180
754.9456	0.1630859	0.7900391	-0.5771484	9.875	3.78125	5.96875	-0.3388672	-0.2255859	0.9160156	-1.125	0.40625	0.59375	0	0	0	0	0	0	180	223.3515	180	180	0	180
754.9796	0.1630859	0.7900391	-0.5771484	9.875	3.78125	5.96875	-0.3388672	-0.2255859	0.9160156	-1.125	0.40625	0.59375	0	0	0	0	0	0	180	223.3515	180	180	0	180
755.0122	0.2060547	0.7998047	-0.5595703	-10.5	7.0625	-3.8125	-0.3388672	-0.2255859	0.9160156	-1.125	0.40625	0.59375	0	0	0	0	0	0	180	223.3515	180	180	0	180
755.0455	0.2060547	0.7998047	-0.5595703	-10.5	7.0625	-3.8125	-0.3388672	-0.2255859	0.9160156	-1.125	0.40625	0.59375	0	0	0	0	0	0	180	223.3515	180	180	0	180
755.0793	0.2060547	0.7998047	-0.5595703	-10.5	7.0625	-3.8125	-0.3388672	-0.2255859	0.9160156	-1.125	0.40625	0.59375	0	0	0	0	0	0	180	223.3515	180	180	0	180
755.1126	0.1572266	0.859375	-0.5634766	-0.9375	4.6875	-2.9375	-0.3388672	-0.2255859	0.9160156	-1.125	0.40625	0.59375	0	0	0	0	0	0	180	223.3515	180	180	0	180
755.1459	0.1572266	0.859375	-0.5634766	-0.9375	4.6875	-2.9375	-0.2910156	-0.1289063	0.8632813	0.46875	-0.0625	-0.0625	0	0	0	0	0	0	180	223.3515	180	180	0	180
755.1796	0.1572266	0.859375	-0.5634766	-0.9375	4.6875	-2.9375	-0.2910156	-0.1289063	0.8632813	0.46875	-0.0625	-0.0625	0	0	0	0	0	0	180	223.3515	180	180	0	180
755.2125	0.1875	0.8818359	-0.6230469	-2.6875	0	0.09375	-0.2910156	-0.1289063	0.8632813	0.46875	-0.0625	-0.0625	0	0	0	0	0	0	180	223.3515	180	180	0	180
755.2466	0.1875	0.8818359	-0.6230469	-2.6875	0	0.09375	-0.2910156	-0.1289063	0.8632813	0.46875	-0.0625	-0.0625	0	0	0	0	0	0	180	223.3515	180	180	0	180
755.2797	0.1875	0.8818359	-0.6230469	-2.6875	0	0.09375	-0.2910156	-0.1289063	0.8632813	0.46875	-0.0625	-0.0625	0	0	0	0	0	0	180	223.3515	180	180	0	180
755.313	0.1992188	0.8476563	-0.4238281	1.3125	-0.9375	0.40625	-0.2910156	-0.1289063	0.8632813	0.46875	-0.0625	-0.0625	0	0	0	0	0	0	180	223.3515	180	180	0	180
755.3464	0.1992188	0.8476563	-0.4238281	1.3125	-0.9375	0.40625	-0.2910156	-0.1289063	0.8632813	0.46875	-0.0625	-0.0625	0	0	0	0	0	0	180	223.3515	180	180	0	180
755.3798	0.1992188	0.8476563	-0.4238281	1.3125	-0.9375	0.40625	-0.2910156	-0.1289063	0.8632813	0.46875	-0.0625	-0.0625	0	0	0	0	0	0	180	223.3515	180	180	0	180
755.4128	0.1816406	0.8496094	-0.4804688	1.9375	0.46875	-0.0625	-0.2910156	-0.1289063	0.8632813	0.46875	-0.0625	-0.0625	0	0	0	0	0	0	180	223.3515	180	180	0	180
755.4462	0.1816406	0.8496094	-0.4804688	1.9375	0.46875	-0.0625	-0.2910156	-0.1289063	0.8632813	0.46875	-0.0625	-0.0625	0	0	0	0	0	0	180	223.3515	180	180	0	180
755.4803	0.1816406	0.8496094	-0.4804688	1.9375	0.46875	-0.0625	-0.2910156	-0.1289063	0.8632813	0.46875	-0.0625	-0.0625	0	0	0	0	0	0	180	223.3515	180	180	0	180
755.5132	0.1806641	0.8896484	-0.5605469	3.21875	0.46875	0.28125	-0.2910156	-0.1289063	0.8632813	0.46875	-0.0625	-0.0625	0	0	0	0	0	0	180	223.3515	180	180	0	180
755.5469	0.1806641	0.8896484	-0.5605469	3.21875	0.46875	0.28125	-0.2910156	-0.1289063	0.8632813	0.46875	-0.0625	-0.0625	0	0	0	0	0	0	180	223.3515	180	180	0	180
755.5809	0.2626953	0.8408203	-0.5117188	2.0625	-0.6875	0.40625	-0.2910156	-0.1289063	0.8632813	0.46875	-0.0625	-0.0625	0	0	0	0	0	0	180	223.3515	180	180	0	180
755.6141	0.2626953	0.8408203	-0.5117188	2.0625	-0.6875	0.40625	-0.2910156	-0.1289063	0.8632813	0.46875	-0.0625	-0.0625	0	0	0	0	0	0	180	223.3515	180	180	0	180
755.6476	0.2626953	0.8408203	-0.5117188	2.0625	-0.6875	0.40625	-0.2910156	-0.1289063	0.8632813	0.46875	-0.0625	-0.0625	0	0	0	0	0	0	180	223.3515	180	180	0	180
755.681	0.28125	0.8193359	-0.5419922	1.6875	-0.1875	-0.0625	-0.2910156	-0.1289063	0.8632813	0.46875	-0.0625	-0.0625	0	0	0	0	0	0	180	223.3515	180	180	0	180
755.7147	0.28125	0.8193359	-0.5419922	1.6875	-0.1875	-0.0625	-0.2910156	-0.1289063	0.8632813	0.46875	-0.0625	-0.0625	0	0	0	0	0	0	180	223.3515	180	180	0	180
755.7484	0.28125	0.8193359	-0.5419922	1.6875	-0.1875	-0.0625	-0.2910156	-0.1289063	0.8632813	0.46875	-0.0625	-0.0625	0	0	0	0	0	0	180	223.3515	180	180	0	180
755.7817	0.1796875	0.6972656	-0.4492188	-0.25	-0.625	0.21875	-0.2910156	-0.1289063	0.8632813	0.46875	-0.0625	-0.0625	0	0	0	0	0	0	180	218.609	180	180	0	180
755.815	0.1796875	0.6972656	-0.4492188	-0.25	-0.625	0.21875	-0.2910156	-0.1289063	0.8632813	0.46875	-0.0625	-0.0625	0	0	0	0	0	0	180	218.609	180	180	0	180
755.8488	0.1796875	0.6972656	-0.4492188	-0.25	-0.625	0.21875	-0.2910156	-0.1289063	0.8632813	0.46875	-0.0625	-0.0625	0	0	0	0	0	0	180	218.609	180	180	0	180
755.8821	0.1933594	0.8847656	-0.5039063	-0.625	-0.0625	-0.0625	-0.2910156	-0.1289063	0.8632813	0.46875	-0.0625	-0.0625	0	0	0	0	0	0	180	218.609	180	180	0	180
755.9154	0.1933594	0.8847656	-0.5039063	-0.625	-0.0625	-0.0625	-0.2910156	-0.1289063	0.8632813	0.46875	-0.0625	-0.0625	0	0	0	0	0	0	180	218.609	180	180	0	180
755.9492	0.1933594	0.8847656	-0.5039063	-0.625	-0.0625	-0.0625	-0.2910156	-0.1289063	0.8632813	0.46875	-0.0625	-0.0625	0	0	0	0	0	0	180	218.609	180	180	0	180
755.9824	0.1494141	0.7626953	-0.4453125	-4.34375	-1.125	-0.6875	-0.2910156	-0.1289063	0.8632813	0.46875	-0.0625	-0.0625	0	0	0	0	0	0	180	218.609	180	180	0	180
756.0374	0.1494141	0.7626953	-0.4453125	-4.34375	-1.125	-0.6875	-0.2910156	-0.1289063	0.8632813	0.46875	-0.0625	-0.0625	0	0	0	0	0	0	180	218.609	180	180	0	180
756.0709	0.15625	0.7226563	-0.484375	-1.71875	-0.6875	-0.6875	-0.2910156	-0.1289063	0.8632813	0.46875	-0.0625	-0.0625	0	0	0	0	0	0	180	218.609	180	180	0	180
756.1049	0.15625	0.7226563	-0.484375	-1.71875	-0.6875	-0.6875	-0.2910156	-0.1289063	0.8632813	0.46875	-0.0625	-0.0625	0	0	0	0	0	0	180	218.609	180	180	0	180
756.1381	0.15625	0.7226563	-0.484375	-1.71875	-0.6875	-0.6875	-0.2910156	-0.1289063	0.8632813	0.46875	-0.0625	-0.0625	0	0	0	0	0	0	180	218.609	180	180	0	180
756.1718	0.1914063	0.8789063	-0.5087891	-0.5	-0.0625	-0.375	-0.2910156	-0.1289063	0.8632813	0.46875	-0.0625	-0.0625	0	0	0	0	0	0	180	218.609	180	180	0	180
756.2053	0.1914063	0.8789063	-0.5087891	-0.5	-0.0625	-0.375	-0.2910156	-0.1289063	0.8632813	0.46875	-0.0625	-0.0625	0	0	0	0	0	0	180	218.609	180	180	0	180
756.2388	0.1914063	0.8789063	-0.5087891	-0.5	-0.0625	-0.375	-0.2910156	-0.1289063	0.8632813	0.46875	-0.0625	-0.0625	0	0	0	0	0	0	180	218.609	180	180	0	180
756.2724	0.2226563	0.6845703	-0.4443359	0.84375	-0.4375	0.71875	-0.2910156	-0.1289063	0.8632813	0.46875	-0.0625	-0.0625	0	0	0	0	0	0	180	218.609	180	180	0	180
756.3057	0.2226563	0.6845703	-0.4443359	0.84375	-0.4375	0.71875	-0.2910156	-0.1289063	0.8632813	0.46875	-0.0625	-0.0625	0	0	0	0	0	0	180	218.609	180	180	0	180
756.3389	0.2226563	0.6845703	-0.4443359	0.84375	-0.4375	0.71875	-0.2910156	-0.1289063	0.8632813	0.46875	-0.0625	-0.0625	0	0	0	0	0	0	180	218.609	180	180	0	180
756.3729	0.1318359	0.8359375	-0.4775391	-1.96875	0	-0.9375	-0.2910156	-0.1289063	0.8632813	0.46875	-0.0625	-0.0625	0	0	0	0	0	0	180	218.609	180	180	0	180
756.3746	0.1318359	0.8359375	-0.4775391	-1.96875	0	-0.9375	-0.2910156	-0.1289063	0.8632813	0.46875	-0.0625	-0.0625	0	0	0	0	0	0	180	218.609	180	180	0	180
756.4055	0.1318359	0.8359375	-0.4775391	-1.96875	0	-0.9375	-0.2910156	-0.1289063	0.8632813	0.46875	-0.0625	-0.0625	0	0	0	0	0	0	180	218.609	180	180	0	180
756.4395	0.1318359	0.8359375	-0.4775391	-1.96875	0	-0.9375	-0.2910156	-0.1289063	0.8632813	0.46875	-0.0625	-0.0625	0	0	0	0	0	0	180	218.609	180	180	0	180
756.4734	0.2050781	0.8242188	-0.5595703	-3.5	-0.9375	-0.5625	-0.2910156	-0.1289063	0.8632813	0.46875	-0.0625	-0.0625	0	0	0	0	0	0	180	218.609	180	180	0	180
756.506	0.2050781	0.8242188	-0.5595703	-3.5	-0.9375	-0.5625	-0.2910156	-0.1289063	0.8632813	0.46875	-0.0625	-0.0625	0	0	0	0	0	0	180	218.609	180	180	0	180
756.54	0.2050781	0.8242188	-0.5595703	-3.5	-0.9375	-0.5625	-0.2910156	-0.1289063	0.8632813	0.46875	-0.0625	-0.0625	0	0	0	0	0	0	180	218.609	180	180	0	180
756.5735	0.1748047	0.9150391	-0.5664063	-12.03125	-0.6875	-0.9375	-0.2910156	-0.1289063	0.8632813	0.46875	-0.0625	-0.0625	0	0	0	0	0	0	180	218.609	180	180	0	180
756.6068	0.1748047	0.9150391	-0.5664063	-12.03125	-0.6875	-0.9375	-0.2910156	-0.1289063	0.8632813	0.46875	-0.0625	-0.0625	0	0	0	0	0	0	180	218.609	180	180	0	180
756.6401	0.1503906	0.9072266	-0.5390625	-4.53125	1.375	1.15625	-0.2910156	-0.1289063	0.8632813	0.46875	-0.0625	-0.0625	0	0	0	0	0	0	180	218.609	180	180	0	180
756.6735	0.1503906	0.9072266	-0.5390625	-4.53125	1.375	1.15625	-0.2910156	-0.1289063	0.8632813	0.46875	-0.0625	-0.0625	0	0	0	0	0	0	180	218.609	180	180	0	180
756.7067	0.1503906	0.9072266	-0.5390625	-4.53125	1.375	1.15625	-0.2910156	-0.1289063	0.8632813	0.46875	-0.0625	-0.0625	0	0	0	0	0	0	180	218.609	180	180	0	180
756.7403	0.2705078	0.3720703	-0.4472656	-115.25	12.6875	-27.46875	-0.2910156	-0.1289063	0.8632813	0.46875	-0.0625	-0.0625	0	0	0	0	0	0	180	218.609	180	180	0	180
756.774	0.2705078	0.3720703	-0.4472656	-115.25	12.6875	-27.46875	-0.2910156	-0.1289063	0.8632813	0.46875	-0.0625	-0.0625	0	0	0	0	0	0	180	218.609	180	180	0	180
756.8069	0.2705078	0.3720703	-0.4472656	-115.25	12.6875	-27.46875	-0.2910156	-0.1289063	0.8632813	0.46875	-0.0625	-0.0625	0	0	0	0	0	0	180	218.609	180	180	0	180
756.8411	0.05761719	0.8115234	-0.2460938	60.59375	-0.6875	27.15625	-0.2910156	-0.1289063	0.8632813	0.46875	-0.0625	-0.0625	0	0	0	0	0	0	180	218.609	180	180	0	180
756.8741	0.05761719	0.8115234	-0.2460938	60.59375	-0.6875	27.15625	-0.2910156	-0.1289063	0.8632813	0.46875	-0.0625	-0.0625	0	0	0	0	0	0	180	218.609	180	180	0	180
756.9073	0.05761719	0.8115234	-0.2460938	60.59375	-0.6875	27.15625	-0.2910156	-0.1289063	0.8632813	0.46875	-0.0625	-0.0625	0	0	0	0	0	0	180	218.609	180	180	0	180
756.9408	0.2060547	0.9326172	-0.3876953	171.625	-1.90625	64.625	-0.2910156	-0.1289063	0.8632813	0.46875	-0.0625	-0.0625	0	0	0	0	0	0	180	218.609	180	180	0	180
756.9744	0.2060547	0.9326172	-0.3876953	171.625	-1.90625	64.625	-0.4169922	-0.2451172	0.9023438	4.4375	-10.28125	-8.9375	0	0	0	0	0	0	180	218.609	180	180	0	180
757.0073	0.2060547	0.9326172	-0.3876953	171.625	-1.90625	64.625	-0.4169922	-0.2451172	0.9023438	4.4375	-10.28125	-8.9375	0	0	0	0	0	0	180	218.609	180	180	0	180
757.0412	0.05957031	0.8125	-0.4970703	197.0625	9.375	79.875	-0.4169922	-0.2451172	0.9023438	4.4375	-10.28125	-8.9375	0	0	0	0	0	0	180	218.609	180	180	0	180
757.0748	0.05957031	0.8125	-0.4970703	197.0625	9.375	79.875	-0.4169922	-0.2451172	0.9023438	4.4375	-10.28125	-8.9375	0	0	0	0	0	0	180	218.609	180	180	0	180
757.1076	0.05957031	0.8125	-0.4970703	197.0625	9.375	79.875	-0.4169922	-0.2451172	0.9023438	4.4375	-10.28125	-8.9375	0	0	0	0	0	0	180	218.609	180	180	0	180
757.1414	0.4433594	0.1054688	-1.224609	215.625	-23.34375	97.59375	-0.4169922	-0.2451172	0.9023438	4.4375	-10.28125	-8.9375	0	0	0	0	0	0	180	218.609	180	180	0	180
757.1749	0.4433594	0.1054688	-1.224609	215.625	-23.34375	97.59375	-0.4169922	-0.2451172	0.9023438	4.4375	-10.28125	-8.9375	0	0	0	0	0	0	180	218.609	180	180	0	180
757.2079	0.6494141	0.000976563	-1.411133	68.53125	-11.375	36.25	-0.4169922	-0.2451172	0.9023438	4.4375	-10.28125	-8.9375	0	0	0	0	0	0	180	218.609	180	180	0	180
757.2413	0.4609375	-0.07617188	-1.169922	47.03125	-8.3125	16.46875	-0.4169922	-0.2451172	0.9023438	4.4375	-10.28125	-8.9375	0	0	0	0	0	0	180	218.609	180	180	0	180
757.2748	0.4609375	-0.07617188	-1.169922	47.03125	-8.3125	16.46875	-0.4169922	-0.2451172	0.9023438	4.4375	-10.28125	-8.9375	0	0	0	0	0	0	180	218.609	180	180	0	180
757.3077	0.4609375	-0.07617188	-1.169922	47.03125	-8.3125	16.46875	-0.4433594	-0.2802734	0.8486328	1.09375	-1.40625	-0.1875	0	0	0	0	0	0	180	218.609	180	180	0	180
757.3412	0.4570313	-0.09765625	-1.225586	-35.0625	15.65625	-9.40625	-0.4433594	-0.2802734	0.8486328	1.09375	-1.40625	-0.1875	0	0	0	0	0	0	180	216.836	180	180	0	180
757.3748	0.4570313	-0.09765625	-1.225586	-35.0625	15.65625	-9.40625	-0.4433594	-0.2802734	0.8486328	1.09375	-1.40625	-0.1875	0	0	0	0	0	0	180	216.836	180	180	0	180
757.4081	0.4570313	-0.09765625	-1.225586	-35.0625	15.65625	-9.40625	-0.4433594	-0.2802734	0.8486328	1.09375	-1.40625	-0.1875	0	0	0	0	0	0	180	216.836	180	180	0	180
757.4418	0.5332031	0.1806641	-1.250977	-70.21875	-10.9375	-21.0625	-0.4433594	-0.2802734	0.8486328	1.09375	-1.40625	-0.1875	0	0	0	0	0	0	180	216.836	180	180	0	180
757.4751	0.5332031	0.1806641	-1.250977	-70.21875	-10.9375	-21.0625	-0.4433594	-0.2802734	0.8486328	1.09375	-1.40625	-0.1875	0	0	0	0	0	0	180	216.836	180	180	0	180
757.5082	0.5332031	0.1806641	-1.250977	-70.21875	-10.9375	-21.0625	-0.4433594	-0.2802734	0.8486328	1.09375	-1.40625	-0.1875	0	0	0	0	0	0	180	216.836	180	180	0	180
757.5417	0.4013672	0.2109375	-0.9882813	-75.21875	-0.5625	-16	-0.4433594	-0.2802734	0.8486328	1.09375	-1.40625	-0.1875	0	0	0	0	0	0	180	216.836	180	180	0	180
757.5756	0.4013672	0.2109375	-0.9882813	-75.21875	-0.5625	-16	-0.4433594	-0.2802734	0.8486328	1.09375	-1.40625	-0.1875	0	0	0	0	0	0	180	216.836	180	180	0	180
757.6083	0.4013672	0.2109375	-0.9882813	-75.21875	-0.5625	-16	-0.4433594	-0.2802734	0.8486328	1.09375	-1.40625	-0.1875	0	0	0	0	0	0	180	216.836	180	180	0	180
757.6417	0.3300781	0.3740234	-0.7490234	-84.5625	-4.59375	-14.25	-0.4433594	-0.2802734	0.8486328	1.09375	-1.40625	-0.1875	0	0	0	0	0	0	180	216.836	180	180	0	180
757.6757	0.3300781	0.3740234	-0.7490234	-84.5625	-4.59375	-14.25	-0.4433594	-0.2802734	0.8486328	1.09375	-1.40625	-0.1875	0	0	0	0	0	0	180	216.836	180	180	0	180
757.7083	0.3300781	0.3740234	-0.7490234	-84.5625	-4.59375	-14.25	-0.3027344	-0.3574219	0.875	-0.3125	0.59375	-0.6875	0	0	0	0	0	0	180	216.836	180	180	0	180
757.742	0.3085938	0.4394531	-0.7421875	-88.6875	17	-30.09375	-0.3027344	-0.3574219	0.875	-0.3125	0.59375	-0.6875	0	0	0	0	0	0	180	212.4168	180	180	0	180
757.7753	0.3085938	0.4394531	-0.7421875	-88.6875	17	-30.09375	-0.3027344	-0.3574219	0.875	-0.3125	0.59375	-0.6875	0	0	0	0	0	0	180	212.4168	180	180	0	180
757.8085	0.3085938	0.4394531	-0.7421875	-88.6875	17	-30.09375	-0.4794922	-0.3544922	0.828125	2.84375	2.5625	-12.96875	0	0	0	0	0	0	180	212.4168	180	180	0	180
757.8422	-0.03222656	0.3642578	-0.7958984	-84.625	-16.875	-14.1875	-0.4794922	-0.3544922	0.828125	2.84375	2.5625	-12.96875	0	0	0	0	0	0	180	212.4168	180	180	0	180
757.8755	-0.03222656	0.3642578	-0.7958984	-84.625	-16.875	-14.1875	-0.4794922	-0.3544922	0.828125	2.84375	2.5625	-12.96875	0	0	0	0	0	0	180	212.4168	180	180	0	180
757.9088	-0.03222656	0.3642578	-0.7958984	-84.625	-16.875	-14.1875	-0.4794922	-0.3544922	0.828125	2.84375	2.5625	-12.96875	0	0	0	0	0	0	180	212.4168	180	180	0	180
757.9423	0.06640625	0.4384766	-0.3916016	-33.40625	-44.09375	12.1875	-0.4794922	-0.3544922	0.828125	2.84375	2.5625	-12.96875	0	0	0	0	0	0	180	212.4168	180	180	0	180
757.9765	0.06640625	0.4384766	-0.3916016	-33.40625	-44.09375	12.1875	-0.4794922	-0.3544922	0.828125	2.84375	2.5625	-12.96875	0	0	0	0	0	0	180	212.4168	180	180	0	180
758.0089	0.06640625	0.4384766	-0.3916016	-33.40625	-44.09375	12.1875	-0.4794922	-0.3544922	0.828125	2.84375	2.5625	-12.96875	0	0	0	0	0	0	180	212.4168	180	180	0	180
758.0422	0.1386719	0.515625	-0.3691406	-22.78125	-48.28125	8.03125	-0.4794922	-0.3544922	0.828125	2.84375	2.5625	-12.96875	0	0	0	0	0	0	180	212.4168	180	180	0	180
758.0766	0.1386719	0.515625	-0.3691406	-22.78125	-48.28125	8.03125	-0.4794922	-0.3544922	0.828125	2.84375	2.5625	-12.96875	0	0	0	0	0	0	180	212.4168	180	180	0	180
758.1094	0.07324219	1.045898	-0.6044922	-56.28125	-9.78125	-19.96875	-0.4794922	-0.3544922	0.828125	2.84375	2.5625	-12.96875	0	0	0	0	0	0	180	212.4168	180	180	0	180
758.1425	0.07324219	1.045898	-0.6044922	-56.28125	-9.78125	-19.96875	-0.4794922	-0.3544922	0.828125	2.84375	2.5625	-12.96875	0	0	0	0	0	0	180	212.4168	180	180	0	180
758.1762	0.07324219	1.045898	-0.6044922	-56.28125	-9.78125	-19.96875	-0.4794922	-0.3544922	0.828125	2.84375	2.5625	-12.96875	0	0	0	0	0	0	180	211.0194	180	180	0	180
758.2098	0.6650391	1.280273	-1.625977	5.0625	-27.84375	-4.40625	-0.4794922	-0.3544922	0.828125	2.84375	2.5625	-12.96875	0	0	0	0	0	0	180	211.0194	180	180	0	180
758.2429	0.6650391	1.280273	-1.625977	5.0625	-27.84375	-4.40625	-0.4794922	-0.3544922	0.828125	2.84375	2.5625	-12.96875	0	0	0	0	0	0	180	211.0194	180	180	0	180
758.2766	0.6650391	1.280273	-1.625977	5.0625	-27.84375	-4.40625	-0.4794922	-0.3544922	0.828125	2.84375	2.5625	-12.96875	0	0	0	0	0	0	180	211.0194	180	180	0	180
758.3096	0.6650391	1.280273	-1.625977	5.0625	-27.84375	-4.40625	-0.4794922	-0.3544922	0.828125	2.84375	2.5625	-12.96875	0	0	0	0	0	0	180	211.0194	180	180	0	180
758.3429	0.2255859	0.8828125	-1.018555	-37.84375	10.53125	-23.625	-0.4794922	-0.3544922	0.828125	2.84375	2.5625	-12.96875	0	0	0	0	0	0	180	211.0194	180	180	0	180
758.3767	0.2255859	0.8828125	-1.018555	-37.84375	10.53125	-23.625	-0.4794922	-0.3544922	0.828125	2.84375	2.5625	-12.96875	0	0	0	0	0	0	180	211.0194	180	180	0	180
758.4097	0.1708984	0.3652344	-0.03027344	-29.9375	63.71875	-19.125	-0.4794922	-0.3544922	0.828125	2.84375	2.5625	-12.96875	0	0	0	0	0	0	180	211.0194	180	180	0	180
758.4432	0.1708984	0.3652344	-0.03027344	-29.9375	63.71875	-19.125	-0.4794922	-0.3544922	0.828125	2.84375	2.5625	-12.96875	0	0	0	0	0	0	180	211.0194	180	180	0	180
758.4768	0.1708984	0.3652344	-0.03027344	-29.9375	63.71875	-19.125	-0.4794922	-0.3544922	0.828125	2.84375	2.5625	-12.96875	0	0	0	0	0	0	180	211.0194	180	180	0	180
758.5098	-0.02539063	0.9443359	-0.2998047	-30.65625	17.0625	-8.625	-0.4794922	-0.3544922	0.828125	2.84375	2.5625	-12.96875	0	0	0	0	0	0	180	211.0194	180	180	0	180
758.5428	-0.02539063	0.9443359	-0.2998047	-30.65625	17.0625	-8.625	-0.4794922	-0.3544922	0.828125	2.84375	2.5625	-12.96875	0	0	0	0	0	0	180	211.0194	180	180	0	180
758.5768	-0.02539063	0.9443359	-0.2998047	-30.65625	17.0625	-8.625	-0.4794922	-0.3544922	0.828125	2.84375	2.5625	-12.96875	0	0	0	0	0	0	180	211.0194	180	180	0	180
758.6098	-0.02539063	0.9443359	-0.2998047	-30.65625	17.0625	-8.625	-0.4794922	-0.3544922	0.828125	2.84375	2.5625	-12.96875	0	0	0	0	0	0	180	211.0194	180	180	0	180
758.643	0.4404297	1.242188	-0.1699219	-51.71875	-8.1875	-27.0625	-0.4794922	-0.3544922	0.828125	2.84375	2.5625	-12.96875	0	0	0	0	0	0	180	211.0194	180	180	0	180
758.6774	0.2412109	1.083984	-1.408203	50.15625	-17.53125	47.15625	-0.4794922	-0.3544922	0.828125	2.84375	2.5625	-12.96875	0	0	0	0	0	0	180	211.0194	180	180	0	180
758.7098	0.2412109	1.083984	-1.408203	50.15625	-17.53125	47.15625	-0.4794922	-0.3544922	0.828125	2.84375	2.5625	-12.96875	0	0	0	0	0	0	180	211.0194	180	180	0	180
758.7432	0.2412109	1.083984	-1.408203	50.15625	-17.53125	47.15625	-0.4794922	-0.3544922	0.828125	2.84375	2.5625	-12.96875	0	0	0	0	0	0	180	211.0194	180	180	0	180
758.7774	0.2412109	1.083984	-1.408203	50.15625	-17.53125	47.15625	-0.4794922	-0.3544922	0.828125	2.84375	2.5625	-12.96875	0	0	0	0	0	0	180	211.0194	180	180	0	180
758.8097	0.6787109	1.353516	-0.5703125	-23.09375	10.78125	12.25	-0.4794922	-0.3544922	0.828125	2.84375	2.5625	-12.96875	0	0	0	0	0	0	180	211.0194	180	180	0	180
758.8434	0.6787109	1.353516	-0.5703125	-23.09375	10.78125	12.25	-0.4794922	-0.3544922	0.828125	2.84375	2.5625	-12.96875	0	0	0	0	0	0	180	211.0194	180	180	0	180
758.8774	0.6787109	1.353516	-0.5703125	-23.09375	10.78125	12.25	-0.4794922	-0.3544922	0.828125	2.84375	2.5625	-12.96875	0	0	0	0	0	0	180	211.0194	180	180	0	180
758.9106	-0.078125	0.4091797	-0.03808594	19.8125	29.59375	-31.8125	-0.4794922	-0.3544922	0.828125	2.84375	2.5625	-12.96875	0	0	0	0	0	0	180	211.0194	180	180	0	180
758.9439	-0.078125	0.4091797	-0.03808594	19.8125	29.59375	-31.8125	-0.4794922	-0.3544922	0.828125	2.84375	2.5625	-12.96875	0	0	0	0	0	0	180	211.0194	180	180	0	180
758.9781	-0.01074219	1.006836	-0.2001953	-12.84375	8.09375	-13.4375	-0.4794922	-0.3544922	0.828125	2.84375	2.5625	-12.96875	0	0	0	0	0	0	180	211.0194	180	180	0	180
759.0107	-0.01074219	1.006836	-0.2001953	-12.84375	8.09375	-13.4375	-0.4794922	-0.3544922	0.828125	2.84375	2.5625	-12.96875	0	0	0	0	0	0	180	211.0194	180	180	0	180
759.0442	-0.01074219	1.006836	-0.2001953	-12.84375	8.09375	-13.4375	-0.4794922	-0.3544922	0.828125	2.84375	2.5625	-12.96875	0	0	0	0	0	0	180	211.0194	180	180	0	180
759.0781	0.05273438	1.140625	0.09765625	-49.5	-24.96875	-17.09375	-0.4794922	-0.3544922	0.828125	2.84375	2.5625	-12.96875	0	0	0	0	0	0	180	211.0194	180	180	0	180
759.1113	0.05273438	1.140625	0.09765625	-49.5	-24.96875	-17.09375	-0.4794922	-0.3544922	0.828125	2.84375	2.5625	-12.96875	0	0	0	0	0	0	180	211.0194	180	180	0	180
759.1448	0.05273438	1.140625	0.09765625	-49.5	-24.96875	-17.09375	-0.4794922	-0.3544922	0.828125	2.84375	2.5625	-12.96875	0	0	0	0	0	0	180	211.0194	180	180	0	180
759.1788	0.5488281	1.430664	-0.9648438	61.75	49.125	-51.46875	-0.4794922	-0.3544922	0.828125	2.84375	2.5625	-12.96875	0	0	0	0	0	0	180	211.0194	180	180	0	180
759.2117	0.5488281	1.430664	-0.9648438	61.75	49.125	-51.46875	-0.4794922	-0.3544922	0.828125	2.84375	2.5625	-12.96875	0	0	0	0	0	0	180	211.0194	180	180	0	180
759.2452	0.5488281	1.430664	-0.9648438	61.75	49.125	-51.46875	-0.4794922	-0.3544922	0.828125	2.84375	2.5625	-12.96875	0	0	0	0	0	0	180	211.0194	180	180	0	180
759.28	-0.3798828	1.386719	-0.5732422	-1.40625	5.59375	-19.4375	-0.4794922	-0.3544922	0.828125	2.84375	2.5625	-12.96875	0	0	0	0	0	0	180	211.0194	180	180	0	180
759.3126	-0.3798828	1.386719	-0.5732422	-1.40625	5.59375	-19.4375	-0.6015625	0.3164063	0.4746094	-13.3125	-2.46875	-13.125	0	0	0	0	0	0	180	211.0194	180	180	0	180
759.3463	-0.3798828	1.386719	-0.5732422	-1.40625	5.59375	-19.4375	-0.6015625	0.3164063	0.4746094	-13.3125	-2.46875	-13.125	0	0	0	0	0	0	180	261.3842	180	180	0	180
759.3807	-0.3798828	1.386719	-0.5732422	-1.40625	5.59375	-19.4375	-0.6015625	0.3164063	0.4746094	-13.3125	-2.46875	-13.125	0	0	0	0	0	0	180	261.3842	180	180	0	180
759.4131	0.02832031	0.1542969	-0.05566406	16.59375	14.09375	35.1875	-0.6015625	0.3164063	0.4746094	-13.3125	-2.46875	-13.125	0	0	0	0	0	0	180	261.3842	180	180	0	180
759.4465	0.02832031	0.1542969	-0.05566406	16.59375	14.09375	35.1875	-0.6015625	0.3164063	0.4746094	-13.3125	-2.46875	-13.125	0	0	0	0	0	0	180	261.3842	180	180	0	180
759.4807	0.06347656	0.8886719	-0.0390625	-48.28125	-13.9375	-18.15625	-0.6015625	0.3164063	0.4746094	-13.3125	-2.46875	-13.125	0	0	0	0	0	0	180	261.3842	180	180	0	180
759.5132	0.06347656	0.8886719	-0.0390625	-48.28125	-13.9375	-18.15625	-0.6015625	0.3164063	0.4746094	-13.3125	-2.46875	-13.125	0	0	0	0	0	0	180	261.3842	180	180	0	180
759.5469	0.2851563	1.509766	-0.3818359	6.15625	-8.8125	-13.5	-0.6015625	0.3164063	0.4746094	-13.3125	-2.46875	-13.125	0	0	0	0	0	0	180	261.3842	180	180	0	180
759.5811	0.2851563	1.509766	-0.3818359	6.15625	-8.8125	-13.5	-0.6015625	0.3164063	0.4746094	-13.3125	-2.46875	-13.125	0	0	0	0	0	0	180	261.3842	180	180	0	180
759.6135	0.2851563	1.509766	-0.3818359	6.15625	-8.8125	-13.5	-0.6015625	0.3164063	0.4746094	-13.3125	-2.46875	-13.125	0	0	0	0	0	0	180	261.3842	180	180	0	180
759.6471	0.171875	1.282227	-0.9482422	62.90625	41.5	46.375	-0.6015625	0.3164063	0.4746094	-13.3125	-2.46875	-13.125	0	0	0	0	0	0	180	261.3842	180	180	0	180
759.6814	0.171875	1.282227	-0.9482422	62.90625	41.5	46.375	-0.6015625	0.3164063	0.4746094	-13.3125	-2.46875	-13.125	0	0	0	0	0	0	180	261.3842	180	180	0	180
759.714	0.171875	1.282227	-0.9482422	62.90625	41.5	46.375	-0.6015625	0.3164063	0.4746094	-13.3125	-2.46875	-13.125	0	0	0	0	0	0	180	261.3842	180	180	0	180
759.7477	0.171875	1.282227	-0.9482422	62.90625	41.5	46.375	-0.6015625	0.3164063	0.4746094	-13.3125	-2.46875	-13.125	0	0	0	0	0	0	180	261.3842	180	180	0	180
759.782	1.010742	1.235352	-0.515625	27.09375	99.46875	-2.53125	-0.6015625	0.3164063	0.4746094	-13.3125	-2.46875	-13.125	0	0	0	0	0	0	180	261.3842	180	180	0	180
759.8142	1.010742	1.235352	-0.515625	27.09375	99.46875	-2.53125	-0.6015625	0.3164063	0.4746094	-13.3125	-2.46875	-13.125	0	0	0	0	0	0	180	261.3842	180	180	0	180
759.8478	1.010742	1.235352	-0.515625	27.09375	99.46875	-2.53125	-0.6015625	0.3164063	0.4746094	-13.3125	-2.46875	-13.125	0	0	0	0	0	0	180	261.3842	180	180	0	180
759.8818	0.1435547	0.5488281	-0.4794922	22.09375	219.9688	-69.84375	-0.6015625	0.3164063	0.4746094	-13.3125	-2.46875	-13.125	0	0	0	0	0	0	180	261.3842	180	180	0	180
759.9148	0.1435547	0.5488281	-0.4794922	22.09375	219.9688	-69.84375	-0.6015625	0.3164063	0.4746094	-13.3125	-2.46875	-13.125	0	0	0	0	0	0	180	261.3842	180	180	0	180
759.9482	0.1435547	0.5488281	-0.4794922	22.09375	219.9688	-69.84375	-0.4033203	0.7744141	0.6533203	103.125	-116.2813	-10.03125	0	0	0	0	0	0	180	261.3842	180	180	0	180
759.9829	0.1435547	0.5488281	-0.4794922	22.09375	219.9688	-69.84375	-0.4033203	0.7744141	0.6533203	103.125	-116.2813	-10.03125	0	0	0	0	0	0	180	306.4221	180	180	0	180
760.0159	-0.1757813	0.9169922	-0.3017578	27.625	193.7188	-54.65625	-0.4033203	0.7744141	0.6533203	103.125	-116.2813	-10.03125	0	0	0	0	0	0	180	306.4221	180	180	0	180
760.0492	-0.1757813	0.9169922	-0.3017578	27.625	193.7188	-54.65625	-0.4033203	0.7744141	0.6533203	103.125	-116.2813	-10.03125	0	0	0	0	0	0	180	306.4221	180	180	0	180
760.0831	-0.1757813	0.9169922	-0.3017578	27.625	193.7188	-54.65625	-0.4033203	0.7744141	0.6533203	103.125	-116.2813	-10.03125	0	0	0	0	0	0	180	306.4221	180	180	0	180
760.1163	-0.01757813	0.6767578	-0.4365234	20.3125	102.3438	-38.15625	-0.4033203	0.7744141	0.6533203	103.125	-116.2813	-10.03125	0	0	0	0	0	0	180	306.4221	180	180	0	180
760.1496	-0.01757813	0.6767578	-0.4365234	20.3125	102.3438	-38.15625	-0.4033203	0.7744141	0.6533203	103.125	-116.2813	-10.03125	0	0	0	0	0	0	180	336.7278	180	180	0	180
760.1832	-0.01757813	0.6767578	-0.4365234	20.3125	102.3438	-38.15625	-0.4033203	0.7744141	0.6533203	103.125	-116.2813	-10.03125	0	0	0	0	0	0	180	327.7629	180	180	0	180
760.2164	-0.01757813	0.6767578	-0.4365234	20.3125	102.3438	-38.15625	-0.4033203	0.7744141	0.6533203	103.125	-116.2813	-10.03125	0	0	0	0	0	0	180	327.7629	180	180	0	180
760.2493	-0.01757813	0.6767578	-0.4365234	20.3125	102.3438	-38.15625	-0.4033203	0.7744141	0.6533203	103.125	-116.2813	-10.03125	0	0	0	0	0	0	180	327.7629	180	180	0	180
760.2837	-0.1757813	0.7177734	0.2509766	-5.21875	124.4375	-35	-0.4033203	0.7744141	0.6533203	103.125	-116.2813	-10.03125	0	0	0	0	0	0	180	327.7629	180	180	0	180
760.3162	-0.1757813	0.7177734	0.2509766	-5.21875	124.4375	-35	-0.4033203	0.7744141	0.6533203	103.125	-116.2813	-10.03125	0	0	0	0	0	0	180	327.7629	180	180	0	180
760.35	-0.1757813	0.7177734	0.2509766	-5.21875	124.4375	-35	-0.4033203	0.7744141	0.6533203	103.125	-116.2813	-10.03125	0	0	0	0	0	0	180	327.7629	180	180	0	180
760.4063	0.21875	0.5253906	-0.6113281	27.8125	122	-39.03125	-0.4033203	0.7744141	0.6533203	103.125	-116.2813	-10.03125	0	0	0	0	0	0	180	327.7629	180	180	0	180
760.4077	0.21875	0.5253906	-0.6113281	27.8125	122	-39.03125	-0.4033203	0.7744141	0.6533203	103.125	-116.2813	-10.03125	0	0	0	0	0	0	180	327.7629	180	180	0	180
760.4404	0.21875	0.5253906	-0.6113281	27.8125	122	-39.03125	-0.4033203	0.7744141	0.6533203	103.125	-116.2813	-10.03125	0	0	0	0	0	0	180	327.7629	180	180	0	180
760.4744	0.21875	0.5253906	-0.6113281	27.8125	122	-39.03125	-0.4033203	0.7744141	0.6533203	103.125	-116.2813	-10.03125	0	0	0	0	0	0	180	327.7629	180	180	0	180
760.5071	0.21875	0.5253906	-0.6113281	27.8125	122	-39.03125	-0.4033203	0.7744141	0.6533203	103.125	-116.2813	-10.03125	0	0	0	0	0	0	180	327.7629	180	180	0	180
760.5403	0.1953125	0.8662109	-0.5625	25.25	142.6875	-57.75	-0.4033203	0.7744141	0.6533203	103.125	-116.2813	-10.03125	0	0	0	0	0	0	180	327.7629	180	180	0	180
760.5737	0.1953125	0.8662109	-0.5625	25.25	142.6875	-57.75	-0.4033203	0.7744141	0.6533203	103.125	-116.2813	-10.03125	0	0	0	0	0	0	180	327.7629	180	180	0	180
760.6068	-0.03222656	1.025391	-0.4619141	15.3125	89.15625	-42.9375	-0.4033203	0.7744141	0.6533203	103.125	-116.2813	-10.03125	0	0	0	0	0	0	180	327.7629	180	180	0	180
760.6407	-0.03222656	1.025391	-0.4619141	15.3125	89.15625	-42.9375	-0.4033203	0.7744141	0.6533203	103.125	-116.2813	-10.03125	0	0	0	0	0	0	180	327.7629	180	180	0	180
760.6746	0.2744141	0.9863281	-0.2822266	5.40625	47.03125	-26.875	-0.4033203	0.7744141	0.6533203	103.125	-116.2813	-10.03125	0	0	0	0	0	0	180	327.7629	180	180	0	180
760.7073	0.2744141	0.9863281	-0.2822266	5.40625	47.03125	-26.875	-0.4033203	0.7744141	0.6533203	103.125	-116.2813	-10.03125	0	0	0	0	0	0	180	327.7629	180	180	0	180
760.7408	0.3046875	1.327148	-0.02246094	-15.875	31.46875	-31.375	-0.4033203	0.7744141	0.6533203	103.125	-116.2813	-10.03125	0	0	0	0	0	0	180	327.7629	180	180	0	180
760.775	0.3046875	1.327148	-0.02246094	-15.875	31.46875	-31.375	-0.4033203	0.7744141	0.6533203	103.125	-116.2813	-10.03125	0	0	0	0	0	0	180	327.7629	180	180	0	180
760.8074	0.3046875	1.327148	-0.02246094	-15.875	31.46875	-31.375	-0.4033203	0.7744141	0.6533203	103.125	-116.2813	-10.03125	0	0	0	0	0	0	180	327.7629	180	180	0	180
760.8417	0.3417969	0.9921875	-0.9384766	-46.21875	92.21875	-42.875	-0.4033203	0.7744141	0.6533203	103.125	-116.2813	-10.03125	0	0	0	0	0	0	180	327.7629	180	180	0	180
760.8755	0.3417969	0.9921875	-0.9384766	-46.21875	92.21875	-42.875	-0.4033203	0.7744141	0.6533203	103.125	-116.2813	-10.03125	0	0	0	0	0	0	180	327.7629	180	180	0	180
760.9078	0.3417969	0.9921875	-0.9384766	-46.21875	92.21875	-42.875	-0.4033203	0.7744141	0.6533203	103.125	-116.2813	-10.03125	0	0	0	0	0	0	180	327.7629	180	180	0	180
760.9417	0.3007813	1.03418	-0.7949219	-6.53125	103.125	-20.28125	-0.4033203	0.7744141	0.6533203	103.125	-116.2813	-10.03125	0	0	0	0	0	0	180	327.7629	180	180	0	180
760.9753	0.3007813	1.03418	-0.7949219	-6.53125	103.125	-20.28125	-0.4033203	0.7744141	0.6533203	103.125	-116.2813	-10.03125	0	0	0	0	0	0	180	327.7629	180	180	0	180
761.0082	0.3007813	1.03418	-0.7949219	-6.53125	103.125	-20.28125	-0.4033203	0.7744141	0.6533203	103.125	-116.2813	-10.03125	0	0	0	0	0	0	180	327.7629	180	180	0	180
761.0424	0.03808594	0.6777344	-0.2148438	8.40625	38.0625	-26.375	-0.4033203	0.7744141	0.6533203	103.125	-116.2813	-10.03125	0	0	0	0	0	0	180	327.7629	180	180	0	180
761.0756	-0.05078125	0.4560547	-0.2714844	-0.5	2.90625	-11.84375	-0.4033203	0.7744141	0.6533203	103.125	-116.2813	-10.03125	0	0	0	0	0	0	180	327.7629	180	180	0	180
761.1084	-0.05078125	0.4560547	-0.2714844	-0.5	2.90625	-11.84375	-0.4033203	0.7744141	0.6533203	103.125	-116.2813	-10.03125	0	0	0	0	0	0	180	327.7629	180	180	0	180
761.1423	-0.05078125	0.4560547	-0.2714844	-0.5	2.90625	-11.84375	-0.4033203	0.7744141	0.6533203	103.125	-116.2813	-10.03125	0	0	0	0	0	0	180	327.7629	180	180	0	180
761.1761	-0.05078125	0.4560547	-0.2714844	-0.5	2.90625	-11.84375	-0.4033203	0.7744141	0.6533203	103.125	-116.2813	-10.03125	0	0	0	0	0	0	180	327.7629	180	180	0	180
761.2083	0.1572266	1.46875	-0.3251953	-19.0625	5.1875	-9.15625	-0.4033203	0.7744141	0.6533203	103.125	-116.2813	-10.03125	0	0	0	0	0	0	180	327.7629	180	180	0	180
761.2426	0.1572266	1.46875	-0.3251953	-19.0625	5.1875	-9.15625	-0.4033203	0.7744141	0.6533203	103.125	-116.2813	-10.03125	0	0	0	0	0	0	180	327.7629	180	180	0	180
761.2764	0.1572266	1.46875	-0.3251953	-19.0625	5.1875	-9.15625	-0.4033203	0.7744141	0.6533203	103.125	-116.2813	-10.03125	0	0	0	0	0	0	180	327.7629	180	180	0	180
761.309	0.5566406	1.229492	-1.075195	35.1875	-6.3125	-8.3125	-0.4033203	0.7744141	0.6533203	103.125	-116.2813	-10.03125	0	0	0	0	0	0	180	327.7629	180	180	0	180
761.3433	0.5566406	1.229492	-1.075195	35.1875	-6.3125	-8.3125	-0.2011719	1.067383	-0.1240234	128.0313	191.0938	41.65625	0	0	0	0	0	0	143.2092	7.663684	180	180	0	180
761.3771	-0.1162109	0.9365234	-0.2734375	48.25	71.21875	-29.875	-0.2011719	1.067383	-0.1240234	128.0313	191.0938	41.65625	0	0	0	0	0	0	143.2092	7.663684	180	180	0	180
761.4091	-0.1162109	0.9365234	-0.2734375	48.25	71.21875	-29.875	-0.2011719	1.067383	-0.1240234	128.0313	191.0938	41.65625	0	0	0	0	0	0	143.2092	7.663684	180	180	0	180
761.4431	-0.1162109	0.9365234	-0.2734375	48.25	71.21875	-29.875	-0.2011719	1.067383	-0.1240234	128.0313	191.0938	41.65625	0	0	0	0	0	0	143.2092	7.663684	180	180	0	180
761.4764	-0.1162109	0.9365234	-0.2734375	48.25	71.21875	-29.875	-0.2011719	1.067383	-0.1240234	128.0313	191.0938	41.65625	0	0	0	0	0	0	143.2092	7.663684	180	180	0	180
761.509	0.1289063	0.4521484	0.015625	6.5625	69.3125	1.5625	-0.2011719	1.067383	-0.1240234	128.0313	191.0938	41.65625	0	0	0	0	0	0	143.2092	7.663684	180	180	0	180
761.5433	0.1289063	0.4521484	0.015625	6.5625	69.3125	1.5625	-0.2011719	1.067383	-0.1240234	128.0313	191.0938	41.65625	0	0	0	0	0	0	143.2092	7.663684	180	180	0	180
761.5768	0.1601563	0.6015625	-0.3671875	-1.46875	58.53125	2.375	-0.2011719	1.067383	-0.1240234	128.0313	191.0938	41.65625	0	0	0	0	0	0	143.2092	7.663684	180	180	0	180
761.6094	0.1601563	0.6015625	-0.3671875	-1.46875	58.53125	2.375	-0.2011719	1.067383	-0.1240234	128.0313	191.0938	41.65625	0	0	0	0	0	0	143.2092	7.663684	180	180	0	180
761.6434	0.1601563	0.6015625	-0.3671875	-1.46875	58.53125	2.375	-0.2011719	1.067383	-0.1240234	128.0313	191.0938	41.65625	0	0	0	0	0	0	143.2092	7.663684	180	180	0	180
761.677	0.09667969	1.355469	-0.3398438	-35.71875	-39.75	-18.5	-1.453125	0.09375	-0.3496094	25.5	99.15625	11.75	0	0	0	0	0	0	143.2092	7.663684	180	180	0	180
761.7095	0.09667969	1.355469	-0.3398438	-35.71875	-39.75	-18.5	-1.453125	0.09375	-0.3496094	25.5	99.15625	11.75	0	0	0	0	0	0	143.2092	7.663684	180	180	0	180
761.7435	0.09667969	1.355469	-0.3398438	-35.71875	-39.75	-18.5	-1.453125	0.09375	-0.3496094	25.5	99.15625	11.75	0	0	0	0	0	0	143.2092	7.663684	180	180	0	180
761.777	-0.06542969	0.9863281	-0.2802734	-73.4375	6.8125	-4.90625	-1.453125	0.09375	-0.3496094	25.5	99.15625	11.75	0	0	0	0	0	0	143.2092	7.663684	180	180	0	180
761.8095	-0.06542969	0.9863281	-0.2802734	-73.4375	6.8125	-4.90625	-1.453125	0.09375	-0.3496094	25.5	99.15625	11.75	0	0	0	0	0	0	143.2092	7.663684	180	180	0	180
761.8438	-0.06542969	0.9863281	-0.2802734	-73.4375	6.8125	-4.90625	-1.453125	0.09375	-0.3496094	25.5	99.15625	11.75	0	0	0	0	0	0	143.2092	7.663684	180	180	0	180
761.877	0.4453125	1.148438	-0.5722656	-27.90625	0.15625	50.09375	-1.453125	0.09375	-0.3496094	25.5	99.15625	11.75	0	0	0	0	0	0	143.2092	7.663684	180	180	0	180
761.91	0.4453125	1.148438	-0.5722656	-27.90625	0.15625	50.09375	-1.453125	0.09375	-0.3496094	25.5	99.15625	11.75	0	0	0	0	0	0	143.2092	7.663684	180	180	0	180
761.9437	0.4453125	1.148438	-0.5722656	-27.90625	0.15625	50.09375	-1.453125	0.09375	-0.3496094	25.5	99.15625	11.75	0	0	0	0	0	0	157.2983	353.0955	180	180	0	180
761.9777	-0.0546875	0.3632813	0.004882813	4.625	6.5625	-25.84375	-1.453125	0.09375	-0.3496094	25.5	99.15625	11.75	0	0	0	0	0	0	157.2983	353.0955	180	180	0	180
762.0103	-0.0546875	0.3632813	0.004882813	4.625	6.5625	-25.84375	-1.453125	0.09375	-0.3496094	25.5	99.15625	11.75	0	0	0	0	0	0	157.2983	353.0955	180	180	0	180
762.0441	0.04003906	0.7080078	-0.2080078	0.15625	25.6875	-8.625	-1.453125	0.09375	-0.3496094	25.5	99.15625	11.75	0	0	0	0	0	0	157.2983	353.0955	180	180	0	180
762.0781	0.04003906	0.7080078	-0.2080078	0.15625	25.6875	-8.625	-1.453125	0.09375	-0.3496094	25.5	99.15625	11.75	0	0	0	0	0	0	157.2983	353.0955	180	180	0	180
762.1102	0.04003906	0.7080078	-0.2080078	0.15625	25.6875	-8.625	-1.453125	0.09375	-0.3496094	25.5	99.15625	11.75	0	0	0	0	0	0	157.2983	353.0955	180	180	0	180
762.1441	0.04003906	0.7080078	-0.2080078	0.15625	25.6875	-8.625	-1.453125	0.09375	-0.3496094	25.5	99.15625	11.75	0	0	0	0	0	0	157.2983	353.0955	180	180	0	180
762.1777	-0.1298828	1.183594	-0.2246094	-21.8125	16.40625	-16.125	-1.453125	0.09375	-0.3496094	25.5	99.15625	11.75	0	0	0	0	0	0	157.2983	353.0955	180	180	0	180
762.2103	-0.1298828	1.183594	-0.2246094	-21.8125	16.40625	-16.125	-1.453125	0.09375	-0.3496094	25.5	99.15625	11.75	0	0	0	0	0	0	157.2983	353.0955	180	180	0	180
762.2444	-0.1298828	1.183594	-0.2246094	-21.8125	16.40625	-16.125	-1.453125	0.09375	-0.3496094	25.5	99.15625	11.75	0	0	0	0	0	0	157.2983	353.0955	180	180	0	180
762.2779	-0.1298828	1.183594	-0.2246094	-21.8125	16.40625	-16.125	-1.453125	0.09375	-0.3496094	25.5	99.15625	11.75	0	0	0	0	0	0	157.2983	353.0955	180	180	0	180
762.3107	-0.1298828	1.183594	-0.2246094	-21.8125	16.40625	-16.125	-1.453125	0.09375	-0.3496094	25.5	99.15625	11.75	0	0	0	0	0	0	157.2983	353.0955	180	180	0	180
762.3448	0.8369141	0.8583984	-1.073242	16.84375	65.90625	-31.9375	-1.453125	0.09375	-0.3496094	25.5	99.15625	11.75	0	0	0	0	0	0	157.2983	353.0955	180	180	0	180
762.3785	0.8369141	0.8583984	-1.073242	16.84375	65.90625	-31.9375	-1.453125	0.09375	-0.3496094	25.5	99.15625	11.75	0	0	0	0	0	0	157.2983	353.0955	180	180	0	180
762.4114	-0.2011719	1.144531	-0.7636719	115.6563	100.75	-44.5	-1.453125	0.09375	-0.3496094	25.5	99.15625	11.75	0	0	0	0	0	0	157.2983	353.0955	180	180	0	180
762.4457	-0.2011719	1.144531	-0.7636719	115.6563	100.75	-44.5	-1.453125	0.09375	-0.3496094	25.5	99.15625	11.75	0	0	0	0	0	0	157.2983	353.0955	180	180	0	180
762.4792	-0.2011719	1.144531	-0.7636719	115.6563	100.75	-44.5	-1.453125	0.09375	-0.3496094	25.5	99.15625	11.75	0	0	0	0	0	0	157.2983	353.0955	180	180	0	180
762.5121	0.1923828	0.6728516	-0.06445313	36.375	38	9.1875	-1.453125	0.09375	-0.3496094	25.5	99.15625	11.75	0	0	0	0	0	0	157.2983	353.0955	180	180	0	180
762.5459	0.02636719	0.5761719	-0.1943359	32.5625	14.4375	3.78125	-1.453125	0.09375	-0.3496094	25.5	99.15625	11.75	0	0	0	0	0	0	157.2983	353.0955	180	180	0	180
762.5794	0.02636719	0.5761719	-0.1943359	32.5625	14.4375	3.78125	-1.453125	0.09375	-0.3496094	25.5	99.15625	11.75	0	0	0	0	0	0	157.2983	353.0955	180	180	0	180
762.6119	0.02636719	0.5761719	-0.1943359	32.5625	14.4375	3.78125	-0.15625	0.7324219	-0.53125	115.7188	44.71875	24.34375	0	0	0	0	0	0	157.2983	353.0955	180	180	0	180
762.6461	0.3886719	1.111328	-0.1533203	-60.25	51.125	-61.40625	-0.15625	0.7324219	-0.53125	115.7188	44.71875	24.34375	0	0	0	0	0	0	157.2983	353.0955	180	180	0	180
762.6801	0.3886719	1.111328	-0.1533203	-60.25	51.125	-61.40625	-0.15625	0.7324219	-0.53125	115.7188	44.71875	24.34375	0	0	0	0	0	0	157.2983	353.0955	180	180	0	180
762.712	0.3886719	1.111328	-0.1533203	-60.25	51.125	-61.40625	-0.15625	0.7324219	-0.53125	115.7188	44.71875	24.34375	0	0	0	0	0	0	157.2983	353.0955	180	180	0	180
762.7465	0.3886719	1.111328	-0.1533203	-60.25	51.125	-61.40625	-0.15625	0.7324219	-0.53125	115.7188	44.71875	24.34375	0	0	0	0	0	0	157.2983	353.0955	180	180	0	180
762.7799	0.3886719	1.111328	-0.1533203	-60.25	51.125	-61.40625	-0.15625	0.7324219	-0.53125	115.7188	44.71875	24.34375	0	0	0	0	0	0	157.2983	353.0955	180	180	0	180
762.8121	0.02734375	0.9140625	-0.3916016	-30.78125	51.3125	-19.1875	-0.15625	0.7324219	-0.53125	115.7188	44.71875	24.34375	0	0	0	0	0	0	157.2983	353.0955	180	180	0	180
762.846	0.02734375	0.9140625	-0.3916016	-30.78125	51.3125	-19.1875	-0.15625	0.7324219	-0.53125	115.7188	44.71875	24.34375	0	0	0	0	0	0	119.4616	301.6358	153.6705	180	0	180
762.8795	0.8056641	1.649414	-0.4677734	63.53125	197.3125	-33.875	-0.15625	0.7324219	-0.53125	115.7188	44.71875	24.34375	0	0	0	0	0	0	119.4616	301.6358	153.6705	180	0	180
762.9122	0.8056641	1.649414	-0.4677734	63.53125	197.3125	-33.875	-0.15625	0.7324219	-0.53125	115.7188	44.71875	24.34375	0	0	0	0	0	0	119.4616	301.6358	153.6705	180	0	180
762.9465	-0.02441406	0.6962891	-0.5175781	21.78125	230.4688	-70.15625	-0.15625	0.7324219	-0.53125	115.7188	44.71875	24.34375	0	0	0	0	0	0	119.4616	301.6358	153.6705	180	0	180
762.9799	-0.02441406	0.6962891	-0.5175781	21.78125	230.4688	-70.15625	-0.15625	0.7324219	-0.53125	115.7188	44.71875	24.34375	0	0	0	0	0	0	119.4616	301.6358	153.6705	180	0	180
763.0122	-0.02441406	0.6962891	-0.5175781	21.78125	230.4688	-70.15625	-0.15625	0.7324219	-0.53125	115.7188	44.71875	24.34375	0	0	0	0	0	0	119.4616	301.6358	153.6705	180	0	180
763.0469	0.03125	0.6904297	-0.3613281	27.34375	205.25	-66.125	-0.15625	0.7324219	-0.53125	115.7188	44.71875	24.34375	0	0	0	0	0	0	119.4616	301.6358	153.6705	180	0	180
763.081	0.03125	0.6904297	-0.3613281	27.34375	205.25	-66.125	-0.15625	0.7324219	-0.53125	115.7188	44.71875	24.34375	0	0	0	0	0	0	119.4616	301.6358	153.6705	180	0	180
763.1131	-0.1904297	0.71875	-0.7314453	39.28125	196.1563	-46.09375	-0.15625	0.7324219	-0.53125	115.7188	44.71875	24.34375	0	0	0	0	0	0	119.4616	301.6358	153.6705	180	0	180
763.1469	-0.1904297	0.71875	-0.7314453	39.28125	196.1563	-46.09375	-0.15625	0.7324219	-0.53125	115.7188	44.71875	24.34375	0	0	0	0	0	0	119.4616	301.6358	153.6705	180	0	180
763.1809	-0.1904297	0.71875	-0.7314453	39.28125	196.1563	-46.09375	-0.15625	0.7324219	-0.53125	115.7188	44.71875	24.34375	0	0	0	0	0	0	119.4616	301.6358	153.6705	180	0	180
763.213	-0.1904297	0.71875	-0.7314453	39.28125	196.1563	-46.09375	-0.15625	0.7324219	-0.53125	115.7188	44.71875	24.34375	0	0	0	0	0	0	119.4616	301.6358	153.6705	180	0	180
763.2474	0.1347656	0.4990234	-0.5458984	65.84375	177.2813	-48.53125	-0.15625	0.7324219	-0.53125	115.7188	44.71875	24.34375	0	0	0	0	0	0	119.4616	301.6358	153.6705	180	0	180
763.2809	0.1347656	0.4990234	-0.5458984	65.84375	177.2813	-48.53125	-0.15625	0.7324219	-0.53125	115.7188	44.71875	24.34375	0	0	0	0	0	0	119.4616	301.6358	153.6705	180	0	180
763.313	0.1347656	0.4990234	-0.5458984	65.84375	177.2813	-48.53125	-0.15625	0.7324219	-0.53125	115.7188	44.71875	24.34375	0	0	0	0	0	0	119.4616	301.6358	153.6705	180	0	180
763.3473	0.1650391	0.7167969	-0.84375	133.0313	129.125	-22.96875	-0.15625	0.7324219	-0.53125	115.7188	44.71875	24.34375	0	0	0	0	0	0	119.4616	301.6358	153.6705	180	0	180
763.3806	0.1650391	0.7167969	-0.84375	133.0313	129.125	-22.96875	-0.15625	0.7324219	-0.53125	115.7188	44.71875	24.34375	0	0	0	0	0	0	119.4616	301.6358	153.6705	180	0	180
763.4132	0.1650391	0.7167969	-0.84375	133.0313	129.125	-22.96875	0.1650391	0.3222656	-0.3710938	-128.3125	78.90625	12.125	0	0	0	0	0	0	119.4616	301.6358	153.6705	180	0	180
763.4468	0.2880859	0.7050781	-0.6904297	117.4063	76.34375	-3.5	0.1650391	0.3222656	-0.3710938	-128.3125	78.90625	12.125	0	0	0	0	0	0	119.4616	301.6358	153.6705	180	0	180
763.4812	0.2880859	0.7050781	-0.6904297	117.4063	76.34375	-3.5	0.1650391	0.3222656	-0.3710938	-128.3125	78.90625	12.125	0	0	0	0	0	0	119.4616	301.6358	153.6705	180	0	180
763.5132	0.2880859	0.7050781	-0.6904297	117.4063	76.34375	-3.5	0.1650391	0.3222656	-0.3710938	-128.3125	78.90625	12.125	0	0	0	0	0	0	119.4616	301.6358	153.6705	180	0	180
763.5475	0.3798828	0.6357422	-0.6298828	90.375	32.21875	-9.90625	0.1650391	0.3222656	-0.3710938	-128.3125	78.90625	12.125	0	0	0	0	0	0	119.4616	301.6358	153.6705	180	0	180
763.581	0.3798828	0.6357422	-0.6298828	90.375	32.21875	-9.90625	0.1650391	0.3222656	-0.3710938	-128.3125	78.90625	12.125	0	0	0	0	0	0	119.4616	301.6358	153.6705	180	0	180
763.614	0.3232422	0.421875	-0.796875	75.3125	4.5625	-17.15625	0.1650391	0.3222656	-0.3710938	-128.3125	78.90625	12.125	0	0	0	0	0	0	119.4616	301.6358	153.6705	180	0	180
763.6476	0.3232422	0.421875	-0.796875	75.3125	4.5625	-17.15625	0.1650391	0.3222656	-0.3710938	-128.3125	78.90625	12.125	0	0	0	0	0	0	119.4616	301.6358	153.6705	180	0	180
763.6809	0.3232422	0.421875	-0.796875	75.3125	4.5625	-17.15625	0.1650391	0.3222656	-0.3710938	-128.3125	78.90625	12.125	0	0	0	0	0	0	119.4616	301.6358	153.6705	180	0	180
763.7141	0.5712891	0.3134766	-1.160156	86.84375	-3.875	-13.375	0.1650391	0.3222656	-0.3710938	-128.3125	78.90625	12.125	0	0	0	0	0	0	119.4616	301.6358	153.6705	180	0	180
763.7481	0.5712891	0.3134766	-1.160156	86.84375	-3.875	-13.375	0.1650391	0.3222656	-0.3710938	-128.3125	78.90625	12.125	0	0	0	0	0	0	119.4616	301.6358	153.6705	180	0	180
763.7814	0.5712891	0.3134766	-1.160156	86.84375	-3.875	-13.375	0.1650391	0.3222656	-0.3710938	-128.3125	78.90625	12.125	0	0	0	0	0	0	119.4616	301.6358	153.6705	180	0	180
763.8144	0.5712891	0.3134766	-1.160156	86.84375	-3.875	-13.375	0.1650391	0.3222656	-0.3710938	-128.3125	78.90625	12.125	0	0	0	0	0	0	119.4616	301.6358	153.6705	180	0	180
763.8476	0.4003906	0.08886719	-1.088867	20.90625	-18.8125	2.96875	0.1650391	0.3222656	-0.3710938	-128.3125	78.90625	12.125	0	0	0	0	0	0	119.4616	301.6358	153.6705	180	0	180
763.8808	0.4003906	0.08886719	-1.088867	20.90625	-18.8125	2.96875	0.1650391	0.3222656	-0.3710938	-128.3125	78.90625	12.125	0	0	0	0	0	0	119.4616	301.6358	153.6705	180	0	180
763.9144	0.2822266	0.03417969	-1.09082	26.65625	-3.6875	-9.21875	0.1650391	0.3222656	-0.3710938	-128.3125	78.90625	12.125	0	0	0	0	0	0	119.4616	301.6358	153.6705	180	0	180
763.9479	0.2822266	0.03417969	-1.09082	26.65625	-3.6875	-9.21875	0.1650391	0.3222656	-0.3710938	-128.3125	78.90625	12.125	0	0	0	0	0	0	119.4616	301.6358	153.6705	180	0	180
763.9815	0.2822266	0.03417969	-1.09082	26.65625	-3.6875	-9.21875	0.1650391	0.3222656	-0.3710938	-128.3125	78.90625	12.125	0	0	0	0	0	0	119.4616	301.6358	153.6705	180	0	180
764.0139	0.3476563	0.1142578	-1.145508	-38.34375	8.09375	-33.34375	0.1650391	0.3222656	-0.3710938	-128.3125	78.90625	12.125	0	0	0	0	0	0	119.4616	301.6358	153.6705	180	0	180
764.0475	0.3476563	0.1142578	-1.145508	-38.34375	8.09375	-33.34375	0.1650391	0.3222656	-0.3710938	-128.3125	78.90625	12.125	0	0	0	0	0	0	119.4616	301.6358	153.6705	180	0	180
764.0809	0.3476563	0.1142578	-1.145508	-38.34375	8.09375	-33.34375	0.1650391	0.3222656	-0.3710938	-128.3125	78.90625	12.125	0	0	0	0	0	0	119.4616	301.6358	153.6705	180	0	180
764.1143	0.5126953	0.06738281	-1.258789	-81.0625	6.09375	-47.3125	0.1650391	0.3222656	-0.3710938	-128.3125	78.90625	12.125	0	0	0	0	0	0	119.4616	301.6358	153.6705	180	0	180
764.148	0.5126953	0.06738281	-1.258789	-81.0625	6.09375	-47.3125	0.1650391	0.3222656	-0.3710938	-128.3125	78.90625	12.125	0	0	0	0	0	0	119.4616	301.6358	153.6705	180	0	180
764.1816	0.5126953	0.06738281	-1.258789	-81.0625	6.09375	-47.3125	0.1650391	0.3222656	-0.3710938	-128.3125	78.90625	12.125	0	0	0	0	0	0	119.4616	301.6358	153.6705	180	0	180
764.215	0.4355469	0.4003906	-0.8701172	-91.9375	19.09375	-59.46875	0.1650391	0.3222656	-0.3710938	-128.3125	78.90625	12.125	0	0	0	0	0	0	119.4616	301.6358	153.6705	180	0	180
764.2482	0.4355469	0.4003906	-0.8701172	-91.9375	19.09375	-59.46875	0.5166016	1.387695	-0.0546875	-150.8438	148.7188	44.53125	0	0	0	0	0	0	180	59.44266	108.0601	180	0	180
764.2817	0.4580078	0.4853516	-0.7832031	-67.03125	-4.90625	-43.59375	0.5166016	1.387695	-0.0546875	-150.8438	148.7188	44.53125	0	0	0	0	0	0	180	59.44266	108.0601	180	0	180
764.3148	0.4580078	0.4853516	-0.7832031	-67.03125	-4.90625	-43.59375	0.5166016	1.387695	-0.0546875	-150.8438	148.7188	44.53125	0	0	0	0	0	0	180	59.44266	108.0601	180	0	180
764.3494	0.4580078	0.4853516	-0.7832031	-67.03125	-4.90625	-43.59375	0.5166016	1.387695	-0.0546875	-150.8438	148.7188	44.53125	0	0	0	0	0	0	180	59.44266	108.0601	180	0	180
764.3819	0.2265625	0.6044922	-0.8212891	-52.625	-16.125	-24.5	0.5166016	1.387695	-0.0546875	-150.8438	148.7188	44.53125	0	0	0	0	0	0	180	59.44266	108.0601	180	0	180
764.4149	0.2265625	0.6044922	-0.8212891	-52.625	-16.125	-24.5	0.5166016	1.387695	-0.0546875	-150.8438	148.7188	44.53125	0	0	0	0	0	0	180	59.44266	108.0601	180	0	180
764.4487	0.2265625	0.6044922	-0.8212891	-52.625	-16.125	-24.5	0.5166016	1.387695	-0.0546875	-150.8438	148.7188	44.53125	0	0	0	0	0	0	180	59.44266	108.0601	180	0	180
