453.5097	0.1484375	1.025391	-0.07421875	0.84375	-0.125	0.40625	-0.03613281	0.07128906	1.029297	0.34375	-0.8125	-0.75	0	0	0	0	0	0	180	331.3123	180	180	0	180
453.5546	0.1220703	0.9501953	-0.1777344	0.15625	-0.625	1.6875	-0.00390625	0.15625	0.9013672	-0.6875	1.15625	0.71875	0	0	0	0	0	0	180	331.3123	180	180	0	180
453.5558	0.1220703	0.9501953	-0.1777344	0.15625	-0.625	1.6875	-0.00390625	0.15625	0.9013672	-0.6875	1.15625	0.71875	0	0	0	0	0	0	180	331.3123	180	180	0	180
453.5573	0.1220703	0.9501953	-0.1777344	0.15625	-0.625	1.6875	-0.00390625	0.15625	0.9013672	-0.6875	1.15625	0.71875	0	0	0	0	0	0	180	331.3123	180	180	0	180
453.5876	0.1220703	0.9501953	-0.1777344	0.15625	-0.625	1.6875	-0.00390625	0.15625	0.9013672	-0.6875	1.15625	0.71875	0	0	0	0	0	0	180	331.3123	180	180	0	180
453.6211	0.1220703	0.9501953	-0.1777344	0.15625	-0.625	1.6875	-0.00390625	0.15625	0.9013672	-0.6875	1.15625	0.71875	0	0	0	0	0	0	180	331.3123	180	180	0	180
453.6544	0.1220703	0.9501953	-0.1777344	0.15625	-0.625	1.6875	-0.00390625	0.15625	0.9013672	-0.6875	1.15625	0.71875	0	0	0	0	0	0	180	331.3123	180	180	0	180
453.6879	0.1240234	0.9443359	-0.08300781	1.03125	-2.03125	0.46875	-0.00390625	0.15625	0.9013672	-0.6875	1.15625	0.71875	0	0	0	0	0	0	180	331.3123	180	180	0	180
453.7212	0.1240234	0.9443359	-0.08300781	1.03125	-2.03125	0.46875	-0.00390625	0.15625	0.9013672	-0.6875	1.15625	0.71875	0	0	0	0	0	0	180	331.3123	180	180	0	180
453.7544	0.1503906	1.005859	-0.1347656	-0.0625	0.21875	0.78125	-0.00390625	0.15625	0.9013672	-0.6875	1.15625	0.71875	0	0	0	0	0	0	180	331.3123	180	180	0	180
453.788	0.1503906	1.005859	-0.1347656	-0.0625	0.21875	0.78125	-0.00390625	0.15625	0.9013672	-0.6875	1.15625	0.71875	0	0	0	0	0	0	180	331.3123	180	180	0	180
453.8212	0.1503906	1.005859	-0.1347656	-0.0625	0.21875	0.78125	-0.00390625	0.15625	0.9013672	-0.6875	1.15625	0.71875	0	0	0	0	0	0	180	331.3123	180	180	0	180
453.8546	0.0859375	0.9580078	-0.1425781	0.40625	-0.6875	0.78125	-0.00390625	0.15625	0.9013672	-0.6875	1.15625	0.71875	0	0	0	0	0	0	180	331.3123	180	180	0	180
453.8883	0.0859375	0.9580078	-0.1425781	0.40625	-0.6875	0.78125	-0.00390625	0.15625	0.9013672	-0.6875	1.15625	0.71875	0	0	0	0	0	0	180	331.3123	180	180	0	180
453.921	0.0859375	0.9580078	-0.1425781	0.40625	-0.6875	0.78125	-0.00390625	0.15625	0.9013672	-0.6875	1.15625	0.71875	0	0	0	0	0	0	180	331.3123	180	180	0	180
453.9549	0.0859375	0.9580078	-0.1425781	0.40625	-0.6875	0.78125	-0.00390625	0.15625	0.9013672	-0.6875	1.15625	0.71875	0	0	0	0	0	0	180	331.3123	180	180	0	180
453.988	0.1728516	1.020508	-0.1796875	-0.0625	-0.6875	1.03125	-0.00390625	0.15625	0.9013672	-0.6875	1.15625	0.71875	0	0	0	0	0	0	180	331.3123	180	180	0	180
454.0212	0.1728516	1.020508	-0.1796875	-0.0625	-0.6875	1.03125	-0.00390625	0.15625	0.9013672	-0.6875	1.15625	0.71875	0	0	0	0	0	0	180	330.7295	180	180	0	180
454.0548	0.1728516	1.020508	-0.1796875	-0.0625	-0.6875	1.03125	-0.00390625	0.15625	0.9013672	-0.6875	1.15625	0.71875	0	0	0	0	0	0	180	330.7295	180	180	0	180
454.0883	0.1396484	1.010742	-0.1650391	-0.875	-0.5	-1.34375	-0.00390625	0.15625	0.9013672	-0.6875	1.15625	0.71875	0	0	0	0	0	0	180	330.7295	180	180	0	180
454.121	0.1396484	1.010742	-0.1650391	-0.875	-0.5	-1.34375	-0.00390625	0.15625	0.9013672	-0.6875	1.15625	0.71875	0	0	0	0	0	0	180	330.7295	180	180	0	180
454.1545	0.2353516	1.133789	-0.140625	0.28125	0.28125	1.21875	-0.00390625	0.15625	0.9013672	-0.6875	1.15625	0.71875	0	0	0	0	0	0	180	330.7295	180	180	0	180
454.1878	0.2353516	1.133789	-0.140625	0.28125	0.28125	1.21875	-0.00390625	0.15625	0.9013672	-0.6875	1.15625	0.71875	0	0	0	0	0	0	180	330.7065	180	180	0	180
454.2209	0.2353516	1.133789	-0.140625	0.28125	0.28125	1.21875	-0.00390625	0.15625	0.9013672	-0.6875	1.15625	0.71875	0	0	0	0	0	0	180	330.7065	180	180	0	180
454.2639	0.1689453	0.921875	-0.1298828	0.09375	0.46875	-0.625	-0.00390625	0.15625	0.9013672	-0.6875	1.15625	0.71875	0	0	0	0	0	0	180	330.7065	180	180	0	180
454.3005	0.1689453	0.921875	-0.1298828	0.09375	0.46875	-0.625	-0.00390625	0.15625	0.9013672	-0.6875	1.15625	0.71875	0	0	0	0	0	0	180	330.7065	180	180	0	180
454.3213	0.1689453	0.921875	-0.1298828	0.09375	0.46875	-0.625	-0.00390625	0.15625	0.9013672	-0.6875	1.15625	0.71875	0	0	0	0	0	0	180	330.7065	180	180	0	180
454.3554	0.1513672	0.8994141	-0.171875	0.28125	-1.1875	0.28125	-0.00390625	0.15625	0.9013672	-0.6875	1.15625	0.71875	0	0	0	0	0	0	180	330.7065	180	180	0	180
454.3891	0.1513672	0.8994141	-0.171875	0.28125	-1.1875	0.28125	-0.00390625	0.15625	0.9013672	-0.6875	1.15625	0.71875	0	0	0	0	0	0	180	330.7065	180	180	0	180
454.422	0.1513672	0.8994141	-0.171875	0.28125	-1.1875	0.28125	-0.00390625	0.15625	0.9013672	-0.6875	1.15625	0.71875	0	0	0	0	0	0	180	330.7065	180	180	0	180
454.4559	0.1660156	1.012695	-0.08691406	0.03125	-0.0625	0.78125	-0.00390625	0.15625	0.9013672	-0.6875	1.15625	0.71875	0	0	0	0	0	0	180	330.7065	180	180	0	180
454.4894	0.1660156	1.012695	-0.08691406	0.03125	-0.0625	0.78125	-0.00390625	0.15625	0.9013672	-0.6875	1.15625	0.71875	0	0	0	0	0	0	180	330.7065	180	180	0	180
454.5223	0.1660156	1.012695	-0.08691406	0.03125	-0.0625	0.78125	-0.00390625	0.15625	0.9013672	-0.6875	1.15625	0.71875	0	0	0	0	0	0	180	330.7065	180	180	0	180
454.5555	0.1660156	1.012695	-0.08691406	0.03125	-0.0625	0.78125	-0.00390625	0.15625	0.9013672	-0.6875	1.15625	0.71875	0	0	0	0	0	0	180	330.7065	180	180	0	180
454.5891	0.1513672	1.072266	-0.09863281	0.84375	-0.0625	-0.0625	-0.00390625	0.15625	0.9013672	-0.6875	1.15625	0.71875	0	0	0	0	0	0	180	330.7065	180	180	0	180
454.6221	0.1513672	1.072266	-0.09863281	0.84375	-0.0625	-0.0625	-0.00390625	0.15625	0.9013672	-0.6875	1.15625	0.71875	0	0	0	0	0	0	180	330.7065	180	180	0	180
454.6554	0.1367188	1.014648	-0.1591797	0.09375	-0.625	0.09375	-0.00390625	0.15625	0.9013672	-0.6875	1.15625	0.71875	0	0	0	0	0	0	180	330.7065	180	180	0	180
454.6886	0.1367188	1.014648	-0.1591797	0.09375	-0.625	0.09375	-0.00390625	0.15625	0.9013672	-0.6875	1.15625	0.71875	0	0	0	0	0	0	180	330.7065	180	180	0	180
454.7223	0.1142578	1.033203	-0.1162109	-1.46875	-0.0625	0.90625	-0.00390625	0.15625	0.9013672	-0.6875	1.15625	0.71875	0	0	0	0	0	0	180	330.7065	180	180	0	180
454.7561	0.1142578	1.033203	-0.1162109	-1.46875	-0.0625	0.90625	-0.00390625	0.15625	0.9013672	-0.6875	1.15625	0.71875	0	0	0	0	0	0	180	330.7065	180	180	0	180
454.7893	0.1142578	1.033203	-0.1162109	-1.46875	-0.0625	0.90625	-0.00390625	0.15625	0.9013672	-0.6875	1.15625	0.71875	0	0	0	0	0	0	180	330.7065	180	180	0	180
454.8225	0.08691406	0.9560547	-0.1308594	0.21875	0.40625	-1.3125	-0.00390625	0.15625	0.9013672	-0.6875	1.15625	0.71875	0	0	0	0	0	0	180	330.7065	180	180	0	180
454.888	0.08691406	0.9560547	-0.1308594	0.21875	0.40625	-1.3125	-0.00390625	0.15625	0.9013672	-0.6875	1.15625	0.71875	0	0	0	0	0	0	180	330.7065	180	180	0	180
454.9213	0.1621094	0.9462891	-0.1298828	-0.5	-3.0625	-0.5625	-0.00390625	0.15625	0.9013672	-0.6875	1.15625	0.71875	0	0	0	0	0	0	180	330.7065	180	180	0	180
454.9547	0.1621094	0.9462891	-0.1298828	-0.5	-3.0625	-0.5625	-0.00390625	0.15625	0.9013672	-0.6875	1.15625	0.71875	0	0	0	0	0	0	180	330.7065	180	180	0	180
454.9881	0.1621094	0.9462891	-0.1298828	-0.5	-3.0625	-0.5625	-0.00390625	0.15625	0.9013672	-0.6875	1.15625	0.71875	0	0	0	0	0	0	180	330.2367	180	180	0	180
455.0217	0.1787109	1.008789	-0.1328125	4.5	-6.84375	-2.9375	-0.00390625	0.15625	0.9013672	-0.6875	1.15625	0.71875	0	0	0	0	0	0	180	330.2367	180	180	0	180
455.0549	0.1787109	1.008789	-0.1328125	4.5	-6.84375	-2.9375	-0.00390625	0.15625	0.9013672	-0.6875	1.15625	0.71875	0	0	0	0	0	0	180	330.2367	180	180	0	180
455.0885	0.1787109	1.008789	-0.1328125	4.5	-6.84375	-2.9375	-0.00390625	0.15625	0.9013672	-0.6875	1.15625	0.71875	0	0	0	0	0	0	180	330.2367	180	180	0	180
455.1221	0.0546875	0.9052734	-0.08398438	-4.09375	-4.28125	-1.46875	-0.00390625	0.15625	0.9013672	-0.6875	1.15625	0.71875	0	0	0	0	0	0	180	330.2367	180	180	0	180
455.1556	0.0546875	0.9052734	-0.08398438	-4.09375	-4.28125	-1.46875	-0.00390625	0.15625	0.9013672	-0.6875	1.15625	0.71875	0	0	0	0	0	0	180	330.2367	180	180	0	180
455.1884	0.0546875	0.9052734	-0.08398438	-4.09375	-4.28125	-1.46875	-0.00390625	0.15625	0.9013672	-0.6875	1.15625	0.71875	0	0	0	0	0	0	180	330.2367	180	180	0	180
455.2222	0.078125	1.03418	-0.1933594	-2.625	-5.75	-1.65625	-0.00390625	0.15625	0.9013672	-0.6875	1.15625	0.71875	0	0	0	0	0	0	180	330.2367	180	180	0	180
455.2557	0.078125	1.03418	-0.1933594	-2.625	-5.75	-1.65625	-0.00390625	0.15625	0.9013672	-0.6875	1.15625	0.71875	0	0	0	0	0	0	180	330.2367	180	180	0	180
455.2891	0.1796875	0.8007813	-0.1855469	-0.0625	-2.09375	0.46875	-0.00390625	0.15625	0.9013672	-0.6875	1.15625	0.71875	0	0	0	0	0	0	180	330.2367	180	180	0	180
455.3225	0.1796875	0.8007813	-0.1855469	-0.0625	-2.09375	0.46875	0.04492188	0.1435547	1.003906	0.90625	-0.5625	0.53125	0	0	0	0	0	0	180	330.2367	180	180	0	180
455.3556	0.1796875	0.8007813	-0.1855469	-0.0625	-2.09375	0.46875	0.04492188	0.1435547	1.003906	0.90625	-0.5625	0.53125	0	0	0	0	0	0	180	330.2367	180	180	0	180
455.3889	0.1796875	0.8007813	-0.1855469	-0.0625	-2.09375	0.46875	0.04492188	0.1435547	1.003906	0.90625	-0.5625	0.53125	0	0	0	0	0	0	180	330.2367	180	180	0	180
455.4223	0.1494141	1.015625	-0.08203125	-6.375	9.6875	-3.125	0.04492188	0.1435547	1.003906	0.90625	-0.5625	0.53125	0	0	0	0	0	0	180	330.2367	180	180	0	180
455.4558	0.1494141	1.015625	-0.08203125	-6.375	9.6875	-3.125	0.04492188	0.1435547	1.003906	0.90625	-0.5625	0.53125	0	0	0	0	0	0	180	330.2367	180	180	0	180
455.4893	0.1494141	1.015625	-0.08203125	-6.375	9.6875	-3.125	0.04492188	0.1435547	1.003906	0.90625	-0.5625	0.53125	0	0	0	0	0	0	180	330.2367	180	180	0	180
455.5227	0.06933594	1.117188	-0.08691406	-5.21875	3.9375	-4.96875	0.04492188	0.1435547	1.003906	0.90625	-0.5625	0.53125	0	0	0	0	0	0	180	330.2367	180	180	0	180
455.5561	0.06933594	1.117188	-0.08691406	-5.21875	3.9375	-4.96875	0.04492188	0.1435547	1.003906	0.90625	-0.5625	0.53125	0	0	0	0	0	0	180	330.2367	180	180	0	180
455.5893	0.06933594	1.117188	-0.08691406	-5.21875	3.9375	-4.96875	0.04492188	0.1435547	1.003906	0.90625	-0.5625	0.53125	0	0	0	0	0	0	180	330.2367	180	180	0	180
455.6229	0.06445313	0.9521484	-0.3105469	-10.875	9.375	3.21875	0.04492188	0.1435547	1.003906	0.90625	-0.5625	0.53125	0	0	0	0	0	0	180	330.2367	180	180	0	180
455.6563	0.06445313	0.9521484	-0.3105469	-10.875	9.375	3.21875	0.04492188	0.1435547	1.003906	0.90625	-0.5625	0.53125	0	0	0	0	0	0	180	330.2367	180	180	0	180
455.6895	0.06445313	0.9521484	-0.3105469	-10.875	9.375	3.21875	0.04492188	0.1435547	1.003906	0.90625	-0.5625	0.53125	0	0	0	0	0	0	180	330.2367	180	180	0	180
455.7233	0.06445313	1.056641	0.01855469	-7.40625	-6.71875	4.0625	0.04492188	0.1435547	1.003906	0.90625	-0.5625	0.53125	0	0	0	0	0	0	180	330.2367	180	180	0	180
455.7566	0.06445313	1.056641	0.01855469	-7.40625	-6.71875	4.0625	0.04492188	0.1435547	1.003906	0.90625	-0.5625	0.53125	0	0	0	0	0	0	180	330.2367	180	180	0	180
455.7901	0.1240234	0.875	-0.03808594	0	2.375	-0.75	0.04492188	0.1435547	1.003906	0.90625	-0.5625	0.53125	0	0	0	0	0	0	180	330.2367	180	180	0	180
455.8232	0.1240234	0.875	-0.03808594	0	2.375	-0.75	-0.1386719	0.06542969	1.070313	-0.8125	0.53125	0.15625	0	0	0	0	0	0	180	330.2367	180	180	0	180
455.8566	0.1240234	0.875	-0.03808594	0	2.375	-0.75	-0.1386719	0.06542969	1.070313	-0.8125	0.53125	0.15625	0	0	0	0	0	0	180	330.2367	180	180	0	180
455.89	0.09960938	0.9638672	-0.1972656	2.5625	-1.1875	2.0625	-0.1386719	0.06542969	1.070313	-0.8125	0.53125	0.15625	0	0	0	0	0	0	180	330.2367	180	180	0	180
455.9237	0.09960938	0.9638672	-0.1972656	2.5625	-1.1875	2.0625	-0.05664063	0.109375	0.9609375	-14.78125	7.84375	3.09375	0	0	0	0	0	0	180	330.2367	180	180	0	180
455.9572	0.09960938	0.9638672	-0.1972656	2.5625	-1.1875	2.0625	-0.05664063	0.109375	0.9609375	-14.78125	7.84375	3.09375	0	0	0	0	0	0	180	331.1794	180	180	0	180
455.9909	0.03710938	0.9628906	-0.1640625	1.5625	-0.8125	2.25	-0.05664063	0.109375	0.9609375	-14.78125	7.84375	3.09375	0	0	0	0	0	0	180	331.1794	180	180	0	180
456.0243	0.03710938	0.9628906	-0.1640625	1.5625	-0.8125	2.25	-0.05664063	0.109375	0.9609375	-14.78125	7.84375	3.09375	0	0	0	0	0	0	180	331.1794	180	180	0	180
456.0579	0.03710938	0.9628906	-0.1640625	1.5625	-0.8125	2.25	-0.05664063	0.109375	0.9609375	-14.78125	7.84375	3.09375	0	0	0	0	0	0	180	331.1794	180	180	0	180
456.0914	0.1230469	0.9775391	-0.09472656	1.5	0.84375	-0.0625	-0.05664063	0.109375	0.9609375	-14.78125	7.84375	3.09375	0	0	0	0	0	0	180	331.1794	180	180	0	180
456.1245	0.1230469	0.9775391	-0.09472656	1.5	0.84375	-0.0625	-0.05664063	0.109375	0.9609375	-14.78125	7.84375	3.09375	0	0	0	0	0	0	180	331.1794	180	180	0	180
456.1576	0.1230469	0.9775391	-0.09472656	1.5	0.84375	-0.0625	-0.1650391	0.08203125	1.083984	-10.875	61.5	12.875	0	0	0	0	0	0	180	331.1794	180	180	0	180
456.1912	0.0390625	0.9257813	-0.09863281	-0.0625	-0.1875	0.90625	-0.1650391	0.08203125	1.083984	-10.875	61.5	12.875	0	0	0	0	0	0	180	331.1794	180	180	0	180
456.2245	0.0390625	0.9257813	-0.09863281	-0.0625	-0.1875	0.90625	-0.1650391	0.08203125	1.083984	-10.875	61.5	12.875	0	0	0	0	0	0	180	331.1794	180	180	0	180
456.2578	0.2412109	0.9541016	-0.06542969	0	-0.8125	0.46875	-0.1650391	0.08203125	1.083984	-10.875	61.5	12.875	0	0	0	0	0	0	180	331.1794	180	180	0	180
456.2912	0.2412109	0.9541016	-0.06542969	0	-0.8125	0.46875	-0.1650391	0.08203125	1.083984	-10.875	61.5	12.875	0	0	0	0	0	0	180	331.1794	180	180	0	180
456.3247	0.2412109	0.9541016	-0.06542969	0	-0.8125	0.46875	-0.1650391	0.08203125	1.083984	-10.875	61.5	12.875	0	0	0	0	0	0	180	331.1794	180	180	0	180
456.3577	0.2412109	0.9541016	-0.06542969	0	-0.8125	0.46875	-0.1650391	0.08203125	1.083984	-10.875	61.5	12.875	0	0	0	0	0	0	180	331.1794	180	180	0	180
456.3911	0.1337891	1.042969	-0.1386719	0.03125	-0.125	0.59375	-0.1650391	0.08203125	1.083984	-10.875	61.5	12.875	0	0	0	0	0	0	180	329.3898	180	180	0	180
456.4249	0.1337891	1.042969	-0.1386719	0.03125	-0.125	0.59375	-0.1650391	0.08203125	1.083984	-10.875	61.5	12.875	0	0	0	0	0	0	180	329.3898	180	180	0	180
456.4579	0.01953125	1.082031	-0.1484375	-0.0625	-0.625	1.5	-0.1650391	0.08203125	1.083984	-10.875	61.5	12.875	0	0	0	0	0	0	180	329.3898	180	180	0	180
456.4912	0.01953125	1.082031	-0.1484375	-0.0625	-0.625	1.5	-0.1650391	0.08203125	1.083984	-10.875	61.5	12.875	0	0	0	0	0	0	180	329.3898	180	180	0	180
456.5248	0.01953125	1.082031	-0.1484375	-0.0625	-0.625	1.5	-0.1650391	0.08203125	1.083984	-10.875	61.5	12.875	0	0	0	0	0	0	180	329.3898	180	180	0	180
456.5581	0.01953125	1.082031	-0.1484375	-0.0625	-0.625	1.5	-0.1650391	0.08203125	1.083984	-10.875	61.5	12.875	0	0	0	0	0	0	180	329.3898	180	180	0	180
456.5913	0.109375	1.013672	-0.1279297	-0.3125	-0.3125	-0.375	-0.1650391	0.08203125	1.083984	-10.875	61.5	12.875	0	0	0	0	0	0	180	329.3898	180	180	0	180
456.6251	0.109375	1.013672	-0.1279297	-0.3125	-0.3125	-0.375	-0.1650391	0.08203125	1.083984	-10.875	61.5	12.875	0	0	0	0	0	0	180	329.3898	180	180	0	180
456.6583	0.109375	1.013672	-0.1279297	-0.3125	-0.3125	-0.375	-0.1650391	0.08203125	1.083984	-10.875	61.5	12.875	0	0	0	0	0	0	180	329.3898	180	180	0	180
456.6917	0.1542969	0.9570313	-0.15625	-0.875	-0.6875	0.65625	-0.1650391	0.08203125	1.083984	-10.875	61.5	12.875	0	0	0	0	0	0	180	329.3898	180	180	0	180
456.7256	0.1152344	1.064453	-0.140625	-0.6875	-0.0625	0.09375	-0.1650391	0.08203125	1.083984	-10.875	61.5	12.875	0	0	0	0	0	0	180	329.3898	180	180	0	180
456.7589	0.1152344	1.064453	-0.140625	-0.6875	-0.0625	0.09375	-0.1650391	0.08203125	1.083984	-10.875	61.5	12.875	0	0	0	0	0	0	180	329.3898	180	180	0	180
456.81	0.1152344	1.064453	-0.140625	-0.6875	-0.0625	0.09375	-0.1650391	0.08203125	1.083984	-10.875	61.5	12.875	0	0	0	0	0	0	180	329.3898	180	180	0	180
456.8126	0.1152344	1.064453	-0.140625	-0.6875	-0.0625	0.09375	-0.1650391	0.08203125	1.083984	-10.875	61.5	12.875	0	0	0	0	0	0	180	329.3898	180	180	0	180
456.8434	0.08203125	1.083008	-0.06054688	-0.5	-0.1875	1.03125	0.001953125	0.1230469	0.9990234	-1.40625	0.28125	-1.40625	0	0	0	0	0	0	180	329.3898	180	180	0	180
456.8773	0.08203125	1.083008	-0.06054688	-0.5	-0.1875	1.03125	0.001953125	0.1230469	0.9990234	-1.40625	0.28125	-1.40625	0	0	0	0	0	0	180	329.3898	180	180	0	180
456.9109	0.08203125	1.083008	-0.06054688	-0.5	-0.1875	1.03125	0.001953125	0.1230469	0.9990234	-1.40625	0.28125	-1.40625	0	0	0	0	0	0	180	329.3898	180	180	0	180
456.9438	0.1650391	0.9951172	-0.1240234	-0.3125	-0.1875	-0.3125	0.001953125	0.1230469	0.9990234	-1.40625	0.28125	-1.40625	0	0	0	0	0	0	180	329.3898	180	180	0	180
456.9773	0.1650391	0.9951172	-0.1240234	-0.3125	-0.1875	-0.3125	0.001953125	0.1230469	0.9990234	-1.40625	0.28125	-1.40625	0	0	0	0	0	0	180	329.3898	180	180	0	180
457.0109	0.1650391	0.9951172	-0.1240234	-0.3125	-0.1875	-0.3125	0.001953125	0.1230469	0.9990234	-1.40625	0.28125	-1.40625	0	0	0	0	0	0	180	329.1476	180	180	0	180
457.044	0.1650391	0.9951172	-0.1240234	-0.3125	-0.1875	-0.3125	0.001953125	0.1230469	0.9990234	-1.40625	0.28125	-1.40625	0	0	0	0	0	0	180	329.1476	180	180	0	180
457.0775	0.1650391	0.9951172	-0.1240234	-0.3125	-0.1875	-0.3125	0.001953125	0.1230469	0.9990234	-1.40625	0.28125	-1.40625	0	0	0	0	0	0	180	329.1476	180	180	0	180
457.1108	0.1230469	1.064453	-0.01269531	11.03125	-3.25	0.03125	0.001953125	0.1230469	0.9990234	-1.40625	0.28125	-1.40625	0	0	0	0	0	0	180	329.1476	180	180	0	180
457.144	0.01367188	0.8378906	-0.1367188	16.40625	2.84375	0.21875	0.001953125	0.1230469	0.9990234	-1.40625	0.28125	-1.40625	0	0	0	0	0	0	180	329.1476	180	180	0	180
457.1773	0.01367188	0.8378906	-0.1367188	16.40625	2.84375	0.21875	0.001953125	0.1230469	0.9990234	-1.40625	0.28125	-1.40625	0	0	0	0	0	0	180	329.1476	180	180	0	180
457.2112	0.01367188	0.8378906	-0.1367188	16.40625	2.84375	0.21875	0.001953125	0.1230469	0.9990234	-1.40625	0.28125	-1.40625	0	0	0	0	0	0	180	329.1476	180	180	0	180
457.244	0.04101563	0.8916016	-0.1132813	53.21875	-9.65625	15.78125	0.001953125	0.1230469	0.9990234	-1.40625	0.28125	-1.40625	0	0	0	0	0	0	180	329.1476	180	180	0	180
457.2773	0.04101563	0.8916016	-0.1132813	53.21875	-9.65625	15.78125	0.001953125	0.1230469	0.9990234	-1.40625	0.28125	-1.40625	0	0	0	0	0	0	180	329.1476	180	180	0	180
457.3111	0.04101563	0.8916016	-0.1132813	53.21875	-9.65625	15.78125	0.001953125	0.1230469	0.9990234	-1.40625	0.28125	-1.40625	0	0	0	0	0	0	180	329.1476	180	180	0	180
457.3443	0.1855469	0.8505859	-0.2402344	118.3438	-6.59375	16.03125	0.001953125	0.1230469	0.9990234	-1.40625	0.28125	-1.40625	0	0	0	0	0	0	180	329.1476	180	180	0	180
457.3774	0.1855469	0.8505859	-0.2402344	118.3438	-6.59375	16.03125	0.001953125	0.1230469	0.9990234	-1.40625	0.28125	-1.40625	0	0	0	0	0	0	180	329.1476	180	180	0	180
457.4114	0.1503906	0.8603516	-0.4277344	150.125	-14.96875	16.34375	0.001953125	0.1230469	0.9990234	-1.40625	0.28125	-1.40625	0	0	0	0	0	0	180	329.1476	180	180	0	180
457.4443	0.1503906	0.8603516	-0.4277344	150.125	-14.96875	16.34375	0.001953125	0.1230469	0.9990234	-1.40625	0.28125	-1.40625	0	0	0	0	0	0	180	329.1476	180	180	0	180
457.4775	0.1503906	0.8603516	-0.4277344	150.125	-14.96875	16.34375	0.001953125	0.1230469	0.9990234	-1.40625	0.28125	-1.40625	0	0	0	0	0	0	180	329.1476	180	180	0	180
457.5112	0.09277344	0.6972656	-0.6425781	145.625	-22.15625	15	0.001953125	0.1230469	0.9990234	-1.40625	0.28125	-1.40625	0	0	0	0	0	0	180	329.1476	180	180	0	180
457.5444	0.09277344	0.6972656	-0.6425781	145.625	-22.15625	15	0.001953125	0.1230469	0.9990234	-1.40625	0.28125	-1.40625	0	0	0	0	0	0	180	329.1476	180	180	0	180
457.578	0.09277344	0.6972656	-0.6425781	145.625	-22.15625	15	0.001953125	0.1230469	0.9990234	-1.40625	0.28125	-1.40625	0	0	0	0	0	0	180	329.1476	180	180	0	180
457.6113	0.09277344	0.6972656	-0.6425781	145.625	-22.15625	15	0.001953125	0.1230469	0.9990234	-1.40625	0.28125	-1.40625	0	0	0	0	0	0	180	329.1476	180	180	0	180
457.6445	0.1689453	0.3828125	-1.286133	108.6875	-7.59375	6.09375	0.001953125	0.1230469	0.9990234	-1.40625	0.28125	-1.40625	0	0	0	0	0	0	180	329.1476	180	180	0	180
457.6783	0.1689453	0.3828125	-1.286133	108.6875	-7.59375	6.09375	0.001953125	0.1230469	0.9990234	-1.40625	0.28125	-1.40625	0	0	0	0	0	0	180	329.1476	180	180	0	180
457.7119	0.2451172	0.5585938	-1.458008	68.40625	3.71875	10.90625	0.001953125	0.1230469	0.9990234	-1.40625	0.28125	-1.40625	0	0	0	0	0	0	180	329.1476	180	180	0	180
457.7445	0.2451172	0.5585938	-1.458008	68.40625	3.71875	10.90625	0.001953125	0.1230469	0.9990234	-1.40625	0.28125	-1.40625	0	0	0	0	0	0	180	329.1476	180	180	0	180
457.7782	0.2451172	0.5585938	-1.458008	68.40625	3.71875	10.90625	0.001953125	0.1230469	0.9990234	-1.40625	0.28125	-1.40625	0	0	0	0	0	0	180	329.1476	180	180	0	180
457.812	0.2197266	0.3789063	-1.249023	-6.1875	5.90625	7.375	0.001953125	0.1230469	0.9990234	-1.40625	0.28125	-1.40625	0	0	0	0	0	0	180	329.1476	180	180	0	180
457.8449	0.2197266	0.3789063	-1.249023	-6.1875	5.90625	7.375	0.001953125	0.1230469	0.9990234	-1.40625	0.28125	-1.40625	0	0	0	0	0	0	180	329.1476	180	180	0	180
457.8783	0.2197266	0.3789063	-1.249023	-6.1875	5.90625	7.375	0.001953125	0.1230469	0.9990234	-1.40625	0.28125	-1.40625	0	0	0	0	0	0	180	329.1476	180	180	0	180
457.9118	0.2392578	0.4208984	-0.7939453	-40.65625	1.875	1.6875	0.001953125	0.1230469	0.9990234	-1.40625	0.28125	-1.40625	0	0	0	0	0	0	180	329.1476	180	180	0	180
457.9452	0.2392578	0.4208984	-0.7939453	-40.65625	1.875	1.6875	0.001953125	0.1230469	0.9990234	-1.40625	0.28125	-1.40625	0	0	0	0	0	0	180	329.1476	180	180	0	180
457.9786	0.2392578	0.4208984	-0.7939453	-40.65625	1.875	1.6875	0.001953125	0.1230469	0.9990234	-1.40625	0.28125	-1.40625	0	0	0	0	0	0	180	329.1476	180	180	0	180
458.0118	0.3046875	0.6259766	-0.6816406	-40.84375	18.59375	-12.28125	0.001953125	0.1230469	0.9990234	-1.40625	0.28125	-1.40625	0	0	0	0	0	0	180	325.7922	180	180	0	180
458.0451	0.3046875	0.6259766	-0.6816406	-40.84375	18.59375	-12.28125	0.001953125	0.1230469	0.9990234	-1.40625	0.28125	-1.40625	0	0	0	0	0	0	180	325.7922	180	180	0	180
458.0783	0.3046875	0.6259766	-0.6816406	-40.84375	18.59375	-12.28125	0.001953125	0.1230469	0.9990234	-1.40625	0.28125	-1.40625	0	0	0	0	0	0	180	325.7922	180	180	0	180
458.1128	-0.03320313	0.3261719	-0.5810547	-12.90625	4.875	-6.65625	0.001953125	0.1230469	0.9990234	-1.40625	0.28125	-1.40625	0	0	0	0	0	0	180	325.7922	180	180	0	180
458.1461	-0.03320313	0.3261719	-0.5810547	-12.90625	4.875	-6.65625	0.001953125	0.1230469	0.9990234	-1.40625	0.28125	-1.40625	0	0	0	0	0	0	180	325.7922	180	180	0	180
458.1799	-0.03320313	0.3261719	-0.5810547	-12.90625	4.875	-6.65625	0.001953125	0.1230469	0.9990234	-1.40625	0.28125	-1.40625	0	0	0	0	0	0	180	325.7922	180	180	0	180
458.2131	0.02832031	0.5673828	-0.7763672	-55.0625	-22.15625	-17.71875	0.001953125	0.1230469	0.9990234	-1.40625	0.28125	-1.40625	0	0	0	0	0	0	180	325.7922	180	180	0	180
458.2462	0.02832031	0.5673828	-0.7763672	-55.0625	-22.15625	-17.71875	0.001953125	0.1230469	0.9990234	-1.40625	0.28125	-1.40625	0	0	0	0	0	0	180	325.7922	180	180	0	180
458.2797	0.02832031	0.5673828	-0.7763672	-55.0625	-22.15625	-17.71875	0.001953125	0.1230469	0.9990234	-1.40625	0.28125	-1.40625	0	0	0	0	0	0	180	325.7922	180	180	0	180
458.3132	-0.02148438	1.081055	-0.6103516	-65.375	-21.3125	1.5625	0.001953125	0.1230469	0.9990234	-1.40625	0.28125	-1.40625	0	0	0	0	0	0	180	330.052	180	180	0	180
458.3463	-0.02148438	1.081055	-0.6103516	-65.375	-21.3125	1.5625	0.001953125	0.1230469	0.9990234	-1.40625	0.28125	-1.40625	0	0	0	0	0	0	180	330.052	180	180	0	180
458.3797	-0.02148438	1.081055	-0.6103516	-65.375	-21.3125	1.5625	0.001953125	0.1230469	0.9990234	-1.40625	0.28125	-1.40625	0	0	0	0	0	0	180	330.052	180	180	0	180
458.4135	-0.08105469	0.7939453	-1.100586	-10.5	-21.25	-8.125	0.001953125	0.1230469	0.9990234	-1.40625	0.28125	-1.40625	0	0	0	0	0	0	180	330.052	180	180	0	180
458.4467	-0.08105469	0.7939453	-1.100586	-10.5	-21.25	-8.125	0.001953125	0.1230469	0.9990234	-1.40625	0.28125	-1.40625	0	0	0	0	0	0	180	330.052	180	180	0	180
458.4801	-0.08105469	0.7939453	-1.100586	-10.5	-21.25	-8.125	0.001953125	0.1230469	0.9990234	-1.40625	0.28125	-1.40625	0	0	0	0	0	0	180	330.052	180	180	0	180
458.5138	0.5683594	0.4541016	-0.5917969	-29.1875	-7.59375	25.8125	0.001953125	0.1230469	0.9990234	-1.40625	0.28125	-1.40625	0	0	0	0	0	0	180	330.052	180	180	0	180
458.5469	0.5244141	0.5224609	-0.2939453	-34.3125	-7.34375	3.15625	0.001953125	0.1230469	0.9990234	-1.40625	0.28125	-1.40625	0	0	0	0	0	0	180	330.052	180	180	0	180
458.5804	0.5244141	0.5224609	-0.2939453	-34.3125	-7.34375	3.15625	-0.03125	0.04003906	1.000977	0.71875	1.75	-0.1875	0	0	0	0	0	0	180	330.052	180	180	0	180
458.6141	-0.1572266	0.4023438	-0.2617188	-53.84375	39.84375	14.625	-0.03125	0.04003906	1.000977	0.71875	1.75	-0.1875	0	0	0	0	0	0	180	330.052	180	180	0	180
458.6471	-0.1572266	0.4023438	-0.2617188	-53.84375	39.84375	14.625	-0.03125	0.04003906	1.000977	0.71875	1.75	-0.1875	0	0	0	0	0	0	180	330.052	180	180	0	180
458.6804	-0.1572266	0.4023438	-0.2617188	-53.84375	39.84375	14.625	-0.03125	0.04003906	1.000977	0.71875	1.75	-0.1875	0	0	0	0	0	0	180	330.052	180	180	0	180
458.7137	-0.0234375	1.143555	-0.6494141	-35	7.3125	20.25	-0.03125	0.04003906	1.000977	0.71875	1.75	-0.1875	0	0	0	0	0	0	180	330.052	180	180	0	180
458.7468	-0.0234375	1.143555	-0.6494141	-35	7.3125	20.25	-0.03125	0.04003906	1.000977	0.71875	1.75	-0.1875	0	0	0	0	0	0	180	330.052	180	180	0	180
458.7804	-0.0234375	1.143555	-0.6494141	-35	7.3125	20.25	-0.03125	0.04003906	1.000977	0.71875	1.75	-0.1875	0	0	0	0	0	0	180	330.052	180	180	0	180
458.8138	0.7490234	0.6572266	-1.523438	7.1875	-13.8125	6.15625	-0.03125	0.04003906	1.000977	0.71875	1.75	-0.1875	0	0	0	0	0	0	180	330.052	180	180	0	180
458.8471	0.7490234	0.6572266	-1.523438	7.1875	-13.8125	6.15625	-0.03125	0.04003906	1.000977	0.71875	1.75	-0.1875	0	0	0	0	0	0	180	330.052	180	180	0	180
458.8806	-0.08007813	1.003906	-0.4482422	-19.71875	-6.59375	-12.53125	-0.03125	0.04003906	1.000977	0.71875	1.75	-0.1875	0	0	0	0	0	0	180	330.052	180	180	0	180
458.9145	-0.08007813	1.003906	-0.4482422	-19.71875	-6.59375	-12.53125	-0.03125	0.04003906	1.000977	0.71875	1.75	-0.1875	0	0	0	0	0	0	180	330.052	180	180	0	180
458.9474	-0.08007813	1.003906	-0.4482422	-19.71875	-6.59375	-12.53125	-0.03125	0.04003906	1.000977	0.71875	1.75	-0.1875	0	0	0	0	0	0	180	330.052	180	180	0	180
458.9806	-0.08007813	1.003906	-0.4482422	-19.71875	-6.59375	-12.53125	-0.03125	0.04003906	1.000977	0.71875	1.75	-0.1875	0	0	0	0	0	0	180	322.8717	180	180	0	180
459.0141	0.3535156	0.2490234	-0.1767578	-56	-28.65625	-35.34375	-0.03125	0.04003906	1.000977	0.71875	1.75	-0.1875	0	0	0	0	0	0	180	322.8717	180	180	0	180
459.0473	0.3535156	0.2490234	-0.1767578	-56	-28.65625	-35.34375	-0.03125	0.04003906	1.000977	0.71875	1.75	-0.1875	0	0	0	0	0	0	180	322.8717	180	180	0	180
459.0809	0.3535156	0.2490234	-0.1767578	-56	-28.65625	-35.34375	-0.03125	0.04003906	1.000977	0.71875	1.75	-0.1875	0	0	0	0	0	0	180	322.8717	180	180	0	180
459.1145	-0.05761719	1.753906	-0.5146484	38.0625	26.71875	-30.65625	-0.03125	0.04003906	1.000977	0.71875	1.75	-0.1875	0	0	0	0	0	0	180	322.8717	180	180	0	180
459.1476	-0.05761719	1.753906	-0.5146484	38.0625	26.71875	-30.65625	-0.03125	0.04003906	1.000977	0.71875	1.75	-0.1875	0	0	0	0	0	0	180	322.8717	180	180	0	180
459.1814	-0.05761719	1.753906	-0.5146484	38.0625	26.71875	-30.65625	-0.03125	0.04003906	1.000977	0.71875	1.75	-0.1875	0	0	0	0	0	0	180	322.8717	180	180	0	180
459.2149	-0.3476563	0.8105469	-1.251953	48.25	-80.9375	-21.9375	-0.03125	0.04003906	1.000977	0.71875	1.75	-0.1875	0	0	0	0	0	0	180	322.8717	180	180	0	180
459.248	-0.3476563	0.8105469	-1.251953	48.25	-80.9375	-21.9375	-0.03125	0.04003906	1.000977	0.71875	1.75	-0.1875	0	0	0	0	0	0	180	322.8717	180	180	0	180
459.282	0.3710938	1.040039	-0.1904297	-28.28125	33.5625	0.96875	-0.03125	0.04003906	1.000977	0.71875	1.75	-0.1875	0	0	0	0	0	0	180	322.8717	180	180	0	180
459.3155	0.3710938	1.040039	-0.1904297	-28.28125	33.5625	0.96875	-0.03125	0.04003906	1.000977	0.71875	1.75	-0.1875	0	0	0	0	0	0	180	322.8717	180	180	0	180
459.3486	0.3710938	1.040039	-0.1904297	-28.28125	33.5625	0.96875	-0.03125	0.04003906	1.000977	0.71875	1.75	-0.1875	0	0	0	0	0	0	180	322.8717	180	180	0	180
459.3824	0.3710938	1.040039	-0.1904297	-28.28125	33.5625	0.96875	-0.03125	0.04003906	1.000977	0.71875	1.75	-0.1875	0	0	0	0	0	0	180	322.8717	180	180	0	180
459.4163	-0.0234375	-0.06835938	-0.125	-43.71875	30.9375	58.40625	-0.03125	0.04003906	1.000977	0.71875	1.75	-0.1875	0	0	0	0	0	0	180	322.8717	180	180	0	180
459.4492	-0.0234375	-0.06835938	-0.125	-43.71875	30.9375	58.40625	-0.03125	0.04003906	1.000977	0.71875	1.75	-0.1875	0	0	0	0	0	0	180	322.8717	180	180	0	180
459.4828	0.2392578	1.548828	-0.3974609	-17.84375	-6.53125	-17.53125	-0.03125	0.04003906	1.000977	0.71875	1.75	-0.1875	0	0	0	0	0	0	180	322.8717	180	180	0	180
459.5164	0.2392578	1.548828	-0.3974609	-17.84375	-6.53125	-17.53125	-0.03125	0.04003906	1.000977	0.71875	1.75	-0.1875	0	0	0	0	0	0	180	322.8717	180	180	0	180
459.5497	0.2392578	1.548828	-0.3974609	-17.84375	-6.53125	-17.53125	-0.03125	0.04003906	1.000977	0.71875	1.75	-0.1875	0	0	0	0	0	0	180	322.8717	180	180	0	180
459.5832	0.2392578	1.548828	-0.3974609	-17.84375	-6.53125	-17.53125	-0.03125	0.04003906	1.000977	0.71875	1.75	-0.1875	0	0	0	0	0	0	180	322.8717	180	180	0	180
459.6167	0.1181641	1.077148	-1.680664	126.5	101.0625	48.9375	-0.03125	0.04003906	1.000977	0.71875	1.75	-0.1875	0	0	0	0	0	0	180	322.8717	180	180	0	180
459.6495	0.1181641	1.077148	-1.680664	126.5	101.0625	48.9375	-0.03125	0.04003906	1.000977	0.71875	1.75	-0.1875	0	0	0	0	0	0	180	322.8717	180	180	0	180
459.683	0.1181641	1.077148	-1.680664	126.5	101.0625	48.9375	-0.03125	0.04003906	1.000977	0.71875	1.75	-0.1875	0	0	0	0	0	0	180	322.8717	180	180	0	180
459.7162	0.0703125	0.6992188	0.1025391	-32.3125	-21.25	-26.9375	-0.03125	0.04003906	1.000977	0.71875	1.75	-0.1875	0	0	0	0	0	0	180	322.8717	180	180	0	180
459.7495	0.0703125	0.6992188	0.1025391	-32.3125	-21.25	-26.9375	-0.03125	0.04003906	1.000977	0.71875	1.75	-0.1875	0	0	0	0	0	0	180	322.8717	180	180	0	180
459.7836	0.0703125	0.6992188	0.1025391	-32.3125	-21.25	-26.9375	-0.03125	0.04003906	1.000977	0.71875	1.75	-0.1875	0	0	0	0	0	0	180	322.8717	180	180	0	180
459.8171	0.2158203	0.6806641	-0.3476563	7.6875	27.375	-33.34375	-0.03125	0.04003906	1.000977	0.71875	1.75	-0.1875	0	0	0	0	0	0	180	322.8717	180	180	0	180
459.8503	0.2158203	0.6806641	-0.3476563	7.6875	27.375	-33.34375	-0.03125	0.04003906	1.000977	0.71875	1.75	-0.1875	0	0	0	0	0	0	180	322.8717	180	180	0	180
459.8841	0.2158203	0.6806641	-0.3476563	7.6875	27.375	-33.34375	-0.03125	0.04003906	1.000977	0.71875	1.75	-0.1875	0	0	0	0	0	0	180	322.8717	180	180	0	180
459.9174	-0.006835938	0.5039063	-0.06347656	-48.90625	71.9375	-45.375	-0.03125	0.04003906	1.000977	0.71875	1.75	-0.1875	0	0	0	0	0	0	180	322.8717	180	180	0	180
459.9503	-0.006835938	0.5039063	-0.06347656	-48.90625	71.9375	-45.375	-0.03125	0.04003906	1.000977	0.71875	1.75	-0.1875	0	0	0	0	0	0	180	322.8717	180	180	0	180
459.9838	-0.006835938	0.5039063	-0.06347656	-48.90625	71.9375	-45.375	0.1660156	0.7392578	0.6757813	159.2188	-31.8125	5.96875	0	0	0	0	0	0	180	322.8717	180	180	0	180
460.0176	-0.006835938	0.5039063	-0.06347656	-48.90625	71.9375	-45.375	0.1660156	0.7392578	0.6757813	159.2188	-31.8125	5.96875	0	0	0	0	0	0	180	323.4597	180	180	0	180
460.0506	-0.006835938	0.5039063	-0.06347656	-48.90625	71.9375	-45.375	0.1660156	0.7392578	0.6757813	159.2188	-31.8125	5.96875	0	0	0	0	0	0	180	323.4597	180	180	0	180
460.0844	1.37207	1.923828	-1.611328	47.46875	113.6875	-118	0.1660156	0.7392578	0.6757813	159.2188	-31.8125	5.96875	0	0	0	0	0	0	180	323.4597	180	180	0	180
460.1173	1.37207	1.923828	-1.611328	47.46875	113.6875	-118	0.1660156	0.7392578	0.6757813	159.2188	-31.8125	5.96875	0	0	0	0	0	0	180	323.4597	180	180	0	180
460.1505	1.37207	1.923828	-1.611328	47.46875	113.6875	-118	0.1660156	0.7392578	0.6757813	159.2188	-31.8125	5.96875	0	0	0	0	0	0	180	323.4597	180	180	0	180
460.1841	0.078125	0.5976563	-0.4130859	33.75	265.375	-100.8438	0.1660156	0.7392578	0.6757813	159.2188	-31.8125	5.96875	0	0	0	0	0	0	180	323.4597	180	180	0	180
460.2174	-0.046875	0.6669922	-0.4794922	9.1875	57.96875	-111.3438	0.1660156	0.7392578	0.6757813	159.2188	-31.8125	5.96875	0	0	0	0	0	0	180	323.4597	180	180	0	180
460.2509	-0.046875	0.6669922	-0.4794922	9.1875	57.96875	-111.3438	0.1660156	0.7392578	0.6757813	159.2188	-31.8125	5.96875	0	0	0	0	0	0	180	323.4597	180	180	0	180
460.2849	-0.046875	0.6669922	-0.4794922	9.1875	57.96875	-111.3438	0.1660156	0.7392578	0.6757813	159.2188	-31.8125	5.96875	0	0	0	0	0	0	180	323.4597	180	180	0	180
460.318	0.5039063	0.2617188	-0.9550781	-37.4375	43.6875	-86.75	0.1660156	0.7392578	0.6757813	159.2188	-31.8125	5.96875	0	0	0	0	0	0	180	323.4597	180	180	0	180
460.3511	0.5039063	0.2617188	-0.9550781	-37.4375	43.6875	-86.75	0.1660156	0.7392578	0.6757813	159.2188	-31.8125	5.96875	0	0	0	0	0	0	180	323.4597	180	180	0	180
460.3853	0.07324219	0.9951172	-0.8349609	23.78125	175.0313	-102.4375	0.1660156	0.7392578	0.6757813	159.2188	-31.8125	5.96875	0	0	0	0	0	0	180	323.4597	180	180	0	180
460.4182	0.07324219	0.9951172	-0.8349609	23.78125	175.0313	-102.4375	0.1660156	0.7392578	0.6757813	159.2188	-31.8125	5.96875	0	0	0	0	0	0	180	323.4597	180	180	0	180
460.4514	0.07128906	0.3310547	-0.4111328	9.25	107.9688	-90.21875	0.1660156	0.7392578	0.6757813	159.2188	-31.8125	5.96875	0	0	0	0	0	0	180	323.4597	180	180	0	180
460.4851	0.07128906	0.3310547	-0.4111328	9.25	107.9688	-90.21875	0.1767578	0.3417969	0.6708984	34.59375	-12.03125	18.84375	0	0	0	0	0	0	180	323.4597	180	180	0	180
460.5184	0.07128906	0.3310547	-0.4111328	9.25	107.9688	-90.21875	0.1767578	0.3417969	0.6708984	34.59375	-12.03125	18.84375	0	0	0	0	0	0	180	323.4597	180	180	0	180
460.5514	0.2783203	0.1269531	-0.8232422	-13.1875	198.2813	-97.96875	0.1767578	0.3417969	0.6708984	34.59375	-12.03125	18.84375	0	0	0	0	0	0	180	323.4597	180	180	0	180
460.5853	0.2783203	0.1269531	-0.8232422	-13.1875	198.2813	-97.96875	0.1767578	0.3417969	0.6708984	34.59375	-12.03125	18.84375	0	0	0	0	0	0	180	323.4597	180	180	0	180
460.587	0.2783203	0.1269531	-0.8232422	-13.1875	198.2813	-97.96875	0.1767578	0.3417969	0.6708984	34.59375	-12.03125	18.84375	0	0	0	0	0	0	180	323.4597	180	180	0	180
460.6183	0.2783203	0.1269531	-0.8232422	-13.1875	198.2813	-97.96875	0.1767578	0.3417969	0.6708984	34.59375	-12.03125	18.84375	0	0	0	0	0	0	180	323.4597	180	180	0	180
460.6521	0.2412109	1.119141	-0.7421875	-31.5	138.0313	-93.46875	0.1767578	0.3417969	0.6708984	34.59375	-12.03125	18.84375	0	0	0	0	0	0	180	323.4597	180	180	0	180
460.6857	0.2412109	1.119141	-0.7421875	-31.5	138.0313	-93.46875	0.1767578	0.3417969	0.6708984	34.59375	-12.03125	18.84375	0	0	0	0	0	0	180	323.4597	180	180	0	180
460.719	0.2412109	1.119141	-0.7421875	-31.5	138.0313	-93.46875	0.1767578	0.3417969	0.6708984	34.59375	-12.03125	18.84375	0	0	0	0	0	0	180	323.4597	180	180	0	180
460.7528	0.1181641	0.3466797	-0.06445313	-2.21875	162.0313	-53.46875	0.1767578	0.3417969	0.6708984	34.59375	-12.03125	18.84375	0	0	0	0	0	0	180	323.4597	180	180	0	180
460.7862	0.1181641	0.3466797	-0.06445313	-2.21875	162.0313	-53.46875	0.1767578	0.3417969	0.6708984	34.59375	-12.03125	18.84375	0	0	0	0	0	0	180	323.4597	180	180	0	180
460.8197	0.1181641	0.3466797	-0.06445313	-2.21875	162.0313	-53.46875	0.1767578	0.3417969	0.6708984	34.59375	-12.03125	18.84375	0	0	0	0	0	0	180	323.4597	180	180	0	180
460.8534	0.7470703	1.477539	-0.8203125	-42.4375	20.84375	-40.3125	0.1767578	0.3417969	0.6708984	34.59375	-12.03125	18.84375	0	0	0	0	0	0	180	323.4597	180	180	0	180
460.8869	0.7470703	1.477539	-0.8203125	-42.4375	20.84375	-40.3125	0.1767578	0.3417969	0.6708984	34.59375	-12.03125	18.84375	0	0	0	0	0	0	180	323.4597	180	180	0	180
460.9202	0.7470703	1.477539	-0.8203125	-42.4375	20.84375	-40.3125	0.1767578	0.3417969	0.6708984	34.59375	-12.03125	18.84375	0	0	0	0	0	0	180	323.4597	180	180	0	180
460.9737	0.08105469	0.6044922	-0.7138672	58.15625	80.5625	-26.9375	0.1767578	0.3417969	0.6708984	34.59375	-12.03125	18.84375	0	0	0	0	0	0	180	323.4597	180	180	0	180
461.0069	0.08105469	0.6044922	-0.7138672	58.15625	80.5625	-26.9375	0.1767578	0.3417969	0.6708984	34.59375	-12.03125	18.84375	0	0	0	0	0	0	180	323.4597	180	180	0	180
461.0403	-0.2978516	0.7705078	-0.3007813	-21.9375	0.28125	-57.5625	0.1767578	0.3417969	0.6708984	34.59375	-12.03125	18.84375	0	0	0	0	0	0	180	323.4597	180	180	0	180
461.0739	-0.2978516	0.7705078	-0.3007813	-21.9375	0.28125	-57.5625	0.1767578	0.3417969	0.6708984	34.59375	-12.03125	18.84375	0	0	0	0	0	0	180	323.4597	180	180	0	180
461.1071	0.4892578	0.7148438	-0.4931641	-1.90625	-12.28125	-64.46875	0.1767578	0.3417969	0.6708984	34.59375	-12.03125	18.84375	0	0	0	0	0	0	177.7327	102.7246	164.9642	180	0	180
461.1404	0.4892578	0.7148438	-0.4931641	-1.90625	-12.28125	-64.46875	0.1767578	0.3417969	0.6708984	34.59375	-12.03125	18.84375	0	0	0	0	0	0	177.7327	102.7246	164.9642	180	0	180
461.1745	0.4892578	0.7148438	-0.4931641	-1.90625	-12.28125	-64.46875	0.1767578	0.3417969	0.6708984	34.59375	-12.03125	18.84375	0	0	0	0	0	0	177.7327	102.7246	164.9642	180	0	180
461.2075	-0.0546875	1.253906	-0.6142578	-48.71875	52.59375	-17.28125	0.1767578	0.3417969	0.6708984	34.59375	-12.03125	18.84375	0	0	0	0	0	0	177.7327	102.7246	164.9642	180	0	180
461.2409	-0.0546875	1.253906	-0.6142578	-48.71875	52.59375	-17.28125	0.1767578	0.3417969	0.6708984	34.59375	-12.03125	18.84375	0	0	0	0	0	0	177.7327	102.7246	164.9642	180	0	180
461.2743	-0.0546875	1.253906	-0.6142578	-48.71875	52.59375	-17.28125	0.1767578	0.3417969	0.6708984	34.59375	-12.03125	18.84375	0	0	0	0	0	0	177.7327	102.7246	164.9642	180	0	180
461.3076	-0.0546875	1.253906	-0.6142578	-48.71875	52.59375	-17.28125	0.1767578	0.3417969	0.6708984	34.59375	-12.03125	18.84375	0	0	0	0	0	0	177.7327	102.7246	164.9642	180	0	180
461.3408	0.265625	0.5664063	-1.048828	-25.78125	-15.53125	-12.15625	0.1767578	0.3417969	0.6708984	34.59375	-12.03125	18.84375	0	0	0	0	0	0	177.7327	102.7246	164.9642	180	0	180
461.3743	0.265625	0.5664063	-1.048828	-25.78125	-15.53125	-12.15625	0.1767578	0.3417969	0.6708984	34.59375	-12.03125	18.84375	0	0	0	0	0	0	177.7327	102.7246	164.9642	180	0	180
461.4076	0.140625	0.6142578	-0.08203125	-23.15625	31.34375	10.125	0.1767578	0.3417969	0.6708984	34.59375	-12.03125	18.84375	0	0	0	0	0	0	177.7327	102.7246	164.9642	180	0	180
461.4409	0.140625	0.6142578	-0.08203125	-23.15625	31.34375	10.125	0.1767578	0.3417969	0.6708984	34.59375	-12.03125	18.84375	0	0	0	0	0	0	177.7327	102.7246	164.9642	180	0	180
461.4746	0.140625	0.6142578	-0.08203125	-23.15625	31.34375	10.125	0.1767578	0.3417969	0.6708984	34.59375	-12.03125	18.84375	0	0	0	0	0	0	177.7327	102.7246	164.9642	180	0	180
461.5079	-0.09570313	0.8378906	-0.4111328	24.71875	15.375	42.53125	0.1767578	0.3417969	0.6708984	34.59375	-12.03125	18.84375	0	0	0	0	0	0	177.7327	102.7246	164.9642	180	0	180
461.5412	-0.09570313	0.8378906	-0.4111328	24.71875	15.375	42.53125	0.1767578	0.3417969	0.6708984	34.59375	-12.03125	18.84375	0	0	0	0	0	0	177.7327	102.7246	164.9642	180	0	180
461.5748	-0.09570313	0.8378906	-0.4111328	24.71875	15.375	42.53125	-1.237305	1.999023	-0.9765625	323.2813	-162.25	81.78125	0	0	0	0	0	0	177.7327	102.7246	164.9642	180	0	180
461.6082	-0.09570313	0.8378906	-0.4111328	24.71875	15.375	42.53125	-1.237305	1.999023	-0.9765625	323.2813	-162.25	81.78125	0	0	0	0	0	0	177.7327	102.7246	164.9642	180	0	180
461.6411	1.112305	0.5419922	-1.254883	-32.65625	-43.53125	48.25	-1.237305	1.999023	-0.9765625	323.2813	-162.25	81.78125	0	0	0	0	0	0	177.7327	102.7246	164.9642	180	0	180
461.6751	1.112305	0.5419922	-1.254883	-32.65625	-43.53125	48.25	-1.237305	1.999023	-0.9765625	323.2813	-162.25	81.78125	0	0	0	0	0	0	177.7327	102.7246	164.9642	180	0	180
461.7082	-0.04589844	1.367188	-0.7988281	-7.46875	14.28125	-21.6875	-1.237305	1.999023	-0.9765625	323.2813	-162.25	81.78125	0	0	0	0	0	0	177.7327	102.7246	164.9642	180	0	180
461.7415	-0.04589844	1.367188	-0.7988281	-7.46875	14.28125	-21.6875	-1.237305	1.999023	-0.9765625	323.2813	-162.25	81.78125	0	0	0	0	0	0	177.7327	102.7246	164.9642	180	0	180
461.7752	0.203125	0.3105469	0.09863281	-42	-48.0625	-31.5625	-1.237305	1.999023	-0.9765625	323.2813	-162.25	81.78125	0	0	0	0	0	0	177.7327	102.7246	164.9642	180	0	180
461.8087	0.203125	0.3105469	0.09863281	-42	-48.0625	-31.5625	-1.237305	1.999023	-0.9765625	323.2813	-162.25	81.78125	0	0	0	0	0	0	177.7327	102.7246	164.9642	180	0	180
461.8422	0.203125	0.3105469	0.09863281	-42	-48.0625	-31.5625	-1.237305	1.999023	-0.9765625	323.2813	-162.25	81.78125	0	0	0	0	0	0	177.7327	102.7246	164.9642	180	0	180
461.8758	0.203125	0.3105469	0.09863281	-42	-48.0625	-31.5625	-1.237305	1.999023	-0.9765625	323.2813	-162.25	81.78125	0	0	0	0	0	0	177.7327	102.7246	164.9642	180	0	180
461.9098	0.2822266	0.5673828	-0.1767578	25.25	27.9375	-37.1875	-1.237305	1.999023	-0.9765625	323.2813	-162.25	81.78125	0	0	0	0	0	0	177.7327	102.7246	164.9642	180	0	180
461.943	0.2822266	0.5673828	-0.1767578	25.25	27.9375	-37.1875	-1.237305	1.999023	-0.9765625	323.2813	-162.25	81.78125	0	0	0	0	0	0	177.7327	102.7246	164.9642	180	0	180
461.9768	-0.4150391	0.6083984	-0.9707031	-40	40.21875	-47.4375	-1.237305	1.999023	-0.9765625	323.2813	-162.25	81.78125	0	0	0	0	0	0	177.7327	102.7246	164.9642	180	0	180
462.0104	-0.4150391	0.6083984	-0.9707031	-40	40.21875	-47.4375	-1.237305	1.999023	-0.9765625	323.2813	-162.25	81.78125	0	0	0	0	0	0	177.7327	102.7246	164.9642	180	0	180
462.0436	-0.4150391	0.6083984	-0.9707031	-40	40.21875	-47.4375	-1.237305	1.999023	-0.9765625	323.2813	-162.25	81.78125	0	0	0	0	0	0	177.7327	102.7246	164.9642	180	0	180
462.0769	0.734375	1.521484	-0.6982422	-28.875	7.5	11.8125	-1.237305	1.999023	-0.9765625	323.2813	-162.25	81.78125	0	0	0	0	0	0	177.7327	102.7246	164.9642	180	0	180
462.1115	0.734375	1.521484	-0.6982422	-28.875	7.5	11.8125	-1.237305	1.999023	-0.9765625	323.2813	-162.25	81.78125	0	0	0	0	0	0	177.7327	102.7246	164.9642	180	0	180
462.1439	0.734375	1.521484	-0.6982422	-28.875	7.5	11.8125	-1.237305	1.999023	-0.9765625	323.2813	-162.25	81.78125	0	0	0	0	0	0	177.7327	102.7246	164.9642	180	0	180
462.1772	0.734375	1.521484	-0.6982422	-28.875	7.5	11.8125	-1.237305	1.999023	-0.9765625	323.2813	-162.25	81.78125	0	0	0	0	0	0	177.7327	102.7246	164.9642	180	0	180
462.2111	0.004882813	0.1552734	-0.171875	-44.625	104.8438	-14.96875	-1.237305	1.999023	-0.9765625	323.2813	-162.25	81.78125	0	0	0	0	0	0	177.7327	102.7246	164.9642	180	0	180
462.2443	-0.02832031	0.4882813	-0.1396484	-13.5	60.71875	-20.9375	-1.237305	1.999023	-0.9765625	323.2813	-162.25	81.78125	0	0	0	0	0	0	177.7327	102.7246	164.9642	180	0	180
462.2779	-0.02832031	0.4882813	-0.1396484	-13.5	60.71875	-20.9375	-1.237305	1.999023	-0.9765625	323.2813	-162.25	81.78125	0	0	0	0	0	0	177.7327	102.7246	164.9642	180	0	180
462.3118	-0.02832031	0.4882813	-0.1396484	-13.5	60.71875	-20.9375	-1.237305	1.999023	-0.9765625	323.2813	-162.25	81.78125	0	0	0	0	0	0	177.7327	102.7246	164.9642	180	0	180
462.3445	-0.02832031	0.4882813	-0.1396484	-13.5	60.71875	-20.9375	-1.237305	1.999023	-0.9765625	323.2813	-162.25	81.78125	0	0	0	0	0	0	177.7327	102.7246	164.9642	180	0	180
462.3781	0.8046875	0.6689453	-1.456055	-43.90625	78.59375	-14.84375	-1.237305	1.999023	-0.9765625	323.2813	-162.25	81.78125	0	0	0	0	0	0	177.7327	102.7246	164.9642	180	0	180
462.4117	0.8046875	0.6689453	-1.456055	-43.90625	78.59375	-14.84375	-0.02441406	1.655273	0.4492188	6.40625	37.65625	-18.3125	0	0	0	0	0	0	177.7327	102.7246	164.9642	180	0	180
462.4443	0.8046875	0.6689453	-1.456055	-43.90625	78.59375	-14.84375	-0.02441406	1.655273	0.4492188	6.40625	37.65625	-18.3125	0	0	0	0	0	0	177.7327	102.7246	164.9642	180	0	180
462.4779	0.5712891	1.589844	-0.7060547	23.71875	160.0938	-87.25	-0.02441406	1.655273	0.4492188	6.40625	37.65625	-18.3125	0	0	0	0	0	0	177.7327	102.7246	164.9642	180	0	180
462.5122	0.5712891	1.589844	-0.7060547	23.71875	160.0938	-87.25	-0.02441406	1.655273	0.4492188	6.40625	37.65625	-18.3125	0	0	0	0	0	0	177.7327	102.7246	164.9642	180	0	180
462.5443	0.5712891	1.589844	-0.7060547	23.71875	160.0938	-87.25	-0.02441406	1.655273	0.4492188	6.40625	37.65625	-18.3125	0	0	0	0	0	0	177.7327	102.7246	164.9642	180	0	180
462.5779	0.1445313	0.5488281	-0.5712891	44.84375	221.4688	-103.5313	-0.02441406	1.655273	0.4492188	6.40625	37.65625	-18.3125	0	0	0	0	0	0	177.7327	102.7246	164.9642	180	0	180
462.6119	0.1445313	0.5488281	-0.5712891	44.84375	221.4688	-103.5313	-0.02441406	1.655273	0.4492188	6.40625	37.65625	-18.3125	0	0	0	0	0	0	177.7327	102.7246	164.9642	180	0	180
462.6445	0.1445313	0.5488281	-0.5712891	44.84375	221.4688	-103.5313	-0.02441406	1.655273	0.4492188	6.40625	37.65625	-18.3125	0	0	0	0	0	0	177.7327	102.7246	164.9642	180	0	180
462.6778	0.1123047	0.1894531	-0.8408203	47.71875	265.25	-132.7188	-0.02441406	1.655273	0.4492188	6.40625	37.65625	-18.3125	0	0	0	0	0	0	177.7327	102.7246	164.9642	180	0	180
462.712	0.1123047	0.1894531	-0.8408203	47.71875	265.25	-132.7188	-0.02441406	1.655273	0.4492188	6.40625	37.65625	-18.3125	0	0	0	0	0	0	177.7327	102.7246	164.9642	180	0	180
462.7444	0.04785156	0.4130859	-0.9755859	132.3125	200.9688	-139.9063	-0.02441406	1.655273	0.4492188	6.40625	37.65625	-18.3125	0	0	0	0	0	0	177.7327	102.7246	164.9642	180	0	180
462.778	0.04785156	0.4130859	-0.9755859	132.3125	200.9688	-139.9063	-0.02441406	1.655273	0.4492188	6.40625	37.65625	-18.3125	0	0	0	0	0	0	177.7327	102.7246	164.9642	180	0	180
462.8121	0.04785156	0.4130859	-0.9755859	132.3125	200.9688	-139.9063	-0.2832031	0.02246094	-0.71875	-107	34.84375	92.21875	0	0	0	0	0	0	177.7327	102.7246	164.9642	180	0	180
462.8449	0.04785156	0.4130859	-0.9755859	132.3125	200.9688	-139.9063	-0.2832031	0.02246094	-0.71875	-107	34.84375	92.21875	0	0	0	0	0	0	177.7327	102.7246	164.9642	180	0	180
462.8779	-0.1347656	0.5263672	-0.5791016	57	155.3125	-129.9063	-0.2832031	0.02246094	-0.71875	-107	34.84375	92.21875	0	0	0	0	0	0	177.7327	102.7246	164.9642	180	0	180
462.9122	-0.1347656	0.5263672	-0.5791016	57	155.3125	-129.9063	-0.2832031	0.02246094	-0.71875	-107	34.84375	92.21875	0	0	0	0	0	0	177.7327	102.7246	164.9642	180	0	180
462.9446	-0.1279297	0.1826172	-0.7871094	116.375	84.6875	-100.7188	-0.2832031	0.02246094	-0.71875	-107	34.84375	92.21875	0	0	0	0	0	0	177.7327	102.7246	164.9642	180	0	180
462.9785	-0.1279297	0.1826172	-0.7871094	116.375	84.6875	-100.7188	-0.2832031	0.02246094	-0.71875	-107	34.84375	92.21875	0	0	0	0	0	0	177.7327	102.7246	164.9642	180	0	180
463.0122	-0.1279297	0.1826172	-0.7871094	116.375	84.6875	-100.7188	-0.2832031	0.02246094	-0.71875	-107	34.84375	92.21875	0	0	0	0	0	0	177.7327	102.7246	164.9642	180	0	180
463.0447	0.1787109	0.6982422	-0.8964844	3.71875	85.625	-61.71875	-0.2832031	0.02246094	-0.71875	-107	34.84375	92.21875	0	0	0	0	0	0	177.7327	102.7246	164.9642	180	0	180
463.0786	0.1787109	0.6982422	-0.8964844	3.71875	85.625	-61.71875	-0.2832031	0.02246094	-0.71875	-107	34.84375	92.21875	0	0	0	0	0	0	177.7327	102.7246	164.9642	180	0	180
463.1128	0.1787109	0.6982422	-0.8964844	3.71875	85.625	-61.71875	-0.2832031	0.02246094	-0.71875	-107	34.84375	92.21875	0	0	0	0	0	0	177.7327	102.7246	164.9642	180	0	180
463.1451	0.1347656	0.6894531	-0.7910156	-0.0625	41.90625	-17.34375	-0.2832031	0.02246094	-0.71875	-107	34.84375	92.21875	0	0	0	0	0	0	177.7327	102.7246	164.9642	180	0	180
463.1782	0.1347656	0.6894531	-0.7910156	-0.0625	41.90625	-17.34375	-0.000976563	0.4824219	1.576172	93.90625	116.875	-49.34375	0	0	0	0	0	0	177.7327	102.7246	164.9642	180	0	180
463.2123	0.1347656	0.6894531	-0.7910156	-0.0625	41.90625	-17.34375	-0.000976563	0.4824219	1.576172	93.90625	116.875	-49.34375	0	0	0	0	0	0	180	97.87959	91.26244	180	0	180
463.2454	0.4082031	0.6289063	-0.7988281	37.9375	15.96875	-4.84375	-0.000976563	0.4824219	1.576172	93.90625	116.875	-49.34375	0	0	0	0	0	0	180	97.87959	91.26244	180	0	180
463.2785	0.4082031	0.6289063	-0.7988281	37.9375	15.96875	-4.84375	-0.000976563	0.4824219	1.576172	93.90625	116.875	-49.34375	0	0	0	0	0	0	180	97.87959	91.26244	180	0	180
463.3125	0.4082031	0.6289063	-0.7988281	37.9375	15.96875	-4.84375	-0.000976563	0.4824219	1.576172	93.90625	116.875	-49.34375	0	0	0	0	0	0	180	97.87959	91.26244	180	0	180
463.3456	0.0546875	0.7617188	-0.7519531	-21.6875	21.53125	-34.625	-0.000976563	0.4824219	1.576172	93.90625	116.875	-49.34375	0	0	0	0	0	0	180	97.87959	91.26244	180	0	180
463.3788	0.0546875	0.7617188	-0.7519531	-21.6875	21.53125	-34.625	-0.000976563	0.4824219	1.576172	93.90625	116.875	-49.34375	0	0	0	0	0	0	180	97.87959	91.26244	180	0	180
463.3815	0.0546875	0.7617188	-0.7519531	-21.6875	21.53125	-34.625	-0.000976563	0.4824219	1.576172	93.90625	116.875	-49.34375	0	0	0	0	0	0	180	97.87959	91.26244	180	0	180
463.4124	0.1230469	1.237305	-1.538086	-76.125	25.1875	-35.34375	-0.000976563	0.4824219	1.576172	93.90625	116.875	-49.34375	0	0	0	0	0	0	180	97.87959	91.26244	180	0	180
463.4457	0.2626953	1.78125	-1.572266	-75.5625	18	-27.0625	-0.000976563	0.4824219	1.576172	93.90625	116.875	-49.34375	0	0	0	0	0	0	180	97.87959	91.26244	180	0	180
463.4797	0.2626953	1.78125	-1.572266	-75.5625	18	-27.0625	-0.000976563	0.4824219	1.576172	93.90625	116.875	-49.34375	0	0	0	0	0	0	180	97.87959	91.26244	180	0	180
463.5124	0.2626953	1.78125	-1.572266	-75.5625	18	-27.0625	-0.000976563	0.4824219	1.576172	93.90625	116.875	-49.34375	0	0	0	0	0	0	180	97.87959	91.26244	180	0	180
463.5459	0.2626953	1.78125	-1.572266	-75.5625	18	-27.0625	0.8027344	1.999023	-0.6064453	-257.5938	234.125	117.7813	0	0	0	0	0	0	180	97.87959	91.26244	180	0	180
463.5803	-0.04101563	0.6357422	-0.05175781	-93.71875	25.3125	-1.71875	0.8027344	1.999023	-0.6064453	-257.5938	234.125	117.7813	0	0	0	0	0	0	180	97.87959	91.26244	180	0	180
463.6126	-0.04101563	0.6357422	-0.05175781	-93.71875	25.3125	-1.71875	0.8027344	1.999023	-0.6064453	-257.5938	234.125	117.7813	0	0	0	0	0	0	180	97.87959	91.26244	180	0	180
463.6459	0.1679688	0.7998047	-0.2236328	-96.09375	-7.15625	-28.03125	0.8027344	1.999023	-0.6064453	-257.5938	234.125	117.7813	0	0	0	0	0	0	180	97.87959	91.26244	180	0	180
463.6803	0.1679688	0.7998047	-0.2236328	-96.09375	-7.15625	-28.03125	0.8027344	1.999023	-0.6064453	-257.5938	234.125	117.7813	0	0	0	0	0	0	180	97.87959	91.26244	180	0	180
463.7124	0.1679688	0.7998047	-0.2236328	-96.09375	-7.15625	-28.03125	0.8027344	1.999023	-0.6064453	-257.5938	234.125	117.7813	0	0	0	0	0	0	180	97.87959	91.26244	180	0	180
463.7456	0.2519531	0.9521484	-0.2744141	-43.65625	-21.75	-0.6875	0.8027344	1.999023	-0.6064453	-257.5938	234.125	117.7813	0	0	0	0	0	0	180	97.87959	91.26244	180	0	180
463.7801	0.2519531	0.9521484	-0.2744141	-43.65625	-21.75	-0.6875	0.8027344	1.999023	-0.6064453	-257.5938	234.125	117.7813	0	0	0	0	0	0	180	97.87959	91.26244	180	0	180
463.8121	0.2519531	0.9521484	-0.2744141	-43.65625	-21.75	-0.6875	0.8027344	1.999023	-0.6064453	-257.5938	234.125	117.7813	0	0	0	0	0	0	180	97.87959	91.26244	180	0	180
