767.3315	0.3681641	0.9228516	0.3164063	-11.25	-13.5625	11.40625	0.5527344	0.8505859	1.793945	-9.78125	-65.5	-13.1875	-0.2304688	1.022461	-0.3408203	23.84375	59.375	-25.34375	112.132	79.36012	186.3305	76.09889	125.4193	165.666
767.3342	0.3681641	0.9228516	0.3164063	-11.25	-13.5625	11.40625	0.5527344	0.8505859	1.793945	-9.78125	-65.5	-13.1875	-0.2304688	1.022461	-0.3408203	23.84375	59.375	-25.34375	112.132	79.36012	186.3305	76.09889	125.4193	165.666
767.3628	0.3681641	0.9228516	0.3164063	-11.25	-13.5625	11.40625	0.5527344	0.8505859	1.793945	-9.78125	-65.5	-13.1875	-0.2304688	1.022461	-0.3408203	23.84375	59.375	-25.34375	112.132	79.36012	186.3305	78.16915	147.703	168.0612
767.3959	0.005859375	0.8476563	0.2949219	8.71875	13.84375	2.71875	0.5527344	0.8505859	1.793945	-9.78125	-65.5	-13.1875	-0.2304688	1.022461	-0.3408203	23.84375	59.375	-25.34375	112.132	79.36012	186.3305	78.16915	147.703	168.0612
767.4297	0.005859375	0.8476563	0.2949219	8.71875	13.84375	2.71875	0.5527344	0.8505859	1.793945	-9.78125	-65.5	-13.1875	0.1015625	0.9101563	-0.6787109	-10.625	1.875	-4.84375	112.0633	82.8681	185.455	78.50984	151.6397	166.3988
767.4623	0.2167969	1.012695	0.2470703	7.96875	-9.96875	-0.875	0.5527344	0.8505859	1.793945	-9.78125	-65.5	-13.1875	0.1015625	0.9101563	-0.6787109	-10.625	1.875	-4.84375	112.0633	82.8681	185.455	78.50984	151.6397	166.3988
767.4958	0.2167969	1.012695	0.2470703	7.96875	-9.96875	-0.875	0.3544922	-0.015625	0.7519531	5.28125	14.6875	4.75	0.1015625	0.9101563	-0.6787109	-10.625	1.875	-4.84375	112.0633	82.8681	185.455	77.86829	145.2514	165.6207
767.5295	0.2167969	1.012695	0.2470703	7.96875	-9.96875	-0.875	0.3544922	-0.015625	0.7519531	5.28125	14.6875	4.75	0.1015625	0.9101563	-0.6787109	-10.625	1.875	-4.84375	112.0633	82.8681	185.455	77.86829	145.2514	165.6207
767.5624	0.2167969	1.012695	0.2470703	7.96875	-9.96875	-0.875	0.6591797	0.1816406	0.7675781	-13.3125	15.84375	-11.71875	-0.05957031	1.082031	-0.4462891	22.03125	-5.15625	-8.0625	112.0633	82.8681	185.455	77.86829	145.2514	165.6207
767.5956	0.2167969	1.012695	0.2470703	7.96875	-9.96875	-0.875	0.6591797	0.1816406	0.7675781	-13.3125	15.84375	-11.71875	-0.05957031	1.082031	-0.4462891	22.03125	-5.15625	-8.0625	112.0633	82.8681	185.455	79.31619	131.9374	163.7176
767.6291	0.2167969	1.012695	0.2470703	7.96875	-9.96875	-0.875	0.6591797	0.1816406	0.7675781	-13.3125	15.84375	-11.71875	0.1591797	0.7734375	-0.4492188	11.40625	25.1875	-2.46875	112.0633	82.8681	185.455	79.31619	131.9374	163.7176
767.6622	0.2167969	1.012695	0.2470703	7.96875	-9.96875	-0.875	0.6591797	0.1816406	0.7675781	-13.3125	15.84375	-11.71875	0.1591797	0.7734375	-0.4492188	11.40625	25.1875	-2.46875	112.0633	82.8681	185.455	79.31619	131.9374	163.7176
767.6955	0.03320313	1.03125	0.1982422	-2.21875	-5.9375	-1.3125	0.6591797	0.1816406	0.7675781	-13.3125	15.84375	-11.71875	0.1591797	0.7734375	-0.4492188	11.40625	25.1875	-2.46875	112.0633	82.8681	185.455	79.31619	131.9374	163.7176
767.7288	0.03320313	1.03125	0.1982422	-2.21875	-5.9375	-1.3125	0.6591797	0.1816406	0.7675781	-13.3125	15.84375	-11.71875	0.140625	0.8818359	-0.3232422	0.65625	-6.84375	-3.0625	112.0633	82.8681	185.455	79.13735	133.3365	163.4376
767.762	0.08984375	0.9511719	0.2119141	2.0625	-1.65625	2.3125	0.4443359	0.171875	0.890625	2.1875	20	7	0.140625	0.8818359	-0.3232422	0.65625	-6.84375	-3.0625	110.2824	90.00517	181.7212	79.13735	133.3365	163.4376
767.7955	0.08984375	0.9511719	0.2119141	2.0625	-1.65625	2.3125	0.4443359	0.171875	0.890625	2.1875	20	7	0.1074219	0.8095703	-0.4882813	-3.125	-5.3125	-1.1875	110.2824	90.00517	181.7212	79.65014	125.8069	157.8093
767.8297	0.0625	0.9853516	0.3164063	7.625	-1.40625	-0.6875	0.4443359	0.171875	0.890625	2.1875	20	7	0.1074219	0.8095703	-0.4882813	-3.125	-5.3125	-1.1875	110.2824	90.00517	181.7212	79.65014	125.8069	157.8093
767.8622	0.0625	0.9853516	0.3164063	7.625	-1.40625	-0.6875	0.4443359	0.171875	0.890625	2.1875	20	7	0.1074219	0.8095703	-0.4882813	-3.125	-5.3125	-1.1875	110.2824	90.00517	181.7212	79.65014	125.8069	157.8093
767.8956	0.0625	0.9853516	0.3164063	7.625	-1.40625	-0.6875	0.4443359	0.171875	0.890625	2.1875	20	7	0.05957031	0.8271484	-0.2285156	-1.40625	-5.375	2.25	109.8072	87.10548	182.3941	78.13157	123.9221	158.4082
767.9292	0.0625	0.9853516	0.3164063	7.625	-1.40625	-0.6875	0.4443359	0.171875	0.890625	2.1875	20	7	0.05957031	0.8271484	-0.2285156	-1.40625	-5.375	2.25	109.8072	87.10548	182.3941	78.13157	123.9221	158.4082
767.9626	0.1142578	0.9755859	0.2441406	11.9375	3.53125	0.40625	0.3925781	0.1181641	0.8007813	-7.59375	16.78125	-2.6875	0.05957031	0.8271484	-0.2285156	-1.40625	-5.375	2.25	110.7685	86.05016	180.1947	78.13157	123.9221	158.4082
767.9955	0.1142578	0.9755859	0.2441406	11.9375	3.53125	0.40625	0.3925781	0.1181641	0.8007813	-7.59375	16.78125	-2.6875	0.1191406	0.9580078	-0.2724609	-1.125	-0.4375	3.15625	110.7685	86.05016	180.1947	78.13157	123.9221	158.4082
768.0295	0.1142578	0.9755859	0.2441406	11.9375	3.53125	0.40625	0.3925781	0.1181641	0.8007813	-7.59375	16.78125	-2.6875	0.1191406	0.9580078	-0.2724609	-1.125	-0.4375	3.15625	110.7685	86.05016	180.1947	82.19014	111.3204	156.3735
768.0623	0.1142578	0.9755859	0.2441406	11.9375	3.53125	0.40625	0.3925781	0.1181641	0.8007813	-7.59375	16.78125	-2.6875	0.1191406	0.9580078	-0.2724609	-1.125	-0.4375	3.15625	110.7685	86.05016	180.1947	82.19014	111.3204	156.3735
768.0954	0.1142578	0.9755859	0.2441406	11.9375	3.53125	0.40625	0.3925781	0.1181641	0.8007813	-7.59375	16.78125	-2.6875	0.1367188	0.9755859	-0.4033203	0.09375	2.1875	1.3125	110.7685	86.05016	180.1947	82.82021	109.5577	156.3916
768.1293	0.1142578	0.9755859	0.2441406	11.9375	3.53125	0.40625	0.3925781	0.1181641	0.8007813	-7.59375	16.78125	-2.6875	0.1367188	0.9755859	-0.4033203	0.09375	2.1875	1.3125	110.7685	86.05016	180.1947	82.82021	109.5577	156.3916
768.1622	0.08007813	0.9589844	0.1308594	7	0.46875	-0.875	0.5009766	0.1601563	0.8085938	1.9375	-3	0.15625	0.1367188	0.9755859	-0.4033203	0.09375	2.1875	1.3125	110.7685	86.05016	180.1947	82.82021	109.5577	156.3916
768.1954	0.08007813	0.9589844	0.1308594	7	0.46875	-0.875	0.5009766	0.1601563	0.8085938	1.9375	-3	0.15625	0.06640625	0.8339844	-0.3730469	0.40625	1.875	0.53125	110.7685	86.05016	180.1947	82.46077	110.7946	156.6208
768.2292	0.03613281	0.8183594	0.1132813	3.34375	3.71875	-0.875	0.5009766	0.1601563	0.8085938	1.9375	-3	0.15625	0.06640625	0.8339844	-0.3730469	0.40625	1.875	0.53125	110.7685	86.05016	180.1947	82.46077	110.7946	156.6208
768.2617	0.03613281	0.8183594	0.1132813	3.34375	3.71875	-0.875	0.5009766	0.1601563	0.8085938	1.9375	-3	0.15625	0.06640625	0.8339844	-0.3730469	0.40625	1.875	0.53125	110.7685	86.05016	180.1947	82.46077	110.7946	156.6208
768.2953	0.03613281	0.8183594	0.1132813	3.34375	3.71875	-0.875	0.4208984	0.2089844	0.8759766	1.03125	-7.59375	-0.6875	0.06640625	0.8339844	-0.3730469	0.40625	1.875	0.53125	110.7685	86.05016	180.1947	82.46077	110.7946	156.6208
768.3293	0.03613281	0.8183594	0.1132813	3.34375	3.71875	-0.875	0.4208984	0.2089844	0.8759766	1.03125	-7.59375	-0.6875	0.0390625	0.8339844	-0.4326172	0.71875	-1.0625	0.09375	110.7685	86.05016	180.1947	82.36749	111.1246	156.8333
768.362	0.03613281	0.8183594	0.1132813	3.34375	3.71875	-0.875	0.4208984	0.2089844	0.8759766	1.03125	-7.59375	-0.6875	0.0390625	0.8339844	-0.4326172	0.71875	-1.0625	0.09375	110.7685	86.05016	180.1947	82.36749	111.1246	156.8333
768.3952	0.03613281	0.8183594	0.1132813	3.34375	3.71875	-0.875	0.4208984	0.2089844	0.8759766	1.03125	-7.59375	-0.6875	0.07714844	0.9628906	-0.2871094	0.21875	-1.40625	1.3125	110.7685	86.05016	180.1947	82.76447	109.2922	156.7947
768.4286	0.03613281	0.8183594	0.1132813	3.34375	3.71875	-0.875	0.4208984	0.2089844	0.8759766	1.03125	-7.59375	-0.6875	0.07714844	0.9628906	-0.2871094	0.21875	-1.40625	1.3125	110.6174	84.99642	183.2929	82.76447	109.2922	156.7947
768.4617	0.1503906	1.049805	0.1484375	14.4375	2.0625	2	0.4208984	0.2089844	0.8759766	1.03125	-7.59375	-0.6875	0.07714844	0.9628906	-0.2871094	0.21875	-1.40625	1.3125	110.6174	84.99642	183.2929	82.76447	109.2922	156.7947
768.495	0.1503906	1.049805	0.1484375	14.4375	2.0625	2	0.4208984	0.2089844	0.8759766	1.03125	-7.59375	-0.6875	0.07714844	0.9628906	-0.2871094	0.21875	-1.40625	1.3125	110.6174	84.99642	183.2929	80.30138	118.4009	159.9023
768.5286	0.1503906	1.049805	0.1484375	14.4375	2.0625	2	0.4208984	0.2089844	0.8759766	1.03125	-7.59375	-0.6875	0.09375	0.9892578	-0.2412109	-1.3125	-1.125	1.09375	110.6174	84.99642	183.2929	80.30138	118.4009	159.9023
768.5616	0.1503906	1.049805	0.1484375	14.4375	2.0625	2	0.4208984	0.2089844	0.8759766	1.03125	-7.59375	-0.6875	0.09375	0.9892578	-0.2412109	-1.3125	-1.125	1.09375	111.2335	86.59258	183.3555	80.30138	118.4009	159.9023
768.5951	0.1503906	1.049805	0.1484375	14.4375	2.0625	2	0.4208984	0.2089844	0.8759766	1.03125	-7.59375	-0.6875	0.1152344	0.8857422	-0.3701172	-0.6875	-1.125	-0.125	111.2335	86.59258	183.3555	80.30138	118.4009	159.9023
768.6288	0.1503906	1.049805	0.1484375	14.4375	2.0625	2	0.4208984	0.2089844	0.8759766	1.03125	-7.59375	-0.6875	0.1152344	0.8857422	-0.3701172	-0.6875	-1.125	-0.125	111.2335	86.59258	183.3555	81.82815	116.527	159.3401
768.6616	0.1503906	1.049805	0.1484375	14.4375	2.0625	2	0.4208984	0.2089844	0.8759766	1.03125	-7.59375	-0.6875	0.1152344	0.8857422	-0.3701172	-0.6875	-1.125	-0.125	111.2335	86.59258	183.3555	81.82815	116.527	159.3401
768.6951	0.1503906	1.049805	0.1484375	14.4375	2.0625	2	0.4208984	0.2089844	0.8759766	1.03125	-7.59375	-0.6875	0.1152344	0.8857422	-0.3701172	-0.6875	-1.125	-0.125	111.2335	86.59258	183.3555	81.82815	116.527	159.3401
768.7285	0.1503906	1.049805	0.1484375	14.4375	2.0625	2	0.4208984	0.2089844	0.8759766	1.03125	-7.59375	-0.6875	0.1269531	0.9101563	-0.4716797	-1.71875	-1.59375	-0.375	111.2335	86.59258	183.3555	82.45339	115.0327	159.4406
768.7618	-0.03710938	0.9316406	0.01171875	7.125	-2.03125	-0.375	0.4208984	0.2089844	0.8759766	1.03125	-7.59375	-0.6875	0.1269531	0.9101563	-0.4716797	-1.71875	-1.59375	-0.375	111.2335	86.59258	183.3555	82.45339	115.0327	159.4406
768.7947	-0.03710938	0.9316406	0.01171875	7.125	-2.03125	-0.375	0.4208984	0.2089844	0.8759766	1.03125	-7.59375	-0.6875	0.1269531	0.9101563	-0.4716797	-1.71875	-1.59375	-0.375	111.2335	86.59258	183.3555	82.63821	113.9549	159.2918
768.8286	-0.03710938	0.9316406	0.01171875	7.125	-2.03125	-0.375	0.4208984	0.2089844	0.8759766	1.03125	-7.59375	-0.6875	0.1806641	0.9238281	-0.3330078	-0.875	1.625	0.71875	111.2335	86.59258	183.3555	82.63821	113.9549	159.2918
768.8617	-0.03710938	0.9316406	0.01171875	7.125	-2.03125	-0.375	0.4208984	0.2089844	0.8759766	1.03125	-7.59375	-0.6875	0.1806641	0.9238281	-0.3330078	-0.875	1.625	0.71875	111.2335	86.59258	183.3555	82.63821	113.9549	159.2918
768.8947	-0.03710938	0.9316406	0.01171875	7.125	-2.03125	-0.375	0.4580078	0.2050781	0.7470703	0.03125	2.1875	-0.625	0.1806641	0.9238281	-0.3330078	-0.875	1.625	0.71875	111.2335	86.59258	183.3555	82.63821	113.9549	159.2918
768.9285	-0.03710938	0.9316406	0.01171875	7.125	-2.03125	-0.375	0.4609375	0.3007813	0.78125	0.21875	-1	-1.3125	0.1142578	0.890625	-0.4091797	0.28125	1.5625	1.5625	111.2335	86.59258	183.3555	82.96429	113.1734	159.2547
768.9617	-0.03710938	0.9316406	0.01171875	7.125	-2.03125	-0.375	0.4609375	0.3007813	0.78125	0.21875	-1	-1.3125	0.1142578	0.890625	-0.4091797	0.28125	1.5625	1.5625	111.2335	86.59258	183.3555	82.96429	113.1734	159.2547
768.9946	-0.03710938	0.9316406	0.01171875	7.125	-2.03125	-0.375	0.4609375	0.3007813	0.78125	0.21875	-1	-1.3125	0.1142578	0.890625	-0.4091797	0.28125	1.5625	1.5625	111.2335	86.59258	183.3555	81.95251	115.4389	159.2595
769.0287	-0.03710938	0.9316406	0.01171875	7.125	-2.03125	-0.375	0.5585938	0.2333984	0.8066406	-1.25	-1.78125	-2.34375	0.1962891	0.8535156	-0.3144531	-0.125	1.03125	0.21875	111.2335	86.59258	183.3555	81.95251	115.4389	159.2595
769.0615	-0.03710938	0.9316406	0.01171875	7.125	-2.03125	-0.375	0.5585938	0.2333984	0.8066406	-1.25	-1.78125	-2.34375	0.1962891	0.8535156	-0.3144531	-0.125	1.03125	0.21875	111.2335	86.59258	183.3555	81.95251	115.4389	159.2595
769.1184	-0.03710938	0.9316406	0.01171875	7.125	-2.03125	-0.375	0.5585938	0.2333984	0.8066406	-1.25	-1.78125	-2.34375	0.1962891	0.8535156	-0.3144531	-0.125	1.03125	0.21875	111.2335	86.59258	183.3555	81.95251	115.4389	159.2595
769.1204	-0.03710938	0.9316406	0.01171875	7.125	-2.03125	-0.375	0.5585938	0.2333984	0.8066406	-1.25	-1.78125	-2.34375	0.1962891	0.8535156	-0.3144531	-0.125	1.03125	0.21875	111.2335	86.59258	183.3555	82.66085	112.9467	159.1413
769.1445	0.1455078	0.9462891	0.1064453	-5.75	0	-1.71875	0.5439453	0.2529297	0.7861328	-0.0625	-3.75	-0.375	0.03710938	0.9541016	-0.359375	-1	2.65625	-0.0625	111.2335	86.59258	183.3555	82.66085	112.9467	159.1413
769.1784	0.1455078	0.9462891	0.1064453	-5.75	0	-1.71875	0.5439453	0.2529297	0.7861328	-0.0625	-3.75	-0.375	0.03710938	0.9541016	-0.359375	-1	2.65625	-0.0625	111.2335	86.59258	183.3555	82.66085	112.9467	159.1413
769.2121	0.1455078	0.9462891	0.1064453	-5.75	0	-1.71875	0.5439453	0.2529297	0.7861328	-0.0625	-3.75	-0.375	0.1162109	0.9316406	-0.3740234	-0.9375	2.125	-1.125	111.2335	86.59258	183.3555	82.86005	112.5171	159.2281
769.2446	0.1455078	0.9462891	0.1064453	-5.75	0	-1.71875	0.5439453	0.2529297	0.7861328	-0.0625	-3.75	-0.375	0.1162109	0.9316406	-0.3740234	-0.9375	2.125	-1.125	111.2335	86.59258	183.3555	82.86005	112.5171	159.2281
769.2784	0.1455078	0.9462891	0.1064453	-5.75	0	-1.71875	0.5439453	0.2529297	0.7861328	-0.0625	-3.75	-0.375	0.1162109	0.9316406	-0.3740234	-0.9375	2.125	-1.125	111.3399	89.31547	183.1707	82.86005	112.5171	159.2281
769.3116	0.1455078	0.9462891	0.1064453	-5.75	0	-1.71875	0.5439453	0.2529297	0.7861328	-0.0625	-3.75	-0.375	0.2294922	0.9912109	-0.2988281	1.09375	1.5	-0.5	111.3399	89.31547	183.1707	83.41753	114.7266	158.3662
769.3448	-0.004882813	1.118164	0.1611328	-9	0.40625	-0.5625	0.5439453	0.2529297	0.7861328	-0.0625	-3.75	-0.375	0.2294922	0.9912109	-0.2988281	1.09375	1.5	-0.5	111.3399	89.31547	183.1707	83.41753	114.7266	158.3662
769.3781	0.0234375	1.039063	0.02832031	-7.03125	-1.46875	0.21875	0.5439453	0.2529297	0.7861328	-0.0625	-3.75	-0.375	0.2294922	0.9912109	-0.2988281	1.09375	1.5	-0.5	111.3399	89.31547	183.1707	83.15393	117.2063	158.6384
769.412	0.0234375	1.039063	0.02832031	-7.03125	-1.46875	0.21875	0.5439453	0.2529297	0.7861328	-0.0625	-3.75	-0.375	0.25	1.068359	-0.4619141	0.96875	1.3125	-0.25	111.1596	89.24046	183.0426	83.15393	117.2063	158.6384
769.4449	0.0234375	1.039063	0.02832031	-7.03125	-1.46875	0.21875	0.5439453	0.2529297	0.7861328	-0.0625	-3.75	-0.375	0.25	1.068359	-0.4619141	0.96875	1.3125	-0.25	111.1596	89.24046	183.0426	83.15393	117.2063	158.6384
769.4783	-0.03222656	0.8271484	0.005859375	-5.25	-0.5	-1.53125	0.5439453	0.2529297	0.7861328	-0.0625	-3.75	-0.375	0.25	1.068359	-0.4619141	0.96875	1.3125	-0.25	111.2444	89.39597	182.8911	82.84933	117.4669	158.672
769.5118	-0.03222656	0.8271484	0.005859375	-5.25	-0.5	-1.53125	0.5439453	0.2529297	0.7861328	-0.0625	-3.75	-0.375	0.1572266	0.9160156	-0.3349609	-0.0625	2.25	0.28125	111.2444	89.39597	182.8911	82.84933	117.4669	158.672
769.5453	-0.03222656	0.8271484	0.005859375	-5.25	-0.5	-1.53125	0.5439453	0.2529297	0.7861328	-0.0625	-3.75	-0.375	0.1572266	0.9160156	-0.3349609	-0.0625	2.25	0.28125	111.2444	89.39597	182.8911	82.84933	117.4669	158.672
769.5781	-0.03222656	0.8271484	0.005859375	-5.25	-0.5	-1.53125	0.4921875	0.2597656	0.7070313	-0.4375	0.21875	0.34375	0.1572266	0.9160156	-0.3349609	-0.0625	2.25	0.28125	111.2444	89.39597	182.8911	83.00954	117.1728	158.6208
769.6118	-0.03222656	0.8271484	0.005859375	-5.25	-0.5	-1.53125	0.4921875	0.2597656	0.7070313	-0.4375	0.21875	0.34375	0.125	0.9257813	-0.3613281	-0.625	0.21875	0.09375	111.2444	89.39597	182.8911	83.00954	117.1728	158.6208
769.6452	0.03515625	0.9414063	0.1611328	-7.71875	0.59375	-0.8125	0.4921875	0.2597656	0.7070313	-0.4375	0.21875	0.34375	0.125	0.9257813	-0.3613281	-0.625	0.21875	0.09375	111.2444	89.39597	182.8911	83.00954	117.1728	158.6208
769.678	0.03515625	0.9414063	0.1611328	-7.71875	0.59375	-0.8125	0.4921875	0.2597656	0.7070313	-0.4375	0.21875	0.34375	0.125	0.9257813	-0.3613281	-0.625	0.21875	0.09375	111.2444	89.39597	182.8911	82.72569	117.8206	158.7661
769.7118	0.03515625	0.9414063	0.1611328	-7.71875	0.59375	-0.8125	0.4921875	0.2597656	0.7070313	-0.4375	0.21875	0.34375	0.1835938	0.9257813	-0.4140625	0.09375	1.15625	0.09375	111.3356	89.66809	182.5836	82.72569	117.8206	158.7661
769.7446	0.03515625	0.9414063	0.1611328	-7.71875	0.59375	-0.8125	0.4921875	0.2597656	0.7070313	-0.4375	0.21875	0.34375	0.1835938	0.9257813	-0.4140625	0.09375	1.15625	0.09375	111.3356	89.66809	182.5836	82.72569	117.8206	158.7661
769.7782	0.03515625	0.9414063	0.1611328	-7.71875	0.59375	-0.8125	0.4921875	0.2597656	0.7070313	-0.4375	0.21875	0.34375	0.1835938	0.9257813	-0.4140625	0.09375	1.15625	0.09375	111.3356	89.66809	182.5836	83.21957	116.5964	158.408
769.8116	0.1679688	0.8896484	0.2363281	-2.46875	0.65625	-0.8125	0.4921875	0.2597656	0.7070313	-0.4375	0.21875	0.34375	0.0859375	0.8955078	-0.3847656	0.03125	1.09375	-1.34375	111.3356	89.66809	182.5836	83.21957	116.5964	158.408
769.8448	0.1679688	0.8896484	0.2363281	-2.46875	0.65625	-0.8125	0.4921875	0.2597656	0.7070313	-0.4375	0.21875	0.34375	0.0859375	0.8955078	-0.3847656	0.03125	1.09375	-1.34375	111.3356	89.66809	182.5836	83.21957	116.5964	158.408
769.8782	0.1679688	0.8896484	0.2363281	-2.46875	0.65625	-0.8125	0.4921875	0.2597656	0.7070313	-0.4375	0.21875	0.34375	0.0859375	0.8955078	-0.3847656	0.03125	1.09375	-1.34375	111.3356	89.66809	182.5836	82.22157	120.0685	158.4103
769.9119	0.02832031	1.024414	0.140625	-5.25	-0.0625	-0.6875	0.4921875	0.2597656	0.7070313	-0.4375	0.21875	0.34375	0.05175781	0.8701172	-0.2958984	-0.5625	0.21875	-0.75	110.4803	90.44397	181.8471	82.22157	120.0685	158.4103
769.9448	0.02832031	1.024414	0.140625	-5.25	-0.0625	-0.6875	0.6269531	0.2529297	0.7490234	0.53125	-0.5625	0.59375	0.05175781	0.8701172	-0.2958984	-0.5625	0.21875	-0.75	110.4803	90.44397	181.8471	82.22157	120.0685	158.4103
769.9784	0.02832031	1.024414	0.140625	-5.25	-0.0625	-0.6875	0.6269531	0.2529297	0.7490234	0.53125	-0.5625	0.59375	0.05175781	0.8701172	-0.2958984	-0.5625	0.21875	-0.75	110.6077	90.40157	181.6243	81.88892	117.6945	157.0366
770.0118	0.02832031	1.024414	0.140625	-5.25	-0.0625	-0.6875	0.5087891	0.1289063	0.7851563	-0.375	0.53125	-0.5	0.1572266	0.8818359	-0.3544922	-0.25	0.21875	0.40625	110.6077	90.40157	181.6243	81.88892	117.6945	157.0366
770.0443	0.02832031	1.024414	0.140625	-5.25	-0.0625	-0.6875	0.5087891	0.1289063	0.7851563	-0.375	0.53125	-0.5	0.1572266	0.8818359	-0.3544922	-0.25	0.21875	0.40625	110.6077	90.40157	181.6243	81.88892	117.6945	157.0366
770.0781	0.02832031	1.024414	0.140625	-5.25	-0.0625	-0.6875	0.5087891	0.1289063	0.7851563	-0.375	0.53125	-0.5	0.1572266	0.8818359	-0.3544922	-0.25	0.21875	0.40625	110.6077	90.40157	181.6243	81.85054	118.065	156.9954
770.1115	0.02832031	1.024414	0.140625	-5.25	-0.0625	-0.6875	0.5087891	0.1289063	0.7851563	-0.375	0.53125	-0.5	0.1572266	0.8818359	-0.3544922	-0.25	0.21875	0.40625	110.6077	90.40157	181.6243	81.85054	118.065	156.9954
770.1446	0.02832031	1.024414	0.140625	-5.25	-0.0625	-0.6875	0.5087891	0.1289063	0.7851563	-0.375	0.53125	-0.5	0.1015625	0.7861328	-0.3925781	-0.5	-1.125	0	110.6077	90.40157	181.6243	81.85054	118.065	156.9954
770.1776	0.02832031	1.024414	0.140625	-5.25	-0.0625	-0.6875	0.5087891	0.1289063	0.7851563	-0.375	0.53125	-0.5	0.1015625	0.7861328	-0.3925781	-0.5	-1.125	0	110.5599	89.80724	182.0239	81.64825	118.6354	157.6336
770.2112	0.02832031	1.024414	0.140625	-5.25	-0.0625	-0.6875	0.5087891	0.1289063	0.7851563	-0.375	0.53125	-0.5	0.03710938	0.7949219	-0.4042969	-0.1875	-0.6875	-0.625	110.5599	89.80724	182.0239	81.64825	118.6354	157.6336
770.2442	0.02832031	1.024414	0.140625	-5.25	-0.0625	-0.6875	0.5087891	0.1289063	0.7851563	-0.375	0.53125	-0.5	0.03710938	0.7949219	-0.4042969	-0.1875	-0.6875	-0.625	110.5599	89.80724	182.0239	81.64825	118.6354	157.6336
770.2778	0.02832031	1.024414	0.140625	-5.25	-0.0625	-0.6875	0.5087891	0.1289063	0.7851563	-0.375	0.53125	-0.5	0.03710938	0.7949219	-0.4042969	-0.1875	-0.6875	-0.625	110.5599	89.80724	182.0239	81.07591	119.5775	157.4087
770.3112	0.02832031	1.024414	0.140625	-5.25	-0.0625	-0.6875	0.5087891	0.1289063	0.7851563	-0.375	0.53125	-0.5	0.1572266	0.9570313	-0.3339844	-1.125	0.28125	0.78125	110.5599	89.80724	182.0239	81.07591	119.5775	157.4087
770.3444	0.02832031	1.024414	0.140625	-5.25	-0.0625	-0.6875	0.5087891	0.1289063	0.7851563	-0.375	0.53125	-0.5	0.1572266	0.9570313	-0.3339844	-1.125	0.28125	0.78125	110.5599	89.80724	182.0239	81.07591	119.5775	157.4087
770.3783	0.04003906	1.035156	0.2431641	-2.625	-0.8125	0.09375	0.5087891	0.1289063	0.7851563	-0.375	0.53125	-0.5	0.1572266	0.9570313	-0.3339844	-1.125	0.28125	0.78125	110.4382	89.77588	182.0044	81.51336	119.0691	157.7168
770.4112	0.04003906	1.035156	0.2431641	-2.625	-0.8125	0.09375	0.453125	0.1572266	0.8017578	0.59375	-0.5625	0.84375	0.1503906	0.8818359	-0.3974609	0.78125	2.25	0.59375	110.4382	89.77588	182.0044	81.51336	119.0691	157.7168
770.4434	0.2197266	1.046875	0.2089844	-1.46875	-0.75	-0.25	0.453125	0.1572266	0.8017578	0.59375	-0.5625	0.84375	0.1503906	0.8818359	-0.3974609	0.78125	2.25	0.59375	110.4382	89.77588	182.0044	81.51336	119.0691	157.7168
770.4776	0.2197266	1.046875	0.2089844	-1.46875	-0.75	-0.25	0.453125	0.1572266	0.8017578	0.59375	-0.5625	0.84375	0.1503906	0.8818359	-0.3974609	0.78125	2.25	0.59375	110.4382	89.77588	182.0044	81.41508	119.1381	157.5369
770.5106	0.2197266	1.046875	0.2089844	-1.46875	-0.75	-0.25	0.453125	0.1572266	0.8017578	0.59375	-0.5625	0.84375	0.1503906	0.8818359	-0.3974609	0.78125	2.25	0.59375	110.4382	89.77588	182.0044	81.41508	119.1381	157.5369
770.5431	0.2197266	1.046875	0.2089844	-1.46875	-0.75	-0.25	0.453125	0.1572266	0.8017578	0.59375	-0.5625	0.84375	0.2763672	0.8193359	-0.2714844	0.09375	1.6875	-1.0625	110.4382	89.77588	182.0044	81.41508	119.1381	157.5369
770.5763	0.2197266	1.046875	0.2089844	-1.46875	-0.75	-0.25	0.453125	0.1572266	0.8017578	0.59375	-0.5625	0.84375	0.2763672	0.8193359	-0.2714844	0.09375	1.6875	-1.0625	110.4382	89.77588	182.0044	81.41508	119.1381	157.5369
770.6099	0.2197266	1.046875	0.2089844	-1.46875	-0.75	-0.25	0.453125	0.1572266	0.8017578	0.59375	-0.5625	0.84375	0.2265625	1	-0.3212891	-1.59375	11.15625	-2.15625	110.4382	89.77588	182.0044	80.96361	120.6733	157.697
770.643	0.2197266	1.046875	0.2089844	-1.46875	-0.75	-0.25	0.453125	0.1572266	0.8017578	0.59375	-0.5625	0.84375	0.2265625	1	-0.3212891	-1.59375	11.15625	-2.15625	110.4382	89.77588	182.0044	80.96361	120.6733	157.697
770.6767	0.2197266	1.046875	0.2089844	-1.46875	-0.75	-0.25	0.453125	0.1572266	0.8017578	0.59375	-0.5625	0.84375	0.2265625	1	-0.3212891	-1.59375	11.15625	-2.15625	110.9519	89.01141	182.0075	81.87416	122.9813	158.7757
770.7106	-0.02441406	0.9892578	0.2402344	-1.96875	-0.3125	-0.75	0.5537109	0.1367188	0.8251953	-0.4375	0.40625	-0.5	0.1572266	0.78125	-0.5146484	-5.15625	33.3125	-11.6875	110.9519	89.01141	182.0075	81.87416	122.9813	158.7757
770.7435	-0.02441406	0.9892578	0.2402344	-1.96875	-0.3125	-0.75	0.5537109	0.1367188	0.8251953	-0.4375	0.40625	-0.5	0.1572266	0.78125	-0.5146484	-5.15625	33.3125	-11.6875	110.9519	89.01141	182.0075	81.87416	122.9813	158.7757
770.7772	0.1445313	0.9082031	0.1455078	-0.875	1.3125	0.59375	0.5537109	0.1367188	0.8251953	-0.4375	0.40625	-0.5	0.1572266	0.78125	-0.5146484	-5.15625	33.3125	-11.6875	110.9519	89.01141	182.0075	81.2346	132.3669	159.2011
770.8111	0.1445313	0.9082031	0.1455078	-0.875	1.3125	0.59375	0.5537109	0.1367188	0.8251953	-0.4375	0.40625	-0.5	0.1455078	0.8876953	-0.3720703	4.1875	-16.96875	-4.71875	110.9519	89.01141	182.0075	81.2346	132.3669	159.2011
770.8436	0.1445313	0.9082031	0.1455078	-0.875	1.3125	0.59375	0.5537109	0.1367188	0.8251953	-0.4375	0.40625	-0.5	0.1455078	0.8876953	-0.3720703	4.1875	-16.96875	-4.71875	110.9519	89.01141	182.0075	81.2346	132.3669	159.2011
770.8772	0.1445313	0.9082031	0.1455078	-0.875	1.3125	0.59375	0.5693359	0.2363281	0.7597656	-0.375	-0.75	0.71875	0.1455078	0.8876953	-0.3720703	4.1875	-16.96875	-4.71875	111.3602	88.44136	182.0607	83.0619	123.616	157.6555
770.9104	0.1445313	0.9082031	0.1455078	-0.875	1.3125	0.59375	0.5693359	0.2363281	0.7597656	-0.375	-0.75	0.71875	0.1757813	0.7626953	-0.6279297	11.59375	17.5625	-4.90625	111.478	88.294	182.3659	83.0619	123.616	157.6555
770.9434	0.1445313	0.9082031	0.1455078	-0.875	1.3125	0.59375	0.5693359	0.2363281	0.7597656	-0.375	-0.75	0.71875	0.1757813	0.7626953	-0.6279297	11.59375	17.5625	-4.90625	111.478	88.294	182.3659	83.0619	123.616	157.6555
770.9766	0.1445313	0.9082031	0.1455078	-0.875	1.3125	0.59375	0.5693359	0.2363281	0.7597656	-0.375	-0.75	0.71875	0.1757813	0.7626953	-0.6279297	11.59375	17.5625	-4.90625	111.478	88.294	182.3659	79.52086	131.4007	157.3523
771.0103	0.1445313	0.9082031	0.1455078	-0.875	1.3125	0.59375	0.5224609	0.2773438	0.8095703	0.09375	-1.34375	-2.09375	-0.2666016	1.012695	-0.2158203	44.1875	-29.5	-2.59375	111.478	88.294	182.3659	79.52086	131.4007	157.3523
771.0434	0.1445313	0.9082031	0.1455078	-0.875	1.3125	0.59375	0.5224609	0.2773438	0.8095703	0.09375	-1.34375	-2.09375	-0.2666016	1.012695	-0.2158203	44.1875	-29.5	-2.59375	111.478	88.294	182.3659	79.52086	131.4007	157.3523
771.0764	0.1445313	0.9082031	0.1455078	-0.875	1.3125	0.59375	0.5224609	0.2773438	0.8095703	0.09375	-1.34375	-2.09375	-0.2666016	1.012695	-0.2158203	44.1875	-29.5	-2.59375	111.478	88.294	182.3659	78.43498	118.2459	155.84
771.1105	0.1445313	0.9082031	0.1455078	-0.875	1.3125	0.59375	0.5224609	0.2773438	0.8095703	0.09375	-1.34375	-2.09375	-0.2324219	0.9892578	-0.4296875	79.75	89.09375	-73.9375	111.478	88.294	182.3659	78.43498	118.2459	155.84
771.1435	-0.04101563	0.9560547	0.1123047	34.40625	-7.21875	1.875	0.5224609	0.2773438	0.8095703	0.09375	-1.34375	-2.09375	-0.2324219	0.9892578	-0.4296875	79.75	89.09375	-73.9375	111.478	88.294	182.3659	78.43498	118.2459	155.84
771.1767	-0.04101563	0.9560547	0.1123047	34.40625	-7.21875	1.875	0.5732422	0.3076172	0.7519531	2.0625	6.09375	6.40625	-0.2324219	0.9892578	-0.4296875	79.75	89.09375	-73.9375	111.5844	88.32063	181.8028	68.4026	137.108	157.4266
771.2108	-0.04101563	0.9560547	0.1123047	34.40625	-7.21875	1.875	0.5732422	0.3076172	0.7519531	2.0625	6.09375	6.40625	0.15625	0.640625	-0.5175781	66.5	26.03125	13.96875	111.5844	88.32063	181.8028	68.4026	137.108	157.4266
771.2432	0.2070313	0.9052734	0.03320313	72.1875	-6.375	2.5	0.5732422	0.3076172	0.7519531	2.0625	6.09375	6.40625	0.15625	0.640625	-0.5175781	66.5	26.03125	13.96875	111.5844	88.32063	181.8028	68.4026	137.108	157.4266
771.2765	0.2070313	0.9052734	0.03320313	72.1875	-6.375	2.5	0.5732422	0.3076172	0.7519531	2.0625	6.09375	6.40625	0.15625	0.640625	-0.5175781	66.5	26.03125	13.96875	111.5844	88.32063	181.8028	54.6319	150.294	158.1616
771.3109	0.2070313	0.9052734	0.03320313	72.1875	-6.375	2.5	0.5732422	0.3076172	0.7519531	2.0625	6.09375	6.40625	0.3535156	0.5703125	-0.9326172	92.15625	25.9375	31.1875	111.5844	88.32063	181.8028	54.6319	150.294	158.1616
771.3433	0.2070313	0.9052734	0.03320313	72.1875	-6.375	2.5	0.5732422	0.3076172	0.7519531	2.0625	6.09375	6.40625	0.3535156	0.5703125	-0.9326172	92.15625	25.9375	31.1875	111.5844	88.32063	181.8028	54.6319	150.294	158.1616
771.3765	0.2070313	0.9052734	0.03320313	72.1875	-6.375	2.5	0.5732422	0.3076172	0.7519531	2.0625	6.09375	6.40625	0.3535156	0.5703125	-0.9326172	92.15625	25.9375	31.1875	111.1405	87.57607	181.2309	40.24829	155.7999	160.6945
771.4104	0.2070313	0.9052734	0.03320313	72.1875	-6.375	2.5	0.5732422	0.3076172	0.7519531	2.0625	6.09375	6.40625	0.4013672	0.65625	-0.9277344	37.28125	-6.5	30.0625	110.8636	85.98405	181.5693	40.24829	155.7999	160.6945
771.4431	0.2070313	0.9052734	0.03320313	72.1875	-6.375	2.5	0.5732422	0.3076172	0.7519531	2.0625	6.09375	6.40625	0.4013672	0.65625	-0.9277344	37.28125	-6.5	30.0625	110.8636	85.98405	181.5693	40.24829	155.7999	160.6945
771.4766	0.1328125	0.9541016	-0.1933594	21.21875	-0.4375	19.34375	0.3876953	0.1298828	0.7949219	2.5	20.3125	2.3125	0.4013672	0.65625	-0.9277344	37.28125	-6.5	30.0625	110.8636	85.98405	181.5693	33.10277	156.7567	163.1129
771.5098	0.1328125	0.9541016	-0.1933594	21.21875	-0.4375	19.34375	0.3876953	0.1298828	0.7949219	2.5	20.3125	2.3125	0.2763672	0.4863281	-1.098633	17.125	-7.21875	-31.375	110.8636	85.98405	181.5693	33.10277	156.7567	163.1129
771.5429	0.1328125	0.9541016	-0.1933594	21.21875	-0.4375	19.34375	0.3876953	0.1298828	0.7949219	2.5	20.3125	2.3125	0.2763672	0.4863281	-1.098633	17.125	-7.21875	-31.375	110.8636	85.98405	181.5693	33.10277	156.7567	163.1129
771.5765	0.1328125	0.9541016	-0.1933594	21.21875	-0.4375	19.34375	0.3876953	0.1298828	0.7949219	2.5	20.3125	2.3125	0.2763672	0.4863281	-1.098633	17.125	-7.21875	-31.375	110.8636	85.98405	181.5693	30.9079	153.9948	159.3367
771.61	0.1328125	0.9541016	-0.1933594	21.21875	-0.4375	19.34375	0.3876953	0.1298828	0.7949219	2.5	20.3125	2.3125	-0.3095703	0.9042969	-1.118164	-27.65625	-43.96875	22.5625	110.8636	85.98405	181.5693	30.9079	153.9948	159.3367
771.6432	0.1328125	0.9541016	-0.1933594	21.21875	-0.4375	19.34375	0.3876953	0.1298828	0.7949219	2.5	20.3125	2.3125	-0.3095703	0.9042969	-1.118164	-27.65625	-43.96875	22.5625	110.8636	85.98405	181.5693	30.9079	153.9948	159.3367
771.6763	0.1328125	0.9541016	-0.1933594	21.21875	-0.4375	19.34375	0.3876953	0.1298828	0.7949219	2.5	20.3125	2.3125	-0.3095703	0.9042969	-1.118164	-27.65625	-43.96875	22.5625	110.7422	82.90259	186.1376	38.75213	147.6687	156.8179
771.7099	0.1328125	0.9541016	-0.1933594	21.21875	-0.4375	19.34375	0.3876953	0.1298828	0.7949219	2.5	20.3125	2.3125	-0.2597656	1.8125	0.2705078	-3.96875	5.90625	-32.25	114.287	87.70487	178.6424	38.75213	147.6687	156.8179
771.7427	0.3886719	0.9951172	-0.9882813	242.6563	-16.5625	3.03125	0.3876953	0.1298828	0.7949219	2.5	20.3125	2.3125	-0.2597656	1.8125	0.2705078	-3.96875	5.90625	-32.25	114.287	87.70487	178.6424	38.75213	147.6687	156.8179
771.7765	0.3886719	0.9951172	-0.9882813	242.6563	-16.5625	3.03125	0.3876953	0.1298828	0.7949219	2.5	20.3125	2.3125	-0.2597656	1.8125	0.2705078	-3.96875	5.90625	-32.25	114.287	87.70487	178.6424	66.56588	114.5373	139.6131
771.8098	0.3886719	0.9951172	-0.9882813	242.6563	-16.5625	3.03125	0.3876953	0.1298828	0.7949219	2.5	20.3125	2.3125	1.413086	1.999023	0.2060547	160.0313	90.6875	13.90625	120.4905	81.03715	177.6689	66.56588	114.5373	139.6131
771.8429	0.3886719	0.9951172	-0.9882813	242.6563	-16.5625	3.03125	0.3876953	0.1298828	0.7949219	2.5	20.3125	2.3125	1.413086	1.999023	0.2060547	160.0313	90.6875	13.90625	120.4905	81.03715	177.6689	66.56588	114.5373	139.6131
771.8762	0.3886719	0.9951172	-0.9882813	242.6563	-16.5625	3.03125	0.3681641	0.4638672	0.6640625	97.34375	-18.15625	-50.4375	1.413086	1.999023	0.2060547	160.0313	90.6875	13.90625	120.4905	81.03715	177.6689	69.8704	115.4246	149.2001
771.91	0.08007813	1.124023	-1.30957	0	7	-19.3125	0.3681641	0.4638672	0.6640625	97.34375	-18.15625	-50.4375	-0.5878906	0.9111328	-1.026367	-276.6875	59.25	-3.625	120.4905	81.03715	177.6689	69.8704	115.4246	149.2001
771.9432	0.08007813	1.124023	-1.30957	0	7	-19.3125	0.3681641	0.4638672	0.6640625	97.34375	-18.15625	-50.4375	-0.5878906	0.9111328	-1.026367	-276.6875	59.25	-3.625	120.4905	81.03715	177.6689	69.8704	115.4246	149.2001
771.9764	0.08007813	1.124023	-1.30957	0	7	-19.3125	0.3681641	0.4638672	0.6640625	97.34375	-18.15625	-50.4375	-0.5878906	0.9111328	-1.026367	-276.6875	59.25	-3.625	120.4905	81.03715	177.6689	102.7265	53.4208	144.2812
772.0096	0.08007813	1.124023	-1.30957	0	7	-19.3125	0.3681641	0.4638672	0.6640625	97.34375	-18.15625	-50.4375	-0.5878906	0.9111328	-1.026367	-276.6875	59.25	-3.625	150.1831	73.29784	176.1725	102.7265	53.4208	144.2812
772.043	0.08007813	1.124023	-1.30957	0	7	-19.3125	0.3681641	0.4638672	0.6640625	97.34375	-18.15625	-50.4375	0.2021484	0.9550781	-1.688477	-517.3438	26.21875	30.4375	150.1831	73.29784	176.1725	102.7265	53.4208	144.2812
772.0767	0.08007813	1.124023	-1.30957	0	7	-19.3125	0.3681641	0.4638672	0.6640625	97.34375	-18.15625	-50.4375	0.2021484	0.9550781	-1.688477	-517.3438	26.21875	30.4375	150.1831	73.29784	176.1725	154.2598	341.7382	158.9962
772.1097	0.08007813	1.124023	-1.30957	0	7	-19.3125	0.3681641	0.4638672	0.6640625	97.34375	-18.15625	-50.4375	0.8193359	-0.2177734	-2	211.4063	-95.28125	309.9688	172.002	65.61845	171.9164	154.2598	341.7382	158.9962
772.1428	0.08007813	1.124023	-1.30957	0	7	-19.3125	0.3681641	0.4638672	0.6640625	97.34375	-18.15625	-50.4375	0.8193359	-0.2177734	-2	211.4063	-95.28125	309.9688	172.002	65.61845	171.9164	154.2598	341.7382	158.9962
772.1761	0.08007813	1.124023	-1.30957	0	7	-19.3125	-0.1904297	1.18457	0.1171875	141.0938	-101.75	-91.09375	0.8193359	-0.2177734	-2	211.4063	-95.28125	309.9688	172.002	65.61845	171.9164	157.6216	347.4505	166.5951
772.2098	0.08007813	1.124023	-1.30957	0	7	-19.3125	1.305664	1.561523	0.6621094	130.7813	-39.75	-135.3438	-2	-1.915039	1.999023	185.9063	144.75	-257.9375	172.002	65.61845	171.9164	157.6216	347.4505	166.5951
772.2428	0.08007813	1.124023	-1.30957	0	7	-19.3125	1.305664	1.561523	0.6621094	130.7813	-39.75	-135.3438	-2	-1.915039	1.999023	185.9063	144.75	-257.9375	172.002	65.61845	171.9164	157.6216	347.4505	166.5951
772.2762	0.3398438	0.09765625	-0.2666016	-90.65625	-22.46875	-70.21875	1.305664	1.561523	0.6621094	130.7813	-39.75	-135.3438	-2	-1.915039	1.999023	185.9063	144.75	-257.9375	172.002	65.61845	171.9164	138.9892	358.1542	163.6648
772.3098	0.3398438	0.09765625	-0.2666016	-90.65625	-22.46875	-70.21875	1.305664	1.561523	0.6621094	130.7813	-39.75	-135.3438	-0.03320313	1.024414	-0.1347656	188.8125	-86.8125	-132.3438	172.002	65.61845	171.9164	138.9892	358.1542	163.6648
772.3427	0.02148438	1.155273	-0.9941406	55.65625	40.4375	40.6875	1.305664	1.561523	0.6621094	130.7813	-39.75	-135.3438	-0.03320313	1.024414	-0.1347656	188.8125	-86.8125	-132.3438	172.002	65.61845	171.9164	138.9892	358.1542	163.6648
772.376	0.02148438	1.155273	-0.9941406	55.65625	40.4375	40.6875	1.305664	1.561523	0.6621094	130.7813	-39.75	-135.3438	-0.03320313	1.024414	-0.1347656	188.8125	-86.8125	-132.3438	187.0909	68.59352	177.2767	140.6175	355.3017	159.3796
772.4095	0.008789063	0.7119141	-0.1513672	-74.40625	19.03125	-15.28125	1.305664	1.561523	0.6621094	130.7813	-39.75	-135.3438	0.3505859	0.9882813	0.5771484	27.5	-146.875	31.1875	187.0909	68.59352	177.2767	140.6175	355.3017	159.3796
772.4423	0.008789063	0.7119141	-0.1513672	-74.40625	19.03125	-15.28125	-0.4052734	1.453125	-0.5673828	-205.1563	26.28125	96.40625	0.3505859	0.9882813	0.5771484	27.5	-146.875	31.1875	187.0909	68.59352	177.2767	140.6175	355.3017	159.3796
772.4757	0.008789063	0.7119141	-0.1513672	-74.40625	19.03125	-15.28125	-0.4052734	1.453125	-0.5673828	-205.1563	26.28125	96.40625	0.3505859	0.9882813	0.5771484	27.5	-146.875	31.1875	173.774	65.36935	181.3325	135.9007	355.508	164.9412
772.5099	0.008789063	0.7119141	-0.1513672	-74.40625	19.03125	-15.28125	-0.4052734	1.453125	-0.5673828	-205.1563	26.28125	96.40625	0.5869141	1.525391	1.305664	208.7188	-53.25	-26.0625	173.774	65.36935	181.3325	135.9007	355.508	164.9412
772.5427	0.008789063	0.7119141	-0.1513672	-74.40625	19.03125	-15.28125	-0.4052734	1.453125	-0.5673828	-205.1563	26.28125	96.40625	0.5869141	1.525391	1.305664	208.7188	-53.25	-26.0625	173.774	65.36935	181.3325	135.9007	355.508	164.9412
772.5761	0.008789063	0.7119141	-0.1513672	-74.40625	19.03125	-15.28125	-0.4052734	1.453125	-0.5673828	-205.1563	26.28125	96.40625	0.5869141	1.525391	1.305664	208.7188	-53.25	-26.0625	173.774	65.36935	181.3325	119.0744	12.96448	157.6947
772.6096	0.008789063	0.7119141	-0.1513672	-74.40625	19.03125	-15.28125	-0.4052734	1.453125	-0.5673828	-205.1563	26.28125	96.40625	1.999023	1.779297	-2	141.3438	-119.4688	21.34375	173.774	65.36935	181.3325	119.0744	12.96448	157.6947
772.6427	0.008789063	0.7119141	-0.1513672	-74.40625	19.03125	-15.28125	0.3916016	-0.09375	1.985352	-144.9063	-54.59375	24.875	1.999023	1.779297	-2	141.3438	-119.4688	21.34375	173.774	65.36935	181.3325	119.0744	12.96448	157.6947
772.6757	0.0546875	1.999023	-0.3417969	41.1875	30.5	-5.03125	2.007813	-1.032227	1.452148	-94.9375	-267.2813	-9.96875	1.999023	1.779297	-2	141.3438	-119.4688	21.34375	173.774	65.36935	181.3325	116.3431	352.4637	153.5674
772.7098	0.0546875	1.999023	-0.3417969	41.1875	30.5	-5.03125	2.007813	-1.032227	1.452148	-94.9375	-267.2813	-9.96875	0.01757813	-0.06347656	-0.4619141	-337.25	-88.875	-67.9375	173.774	65.36935	181.3325	116.3431	352.4637	153.5674
772.7427	0.0546875	1.999023	-0.3417969	41.1875	30.5	-5.03125	2.007813	-1.032227	1.452148	-94.9375	-267.2813	-9.96875	0.01757813	-0.06347656	-0.4619141	-337.25	-88.875	-67.9375	173.774	65.36935	181.3325	116.3431	352.4637	153.5674
772.7758	0.0546875	1.999023	-0.3417969	41.1875	30.5	-5.03125	2.007813	-1.032227	1.452148	-94.9375	-267.2813	-9.96875	0.01757813	-0.06347656	-0.4619141	-337.25	-88.875	-67.9375	173.774	65.36935	181.3325	142.7381	347.425	164.6992
772.8247	0.0546875	1.999023	-0.3417969	41.1875	30.5	-5.03125	2.007813	-1.032227	1.452148	-94.9375	-267.2813	-9.96875	0.1572266	0.7919922	-2	-358.3438	24.15625	-18.4375	173.774	65.36935	181.3325	142.7381	347.425	164.6992
772.8428	0.0546875	1.999023	-0.3417969	41.1875	30.5	-5.03125	2.007813	-1.032227	1.452148	-94.9375	-267.2813	-9.96875	0.1572266	0.7919922	-2	-358.3438	24.15625	-18.4375	173.774	65.36935	181.3325	142.7381	347.425	164.6992
772.8757	0.0546875	1.999023	-0.3417969	41.1875	30.5	-5.03125	2.007813	-1.032227	1.452148	-94.9375	-267.2813	-9.96875	0.1572266	0.7919922	-2	-358.3438	24.15625	-18.4375	194.7102	75.48565	175.838	142.7381	347.425	164.6992
772.9092	0.0546875	1.999023	-0.3417969	41.1875	30.5	-5.03125	2.007813	-1.032227	1.452148	-94.9375	-267.2813	-9.96875	0.3300781	-1.791016	-2	194.625	55.84375	350.0938	194.7102	75.48565	175.838	199.3614	315.1289	180.7628
772.9422	0.4101563	0.1816406	0	-7.78125	7.90625	0.96875	2.007813	-1.032227	1.452148	-94.9375	-267.2813	-9.96875	0.3300781	-1.791016	-2	194.625	55.84375	350.0938	194.7102	75.48565	175.838	199.3614	315.1289	180.7628
772.9755	0.4101563	0.1816406	0	-7.78125	7.90625	0.96875	2.007813	-1.032227	1.452148	-94.9375	-267.2813	-9.96875	0.3300781	-1.791016	-2	194.625	55.84375	350.0938	208.2985	76.84035	179.0843	186.9667	304.9803	169.9959
773.0098	0.4101563	0.1816406	0	-7.78125	7.90625	0.96875	0.1494141	1.475586	0.8457031	58.9375	-25.28125	-59.40625	0.3300781	-1.791016	-2	194.625	55.84375	350.0938	208.2985	76.84035	179.0843	186.9667	304.9803	169.9959
773.0421	0.4101563	0.1816406	0	-7.78125	7.90625	0.96875	0.1494141	1.475586	0.8457031	58.9375	-25.28125	-59.40625	-0.4892578	-1.15625	-0.6962891	-164.25	26.65625	-35.96875	208.2985	76.84035	179.0843	186.9667	304.9803	169.9959
773.0759	0.4101563	0.1816406	0	-7.78125	7.90625	0.96875	0.1494141	1.475586	0.8457031	58.9375	-25.28125	-59.40625	-0.4892578	-1.15625	-0.6962891	-164.25	26.65625	-35.96875	202.1813	81.77974	185.0399	186.9667	304.9803	169.9959
773.1091	0.4101563	0.1816406	0	-7.78125	7.90625	0.96875	0.1494141	1.475586	0.8457031	58.9375	-25.28125	-59.40625	-0.4892578	-1.15625	-0.6962891	-164.25	26.65625	-35.96875	202.1813	81.77974	185.0399	186.9667	304.9803	169.9959
773.1419	0.4101563	0.1816406	0	-7.78125	7.90625	0.96875	0.1494141	1.475586	0.8457031	58.9375	-25.28125	-59.40625	0.4804688	0.2753906	-0.8427734	17.8125	-3.96875	138.1563	202.1813	81.77974	185.0399	186.9667	304.9803	169.9959
773.1753	0.4101563	0.1816406	0	-7.78125	7.90625	0.96875	0.1494141	1.475586	0.8457031	58.9375	-25.28125	-59.40625	0.4804688	0.2753906	-0.8427734	17.8125	-3.96875	138.1563	202.1813	81.77974	185.0399	163.4048	301.0543	161.3171
773.2093	0.4101563	0.1816406	0	-7.78125	7.90625	0.96875	0.1494141	1.475586	0.8457031	58.9375	-25.28125	-59.40625	0.1806641	1.054688	-0.1972656	46.75	-89.90625	11.53125	202.1813	81.77974	185.0399	158.0728	293.4293	158.406
773.2425	0.4101563	0.1816406	0	-7.78125	7.90625	0.96875	-0.9316406	1.682617	-1.099609	-179.9375	267.4375	70.78125	0.1806641	1.054688	-0.1972656	46.75	-89.90625	11.53125	202.1813	81.77974	185.0399	158.0728	293.4293	158.406
773.275	0.4101563	0.1816406	0	-7.78125	7.90625	0.96875	-0.9316406	1.682617	-1.099609	-179.9375	267.4375	70.78125	0.1806641	1.054688	-0.1972656	46.75	-89.90625	11.53125	202.1813	81.77974	185.0399	158.839	291.6757	154.4849
773.3087	0.4101563	0.1816406	0	-7.78125	7.90625	0.96875	-0.9316406	1.682617	-1.099609	-179.9375	267.4375	70.78125	0.1806641	1.054688	-0.1972656	46.75	-89.90625	11.53125	173.4236	54.60062	183.3049	158.839	291.6757	154.4849
773.3417	0.4101563	0.1816406	0	-7.78125	7.90625	0.96875	-0.5664063	0.5263672	-1.116211	-33.78125	23.25	77.75	-1.254883	1.999023	0.9667969	208.3125	70.78125	-49.625	173.4236	54.60062	183.3049	158.839	291.6757	154.4849
773.3752	-0.2744141	0.09082031	0.2177734	-64.21875	97.09375	-49.03125	-0.5664063	0.5263672	-1.116211	-33.78125	23.25	77.75	-1.254883	1.999023	0.9667969	208.3125	70.78125	-49.625	173.4236	54.60062	183.3049	119.7218	327.6156	150.6876
773.4086	-0.2744141	0.09082031	0.2177734	-64.21875	97.09375	-49.03125	-0.5664063	0.5263672	-1.116211	-33.78125	23.25	77.75	-1.254883	1.999023	0.9667969	208.3125	70.78125	-49.625	178.2722	49.09316	180.7583	119.7218	327.6156	150.6876
773.4418	-0.2744141	0.09082031	0.2177734	-64.21875	97.09375	-49.03125	-0.5664063	0.5263672	-1.116211	-33.78125	23.25	77.75	1.703125	-0.7255859	-1.250977	20.8125	506.8125	-196.8438	178.2722	49.09316	180.7583	119.7218	327.6156	150.6876
773.4753	-0.2744141	0.09082031	0.2177734	-64.21875	97.09375	-49.03125	-0.5664063	0.5263672	-1.116211	-33.78125	23.25	77.75	1.703125	-0.7255859	-1.250977	20.8125	506.8125	-196.8438	178.2722	49.09316	180.7583	125.3688	291.8476	146.9653
773.5086	-0.2744141	0.09082031	0.2177734	-64.21875	97.09375	-49.03125	-0.5664063	0.5263672	-1.116211	-33.78125	23.25	77.75	1.703125	-0.7255859	-1.250977	20.8125	506.8125	-196.8438	178.2722	49.09316	180.7583	125.3688	291.8476	146.9653
773.5417	-0.2744141	0.09082031	0.2177734	-64.21875	97.09375	-49.03125	-0.5664063	0.5263672	-1.116211	-33.78125	23.25	77.75	1.999023	-0.265625	-0.9960938	-441.7188	2	-110.4375	178.2722	49.09316	180.7583	125.3688	291.8476	146.9653
773.575	-0.2744141	0.09082031	0.2177734	-64.21875	97.09375	-49.03125	2.007813	0.4853516	-1.472656	-328.5	-636.8438	-21.0625	1.297852	-0.4394531	-2	-251.9688	331.2188	-246.0625	178.2722	49.09316	180.7583	125.3688	291.8476	146.9653
773.6086	-0.2744141	0.09082031	0.2177734	-64.21875	97.09375	-49.03125	2.007813	0.4853516	-1.472656	-328.5	-636.8438	-21.0625	1.297852	-0.4394531	-2	-251.9688	331.2188	-246.0625	178.2722	49.09316	180.7583	147.4626	259.0686	160.6185
773.6416	-0.2744141	0.09082031	0.2177734	-64.21875	97.09375	-49.03125	2.007813	0.4853516	-1.472656	-328.5	-636.8438	-21.0625	1.113281	0.6044922	-2	-268.9375	466.4063	-177.625	178.2722	49.09316	180.7583	147.4626	259.0686	160.6185
773.6748	-0.2744141	0.09082031	0.2177734	-64.21875	97.09375	-49.03125	2.007813	0.4853516	-1.472656	-328.5	-636.8438	-21.0625	1.113281	0.6044922	-2	-268.9375	466.4063	-177.625	180.4743	62.54067	179.1181	169.0681	238.6796	179.241
773.7089	-0.2744141	0.09082031	0.2177734	-64.21875	97.09375	-49.03125	0.9414063	0.9375	-0.7900391	24.875	-235.9688	-44.21875	1.113281	0.6044922	-2	-268.9375	466.4063	-177.625	180.4743	62.54067	179.1181	169.0681	238.6796	179.241
773.7413	-0.2744141	0.09082031	0.2177734	-64.21875	97.09375	-49.03125	0.9414063	0.9375	-0.7900391	24.875	-235.9688	-44.21875	0.2314453	1.053711	-1.192383	-359.9375	124.3125	133.5313	180.4743	62.54067	179.1181	169.0681	238.6796	179.241
773.7755	-0.2832031	1.999023	-0.3027344	17.875	109.4688	-57.8125	0.9414063	0.9375	-0.7900391	24.875	-235.9688	-44.21875	0.2314453	1.053711	-1.192383	-359.9375	124.3125	133.5313	193.8278	77.54345	174.8923	169.0681	238.6796	179.241
773.8089	-0.2832031	1.999023	-0.3027344	17.875	109.4688	-57.8125	0.9414063	0.9375	-0.7900391	24.875	-235.9688	-44.21875	0.2314453	1.053711	-1.192383	-359.9375	124.3125	133.5313	193.8278	77.54345	174.8923	171.5505	222.9153	189.4772
773.8425	-0.2832031	1.999023	-0.3027344	17.875	109.4688	-57.8125	0.9414063	0.9375	-0.7900391	24.875	-235.9688	-44.21875	0.2314453	1.053711	-1.192383	-359.9375	124.3125	133.5313	193.8278	77.54345	174.8923	171.5505	222.9153	189.4772
773.876	-0.2832031	1.999023	-0.3027344	17.875	109.4688	-57.8125	0.9414063	0.9375	-0.7900391	24.875	-235.9688	-44.21875	0.2314453	1.053711	-1.192383	-359.9375	124.3125	133.5313	193.8278	77.54345	174.8923	171.5505	222.9153	189.4772
773.9089	0.3974609	0.2246094	-0.3867188	-76.5625	14.625	-53.375	1.858398	1.295898	1.928711	37.21875	-18.3125	-37.75	0.08789063	0.6582031	-2	301.5	323.5313	-80.03125	193.8278	77.54345	174.8923	177.102	214.7052	164.8049
773.9411	0.3974609	0.2246094	-0.3867188	-76.5625	14.625	-53.375	1.858398	1.295898	1.928711	37.21875	-18.3125	-37.75	0.8105469	1.333984	-0.7744141	-186.8438	113.75	18.46875	193.8278	77.54345	174.8923	177.102	214.7052	164.8049
773.9747	0.3974609	0.2246094	-0.3867188	-76.5625	14.625	-53.375	2.007813	1.954102	-0.8535156	-107.5	-23.75	123.5313	0.8105469	1.333984	-0.7744141	-186.8438	113.75	18.46875	193.8278	77.54345	174.8923	173.9857	211.2979	154.528
774.0084	0.5332031	0.4052734	-1.268555	95.3125	-92.0625	-11.71875	2.007813	1.954102	-0.8535156	-107.5	-23.75	123.5313	0.8105469	1.333984	-0.7744141	-186.8438	113.75	18.46875	193.8278	77.54345	174.8923	173.9857	211.2979	154.528
774.0416	0.5332031	0.4052734	-1.268555	95.3125	-92.0625	-11.71875	1.370117	1.537109	-1.241211	-120.5625	505.6563	84.28125	0.2197266	1.173828	-0.4023438	37.8125	-37.84375	63.40625	193.8278	77.54345	174.8923	173.9857	211.2979	154.528
774.0746	0.5332031	0.4052734	-1.268555	95.3125	-92.0625	-11.71875	1.370117	1.537109	-1.241211	-120.5625	505.6563	84.28125	0.2197266	1.173828	-0.4023438	37.8125	-37.84375	63.40625	182.9575	70.78825	168.0328	173.9857	211.2979	154.528
774.1085	0.5332031	0.4052734	-1.268555	95.3125	-92.0625	-11.71875	1.370117	1.537109	-1.241211	-120.5625	505.6563	84.28125	0.2197266	1.173828	-0.4023438	37.8125	-37.84375	63.40625	182.9575	70.78825	168.0328	156.7444	221.721	157.2186
774.1412	0.2539063	1.575195	-0.7617188	-22.34375	281.1875	-44.8125	1.370117	1.537109	-1.241211	-120.5625	505.6563	84.28125	-0.008789063	0.8544922	-0.3095703	49.53125	26.90625	-8.5	182.9575	70.78825	168.0328	156.7444	221.721	157.2186
774.1747	0.2539063	1.575195	-0.7617188	-22.34375	281.1875	-44.8125	1.370117	1.537109	-1.241211	-120.5625	505.6563	84.28125	-0.008789063	0.8544922	-0.3095703	49.53125	26.90625	-8.5	182.9575	70.78825	168.0328	156.7444	221.721	157.2186
774.2085	0.2539063	1.575195	-0.7617188	-22.34375	281.1875	-44.8125	1.370117	1.537109	-1.241211	-120.5625	505.6563	84.28125	-0.008789063	0.8544922	-0.3095703	49.53125	26.90625	-8.5	165.2948	357.6205	149.1029	129.2499	295.5967	164.8065
774.241	0.2539063	1.575195	-0.7617188	-22.34375	281.1875	-44.8125	1.370117	1.537109	-1.241211	-120.5625	505.6563	84.28125	-0.6816406	1.310547	-0.1064453	108.75	25.3125	-39.125	165.2948	357.6205	149.1029	129.2499	295.5967	164.8065
774.2747	0.2539063	1.575195	-0.7617188	-22.34375	281.1875	-44.8125	1.370117	1.537109	-1.241211	-120.5625	505.6563	84.28125	-0.6816406	1.310547	-0.1064453	108.75	25.3125	-39.125	165.2948	357.6205	149.1029	129.0196	292.2643	160.1588
774.3081	0.2539063	1.575195	-0.7617188	-22.34375	281.1875	-44.8125	-0.8457031	0.8769531	0.1035156	-11.1875	261.4688	61.5	-0.6816406	1.310547	-0.1064453	108.75	25.3125	-39.125	165.2948	357.6205	149.1029	129.0196	292.2643	160.1588
774.3409	-0.5361328	0.6601563	-0.1464844	-40.375	259.8125	-85.40625	-0.8457031	0.8769531	0.1035156	-11.1875	261.4688	61.5	-0.6816406	1.310547	-0.1064453	108.75	25.3125	-39.125	165.2948	357.6205	149.1029	129.0196	292.2643	160.1588
774.3746	-0.5361328	0.6601563	-0.1464844	-40.375	259.8125	-85.40625	-0.8457031	0.8769531	0.1035156	-11.1875	261.4688	61.5	-0.4042969	1.999023	0.2294922	190.5938	11.65625	-62.9375	158.5385	326.7542	159.1544	123.1718	319.2948	173.9942
774.4078	-0.5361328	0.6601563	-0.1464844	-40.375	259.8125	-85.40625	-0.8457031	0.8769531	0.1035156	-11.1875	261.4688	61.5	-0.4042969	1.999023	0.2294922	190.5938	11.65625	-62.9375	158.5385	326.7542	159.1544	123.1718	319.2948	173.9942
774.441	-0.5361328	0.6601563	-0.1464844	-40.375	259.8125	-85.40625	0.4375	0.2919922	0.5283203	1.9375	-56.78125	144.5625	0.4863281	1.010742	-0.3232422	51.8125	206.7813	-79.53125	158.5385	326.7542	159.1544	123.1718	319.2948	173.9942
774.4752	-0.5361328	0.6601563	-0.1464844	-40.375	259.8125	-85.40625	0.4375	0.2919922	0.5283203	1.9375	-56.78125	144.5625	0.4863281	1.010742	-0.3232422	51.8125	206.7813	-79.53125	158.5385	326.7542	159.1544	123.1718	319.2948	173.9942
774.5079	-0.08007813	0.6699219	0.02441406	-12.09375	68.34375	-42.1875	0.4375	0.2919922	0.5283203	1.9375	-56.78125	144.5625	0.4873047	0.5693359	-0.8251953	-221.375	142.4375	-87.78125	158.5385	326.7542	159.1544	133.5636	36.20278	178.9816
774.5408	-0.08007813	0.6699219	0.02441406	-12.09375	68.34375	-42.1875	0.4375	0.2919922	0.5283203	1.9375	-56.78125	144.5625	0.4873047	0.5693359	-0.8251953	-221.375	142.4375	-87.78125	157.1758	31.99334	171.362	133.5636	36.20278	178.9816
774.5747	0.0703125	0.9101563	-0.3837891	-64.71875	121.125	4.1875	0.4375	0.2919922	0.5283203	1.9375	-56.78125	144.5625	0.4873047	0.5693359	-0.8251953	-221.375	142.4375	-87.78125	157.1758	31.99334	171.362	146.5535	309.9075	181.6026
774.6085	0.0703125	0.9101563	-0.3837891	-64.71875	121.125	4.1875	0.4375	0.2919922	0.5283203	1.9375	-56.78125	144.5625	0.4873047	0.5693359	-0.8251953	-221.375	142.4375	-87.78125	157.1758	31.99334	171.362	146.5535	309.9075	181.6026
774.6406	0.0703125	0.9101563	-0.3837891	-64.71875	121.125	4.1875	0.2802734	1.091797	-0.3447266	86.28125	-122.4375	-45.59375	-0.03417969	0.7509766	-1.109375	-379.5313	-33.84375	10.59375	157.1758	31.99334	171.362	146.5535	309.9075	181.6026
774.6744	0.5214844	0.8505859	-0.3496094	29.21875	85.125	-8.9375	0.2802734	1.091797	-0.3447266	86.28125	-122.4375	-45.59375	-0.03417969	0.7509766	-1.109375	-379.5313	-33.84375	10.59375	157.1758	31.99334	171.362	146.5535	309.9075	181.6026
774.7078	0.5214844	0.8505859	-0.3496094	29.21875	85.125	-8.9375	0.2802734	1.091797	-0.3447266	86.28125	-122.4375	-45.59375	-0.03417969	0.7509766	-1.109375	-379.5313	-33.84375	10.59375	173.7608	38.54049	171.3958	189.4768	309.3265	194.4797
774.7405	0.5214844	0.8505859	-0.3496094	29.21875	85.125	-8.9375	0.2802734	1.091797	-0.3447266	86.28125	-122.4375	-45.59375	0.7226563	0.8691406	-0.3066406	-203.5	-22.71875	116.125	173.7608	38.54049	171.3958	189.4768	309.3265	194.4797
774.7744	0.5214844	0.8505859	-0.3496094	29.21875	85.125	-8.9375	0.3701172	0.8115234	0.01074219	54.6875	60.53125	-86.75	0.7226563	0.8691406	-0.3066406	-203.5	-22.71875	116.125	173.7608	38.54049	171.3958	189.4768	309.3265	194.4797
774.8078	0.5214844	0.8505859	-0.3496094	29.21875	85.125	-8.9375	0.3701172	0.8115234	0.01074219	54.6875	60.53125	-86.75	0.7226563	0.8691406	-0.3066406	-203.5	-22.71875	116.125	173.7608	38.54049	171.3958	180.7008	311.6982	207.2124
774.8409	-0.02734375	0.6933594	-0.1230469	23.0625	43.375	3.34375	0.3701172	0.8115234	0.01074219	54.6875	60.53125	-86.75	0.8359375	1.999023	-2	348.25	437.5938	-131.7188	173.7608	38.54049	171.3958	180.7008	311.6982	207.2124
774.8745	-0.02734375	0.6933594	-0.1230469	23.0625	43.375	3.34375	0.3701172	0.8115234	0.01074219	54.6875	60.53125	-86.75	0.8359375	1.999023	-2	348.25	437.5938	-131.7188	187.0587	27.46041	174.8274	181.8427	298.3746	183.3402
774.9078	-0.02734375	0.6933594	-0.1230469	23.0625	43.375	3.34375	0.3701172	0.8115234	0.01074219	54.6875	60.53125	-86.75	0.8359375	1.999023	-2	348.25	437.5938	-131.7188	187.0587	27.46041	174.8274	181.8427	298.3746	183.3402
774.941	0.5634766	0.6572266	-0.7519531	20.75	25.5625	-53.0625	0.3701172	0.8115234	0.01074219	54.6875	60.53125	-86.75	0.1191406	0.421875	-0.8505859	173.1875	-224.5625	141.0313	187.0587	27.46041	174.8274	181.8427	298.3746	183.3402
774.9752	0.5634766	0.6572266	-0.7519531	20.75	25.5625	-53.0625	0.3701172	0.8115234	0.01074219	54.6875	60.53125	-86.75	0.1191406	0.421875	-0.8505859	173.1875	-224.5625	141.0313	187.0587	27.46041	174.8274	181.8427	298.3746	183.3402
775.0082	0.5634766	0.6572266	-0.7519531	20.75	25.5625	-53.0625	0.3701172	0.8115234	0.01074219	54.6875	60.53125	-86.75	0.1191406	0.421875	-0.8505859	173.1875	-224.5625	141.0313	187.0587	27.46041	174.8274	181.8427	298.3746	183.3402
775.0411	0.5634766	0.6572266	-0.7519531	20.75	25.5625	-53.0625	0.3701172	0.8115234	0.01074219	54.6875	60.53125	-86.75	-1.013672	1.999023	-0.6796875	46.4375	66.8125	-364.6875	187.0587	27.46041	174.8274	173.8085	351.8493	199.0736
775.0745	0.5634766	0.6572266	-0.7519531	20.75	25.5625	-53.0625	0.3701172	0.8115234	0.01074219	54.6875	60.53125	-86.75	-1.013672	1.999023	-0.6796875	46.4375	66.8125	-364.6875	187.0587	27.46041	174.8274	173.8085	351.8493	199.0736
775.108	0.5634766	0.6572266	-0.7519531	20.75	25.5625	-53.0625	0.3701172	0.8115234	0.01074219	54.6875	60.53125	-86.75	-1.013672	1.999023	-0.6796875	46.4375	66.8125	-364.6875	187.0587	27.46041	174.8274	165.5755	359.1771	191.1534
775.1406	0.5634766	0.6572266	-0.7519531	20.75	25.5625	-53.0625	0.3701172	0.8115234	0.01074219	54.6875	60.53125	-86.75	-0.06054688	0.9560547	-0.3535156	58.875	-20.875	-36.15625	187.0587	27.46041	174.8274	165.5755	359.1771	191.1534
775.1746	0.5634766	0.6572266	-0.7519531	20.75	25.5625	-53.0625	0.3701172	0.8115234	0.01074219	54.6875	60.53125	-86.75	-0.06054688	0.9560547	-0.3535156	58.875	-20.875	-36.15625	187.0587	27.46041	174.8274	163.9565	4.556546	189.8262
775.2074	0.5634766	0.6572266	-0.7519531	20.75	25.5625	-53.0625	-0.2226563	0.4648438	-0.8173828	-110.7813	124.0625	83.125	-0.06054688	0.9560547	-0.3535156	58.875	-20.875	-36.15625	187.0587	27.46041	174.8274	163.9565	4.556546	189.8262
775.2407	0.5634766	0.6572266	-0.7519531	20.75	25.5625	-53.0625	-0.2226563	0.4648438	-0.8173828	-110.7813	124.0625	83.125	-0.3710938	1.12207	0.2802734	179.9688	-10.21875	-20.65625	187.0587	27.46041	174.8274	163.9565	4.556546	189.8262
775.2741	0.1660156	1.589844	-0.2451172	40.8125	35.8125	-5.75	-0.2226563	0.4648438	-0.8173828	-110.7813	124.0625	83.125	-0.3710938	1.12207	0.2802734	179.9688	-10.21875	-20.65625	187.0587	27.46041	174.8274	163.9565	4.556546	189.8262
775.3074	0.1660156	1.589844	-0.2451172	40.8125	35.8125	-5.75	0.0390625	0.96875	0.7255859	-70.375	-94.5625	-0.125	-0.3710938	1.12207	0.2802734	179.9688	-10.21875	-20.65625	187.0587	27.46041	174.8274	154.0925	22.6987	186.2109
775.3405	0.1660156	1.589844	-0.2451172	40.8125	35.8125	-5.75	0.0390625	0.96875	0.7255859	-70.375	-94.5625	-0.125	1.999023	1.999023	-1.9375	178.3438	-173.5313	145.9063	187.0587	27.46041	174.8274	154.0925	22.6987	186.2109
775.3745	-0.2724609	0.7460938	0.1201172	-50.4375	-5.15625	14.09375	0.0390625	0.96875	0.7255859	-70.375	-94.5625	-0.125	1.999023	1.999023	-1.9375	178.3438	-173.5313	145.9063	187.0587	27.46041	174.8274	154.0925	22.6987	186.2109
775.4072	0.5507813	1.442383	-0.4824219	17.1875	-79.125	2.0625	0.0390625	0.96875	0.7255859	-70.375	-94.5625	-0.125	0.08105469	-0.0859375	-0.4423828	-229.5625	-24.90625	-39.375	187.0587	27.46041	174.8274	139.3294	14.19788	188.8548
775.4404	0.5507813	1.442383	-0.4824219	17.1875	-79.125	2.0625	0.0390625	0.96875	0.7255859	-70.375	-94.5625	-0.125	0.08105469	-0.0859375	-0.4423828	-229.5625	-24.90625	-39.375	142.001	64.25641	173.5542	139.3294	14.19788	188.8548
775.4741	0.5507813	1.442383	-0.4824219	17.1875	-79.125	2.0625	0.0390625	0.96875	0.7255859	-70.375	-94.5625	-0.125	0.08105469	-0.0859375	-0.4423828	-229.5625	-24.90625	-39.375	142.001	64.25641	173.5542	110.8264	342.4454	160.3783
775.5073	0.5507813	1.442383	-0.4824219	17.1875	-79.125	2.0625	-1.041992	1.268555	-0.6123047	107.5938	-217.7188	8.65625	0.08105469	-0.0859375	-0.4423828	-229.5625	-24.90625	-39.375	142.001	64.25641	173.5542	110.8264	342.4454	160.3783
775.5403	0.5507813	1.442383	-0.4824219	17.1875	-79.125	2.0625	-1.041992	1.268555	-0.6123047	107.5938	-217.7188	8.65625	-0.3701172	0.7548828	-1.926758	-118.8438	-45.71875	-266	155.2621	64.06091	165.9179	110.8264	342.4454	160.3783
775.5743	0.5507813	1.442383	-0.4824219	17.1875	-79.125	2.0625	-1.041992	1.268555	-0.6123047	107.5938	-217.7188	8.65625	-0.3701172	0.7548828	-1.926758	-118.8438	-45.71875	-266	155.2621	64.06091	165.9179	110.8264	342.4454	160.3783
775.6078	0.5507813	1.442383	-0.4824219	17.1875	-79.125	2.0625	-1.041992	1.268555	-0.6123047	107.5938	-217.7188	8.65625	-0.3701172	0.7548828	-1.926758	-118.8438	-45.71875	-266	155.2621	64.06091	165.9179	149.2658	331.1328	143.4638
775.6401	0.5507813	1.442383	-0.4824219	17.1875	-79.125	2.0625	-1.041992	1.268555	-0.6123047	107.5938	-217.7188	8.65625	1.723633	-0.1679688	-1.506836	-327.9688	520.9688	-178.1875	155.2621	64.06091	165.9179	149.2658	331.1328	143.4638
775.6744	0.1796875	0.3818359	0.0078125	-23.9375	-15.59375	-7.78125	-1.041992	1.268555	-0.6123047	107.5938	-217.7188	8.65625	1.723633	-0.1679688	-1.506836	-327.9688	520.9688	-178.1875	155.2621	64.06091	165.9179	149.2658	331.1328	143.4638
775.7078	0.1796875	0.3818359	0.0078125	-23.9375	-15.59375	-7.78125	-1.041992	1.268555	-0.6123047	107.5938	-217.7188	8.65625	0.140625	0.7382813	-1.004883	-70.75	353.6875	-274.4375	155.2621	64.06091	165.9179	161.4601	278.4346	142.7147
775.7402	0.1796875	0.3818359	0.0078125	-23.9375	-15.59375	-7.78125	0.6962891	1.196289	0.9355469	81.34375	-149.375	-49.75	0.140625	0.7382813	-1.004883	-70.75	353.6875	-274.4375	155.2621	64.06091	165.9179	161.4601	278.4346	142.7147
775.7737	0.1796875	0.3818359	0.0078125	-23.9375	-15.59375	-7.78125	0.6962891	1.196289	0.9355469	81.34375	-149.375	-49.75	0.140625	0.7382813	-1.004883	-70.75	353.6875	-274.4375	185.3638	79.5199	167.1587	194.6871	229.6828	133.2308
775.8069	0.1796875	0.3818359	0.0078125	-23.9375	-15.59375	-7.78125	0.6962891	1.196289	0.9355469	81.34375	-149.375	-49.75	0.140625	0.7382813	-1.004883	-70.75	353.6875	-274.4375	185.3638	79.5199	167.1587	194.6871	229.6828	133.2308
775.8406	0.1796875	0.3818359	0.0078125	-23.9375	-15.59375	-7.78125	0.6962891	1.196289	0.9355469	81.34375	-149.375	-49.75	-0.8945313	1.091797	-1.695313	-338.0938	414.2188	-6.3125	185.3638	79.5199	167.1587	194.6871	229.6828	133.2308
775.8736	0.5097656	0.1816406	-0.0546875	-23.875	-17.59375	-32.1875	0.6962891	1.196289	0.9355469	81.34375	-149.375	-49.75	-0.8945313	1.091797	-1.695313	-338.0938	414.2188	-6.3125	185.3638	79.5199	167.1587	194.6871	229.6828	133.2308
775.907	0.5097656	0.1816406	-0.0546875	-23.875	-17.59375	-32.1875	0.6962891	1.196289	0.9355469	81.34375	-149.375	-49.75	-0.8945313	1.091797	-1.695313	-338.0938	414.2188	-6.3125	185.3638	79.5199	167.1587	181.7843	213.7888	129.8611
775.9402	0.5097656	0.1816406	-0.0546875	-23.875	-17.59375	-32.1875	0.6962891	1.196289	0.9355469	81.34375	-149.375	-49.75	-0.546875	1.783203	0.3085938	80.625	139.6875	-62.75	185.3638	79.5199	167.1587	181.7843	213.7888	129.8611
775.9737	0.09667969	1.999023	-0.3574219	-8.1875	191.3438	33.1875	0.6962891	1.196289	0.9355469	81.34375	-149.375	-49.75	-0.546875	1.783203	0.3085938	80.625	139.6875	-62.75	185.3638	79.5199	167.1587	181.7843	213.7888	129.8611
776.0068	0.09667969	1.999023	-0.3574219	-8.1875	191.3438	33.1875	-0.1054688	1.165039	-1.006836	-119.3438	250.3438	123.5313	0.3134766	0.9541016	-0.9082031	-8.75	-61.53125	67.90625	185.3638	79.5199	167.1587	177.4935	202.6143	132.6854
776.0399	0.09667969	1.999023	-0.3574219	-8.1875	191.3438	33.1875	-0.1054688	1.165039	-1.006836	-119.3438	250.3438	123.5313	0.3134766	0.9541016	-0.9082031	-8.75	-61.53125	67.90625	185.3638	79.5199	167.1587	177.4935	202.6143	132.6854
776.0737	0.09667969	1.999023	-0.3574219	-8.1875	191.3438	33.1875	-0.1054688	1.165039	-1.006836	-119.3438	250.3438	123.5313	0.3134766	0.9541016	-0.9082031	-8.75	-61.53125	67.90625	142.5223	54.8938	171.1172	124.53	224.7441	164.2088
776.107	0.09667969	1.999023	-0.3574219	-8.1875	191.3438	33.1875	-0.1054688	1.165039	-1.006836	-119.3438	250.3438	123.5313	0.3134766	0.9541016	-0.9082031	-8.75	-61.53125	67.90625	142.5223	54.8938	171.1172	124.53	224.7441	164.2088
776.1397	0.09667969	1.999023	-0.3574219	-8.1875	191.3438	33.1875	-0.3076172	0.3662109	-0.4853516	-70.9375	212.5	15.90625	-0.1513672	0.9902344	-0.5957031	-45.71875	64.8125	-37.84375	142.5223	54.8938	171.1172	124.53	224.7441	164.2088
776.1736	0.09667969	1.999023	-0.3574219	-8.1875	191.3438	33.1875	-0.3076172	0.3662109	-0.4853516	-70.9375	212.5	15.90625	-0.1513672	0.9902344	-0.5957031	-45.71875	64.8125	-37.84375	142.5223	54.8938	171.1172	124.53	224.7441	164.2088
776.2068	0.09667969	1.999023	-0.3574219	-8.1875	191.3438	33.1875	-0.3076172	0.3662109	-0.4853516	-70.9375	212.5	15.90625	-0.1513672	0.9902344	-0.5957031	-45.71875	64.8125	-37.84375	142.5223	54.8938	171.1172	129.4205	220.5801	169.4743
776.2395	0.09667969	1.999023	-0.3574219	-8.1875	191.3438	33.1875	-0.3076172	0.3662109	-0.4853516	-70.9375	212.5	15.90625	0.7646484	0.6445313	-0.6269531	-1.90625	337.375	-79.0625	142.5223	54.8938	171.1172	129.4205	220.5801	169.4743
776.2731	-0.1347656	0.8691406	-0.4462891	-26.0625	208.9063	-22.21875	-0.3076172	0.3662109	-0.4853516	-70.9375	212.5	15.90625	0.7646484	0.6445313	-0.6269531	-1.90625	337.375	-79.0625	161.8507	31.39933	198.9072	129.4205	220.5801	169.4743
776.3068	-0.1347656	0.8691406	-0.4462891	-26.0625	208.9063	-22.21875	-0.3076172	0.3662109	-0.4853516	-70.9375	212.5	15.90625	-0.1083984	1.109375	-0.8515625	-3.4375	-388.8125	48.09375	161.8507	31.39933	198.9072	144.5251	254.5448	185.822
776.3393	-0.1347656	0.8691406	-0.4462891	-26.0625	208.9063	-22.21875	-0.3076172	0.3662109	-0.4853516	-70.9375	212.5	15.90625	-0.1083984	1.109375	-0.8515625	-3.4375	-388.8125	48.09375	161.8507	31.39933	198.9072	144.5251	254.5448	185.822
776.3737	-0.1347656	0.8691406	-0.4462891	-26.0625	208.9063	-22.21875	-1.178711	-0.3203125	-0.1708984	-0.1875	225.8125	56	-0.1083984	1.109375	-0.8515625	-3.4375	-388.8125	48.09375	161.8507	31.39933	198.9072	129.7437	294.9339	198.6616
776.4063	-0.1347656	0.8691406	-0.4462891	-26.0625	208.9063	-22.21875	-1.178711	-0.3203125	-0.1708984	-0.1875	225.8125	56	-0.1083984	1.109375	-0.8515625	-3.4375	-388.8125	48.09375	182.7187	47.05118	204.9742	129.7437	294.9339	198.6616
776.4394	0.5224609	1.352539	-0.3544922	89.28125	118.625	-10.9375	-1.178711	-0.3203125	-0.1708984	-0.1875	225.8125	56	-0.1083984	1.109375	-0.8515625	-3.4375	-388.8125	48.09375	182.7187	47.05118	204.9742	129.7437	294.9339	198.6616
776.473	0.5224609	1.352539	-0.3544922	89.28125	118.625	-10.9375	-1.178711	-0.3203125	-0.1708984	-0.1875	225.8125	56	-0.8896484	1.46875	-0.6787109	-25.71875	14.6875	-159.9375	182.7187	47.05118	204.9742	153.4249	293.0978	193.8829
776.5062	0.5224609	1.352539	-0.3544922	89.28125	118.625	-10.9375	0.03417969	0.8886719	-0.5996094	89.78125	138.7188	86.78125	-0.8896484	1.46875	-0.6787109	-25.71875	14.6875	-159.9375	182.7187	47.05118	204.9742	153.4249	293.0978	193.8829
776.5394	0.5224609	1.352539	-0.3544922	89.28125	118.625	-10.9375	0.03417969	0.8886719	-0.5996094	89.78125	138.7188	86.78125	-0.8896484	1.46875	-0.6787109	-25.71875	14.6875	-159.9375	182.7187	47.05118	204.9742	153.4249	293.0978	193.8829
776.5948	0.5224609	1.352539	-0.3544922	89.28125	118.625	-10.9375	0.03417969	0.8886719	-0.5996094	89.78125	138.7188	86.78125	0.5488281	1.012695	-0.2119141	18	-30.15625	-37	182.7187	47.05118	204.9742	153.4249	293.0978	193.8829
776.6226	0.5224609	1.352539	-0.3544922	89.28125	118.625	-10.9375	0.03417969	0.8886719	-0.5996094	89.78125	138.7188	86.78125	0.5488281	1.012695	-0.2119141	18	-30.15625	-37	182.7187	47.05118	204.9742	153.4249	293.0978	193.8829
776.6555	0.5224609	1.352539	-0.3544922	89.28125	118.625	-10.9375	0.03417969	0.8886719	-0.5996094	89.78125	138.7188	86.78125	0.5488281	1.012695	-0.2119141	18	-30.15625	-37	184.5015	49.32713	182.2661	149.6992	306.8088	203.4157
776.6896	0.2607422	0.7128906	-0.2998047	12.625	113.375	-58	0.03417969	0.8886719	-0.5996094	89.78125	138.7188	86.78125	-0.2011719	1.158203	-0.4130859	4.3125	46.125	-112.0625	184.5015	49.32713	182.2661	149.6992	306.8088	203.4157
776.7224	-0.06054688	0.5351563	-0.5400391	73.90625	118.3438	-28.09375	0.4638672	0.9765625	-0.15625	-4.65625	90.625	38	-0.2011719	1.158203	-0.4130859	4.3125	46.125	-112.0625	184.5015	49.32713	182.2661	154.4819	312.8906	177.5205
776.7554	-0.06054688	0.5351563	-0.5400391	73.90625	118.3438	-28.09375	0.4638672	0.9765625	-0.15625	-4.65625	90.625	38	-0.2011719	1.158203	-0.4130859	4.3125	46.125	-112.0625	184.5015	49.32713	182.2661	154.4819	312.8906	177.5205
776.7892	-0.06054688	0.5351563	-0.5400391	73.90625	118.3438	-28.09375	0.4638672	0.9765625	-0.15625	-4.65625	90.625	38	0.2431641	0.7636719	-0.1132813	-38.40625	-9.34375	17.0625	181.5057	78.85966	175.1724	154.4819	312.8906	177.5205
776.8229	-0.06054688	0.5351563	-0.5400391	73.90625	118.3438	-28.09375	0.4638672	0.9765625	-0.15625	-4.65625	90.625	38	0.2431641	0.7636719	-0.1132813	-38.40625	-9.34375	17.0625	181.5057	78.85966	175.1724	154.4819	312.8906	177.5205
776.8555	-0.06054688	0.5351563	-0.5400391	73.90625	118.3438	-28.09375	0.5927734	0.7207031	-0.4794922	-53.46875	182.4688	46.90625	0.09570313	0.9335938	-0.1933594	-19.4375	30.875	1.4375	181.5057	78.85966	175.1724	154.4819	312.8906	177.5205
776.8896	-0.06054688	0.5351563	-0.5400391	73.90625	118.3438	-28.09375	0.5927734	0.7207031	-0.4794922	-53.46875	182.4688	46.90625	0.09570313	0.9335938	-0.1933594	-19.4375	30.875	1.4375	181.5057	78.85966	175.1724	155.7382	320.3534	175.5164
776.9222	-0.06054688	0.5351563	-0.5400391	73.90625	118.3438	-28.09375	0.5927734	0.7207031	-0.4794922	-53.46875	182.4688	46.90625	0.09570313	0.9335938	-0.1933594	-19.4375	30.875	1.4375	181.5057	78.85966	175.1724	158.0467	318.5754	176.308
776.9554	-0.03417969	0.6503906	-0.703125	117.0625	52.21875	-30.96875	0.5927734	0.7207031	-0.4794922	-53.46875	182.4688	46.90625	0.390625	1.141602	-0.2773438	-29	-22.71875	21.59375	181.5057	78.85966	175.1724	158.0467	318.5754	176.308
776.9893	-0.03417969	0.6503906	-0.703125	117.0625	52.21875	-30.96875	0.5927734	0.7207031	-0.4794922	-53.46875	182.4688	46.90625	0.390625	1.141602	-0.2773438	-29	-22.71875	21.59375	181.5057	78.85966	175.1724	158.0467	318.5754	176.308
777.0228	-0.03417969	0.6503906	-0.703125	117.0625	52.21875	-30.96875	0.5927734	0.7207031	-0.4794922	-53.46875	182.4688	46.90625	0.390625	1.141602	-0.2773438	-29	-22.71875	21.59375	181.5057	78.85966	175.1724	160.1696	331.0549	182.9717
777.0559	-0.03417969	0.6503906	-0.703125	117.0625	52.21875	-30.96875	0.5927734	0.7207031	-0.4794922	-53.46875	182.4688	46.90625	0.3251953	0.8261719	-0.1689453	-27.65625	49.0625	-30.09375	181.5057	78.85966	175.1724	160.1696	331.0549	182.9717
777.0895	-0.03417969	0.6503906	-0.703125	117.0625	52.21875	-30.96875	0.5927734	0.7207031	-0.4794922	-53.46875	182.4688	46.90625	0.3251953	0.8261719	-0.1689453	-27.65625	49.0625	-30.09375	157.7849	72.85355	179.8198	160.1696	331.0549	182.9717
777.1225	-0.03417969	0.6503906	-0.703125	117.0625	52.21875	-30.96875	0.5927734	0.7207031	-0.4794922	-53.46875	182.4688	46.90625	0.3251953	0.8261719	-0.1689453	-27.65625	49.0625	-30.09375	157.7849	72.85355	179.8198	141.4743	336.8098	177.5581
777.1553	-0.03417969	0.6503906	-0.703125	117.0625	52.21875	-30.96875	0.5927734	0.7207031	-0.4794922	-53.46875	182.4688	46.90625	0.1582031	0.8740234	0.06835938	-19.71875	8.90625	-15.8125	157.7849	72.85355	179.8198	141.4743	336.8098	177.5581
777.1893	0.02246094	0.5839844	-0.7705078	14.5625	1.75	15.84375	0.5927734	0.7207031	-0.4794922	-53.46875	182.4688	46.90625	0.1582031	0.8740234	0.06835938	-19.71875	8.90625	-15.8125	157.7849	72.85355	179.8198	141.4743	336.8098	177.5581
777.2225	0.02246094	0.5839844	-0.7705078	14.5625	1.75	15.84375	0.5927734	0.7207031	-0.4794922	-53.46875	182.4688	46.90625	0.006835938	0.9316406	0.05859375	-11.5625	-0.4375	-7.09375	157.7849	72.85355	179.8198	144.5406	335.2873	175.1258
777.2552	0.02246094	0.5839844	-0.7705078	14.5625	1.75	15.84375	0.5927734	0.7207031	-0.4794922	-53.46875	182.4688	46.90625	0.006835938	0.9316406	0.05859375	-11.5625	-0.4375	-7.09375	138.1399	72.59365	177.937	144.5406	335.2873	175.1258
777.2889	0.02246094	0.5839844	-0.7705078	14.5625	1.75	15.84375	0.5927734	0.7207031	-0.4794922	-53.46875	182.4688	46.90625	0.006835938	0.9316406	0.05859375	-11.5625	-0.4375	-7.09375	138.1399	72.59365	177.937	144.5406	335.2873	175.1258
777.3223	0.02246094	0.5839844	-0.7705078	14.5625	1.75	15.84375	0.5927734	0.7207031	-0.4794922	-53.46875	182.4688	46.90625	0.006835938	0.9316406	0.05859375	-11.5625	-0.4375	-7.09375	138.1399	72.59365	177.937	144.5406	335.2873	175.1258
777.3553	0.02246094	0.5839844	-0.7705078	14.5625	1.75	15.84375	0.2275391	0.5361328	0.5644531	-56.34375	8.03125	37.75	0.006835938	0.9316406	0.05859375	-11.5625	-0.4375	-7.09375	138.1399	72.59365	177.937	144.5406	335.2873	175.1258
777.3889	0.02246094	0.5839844	-0.7705078	14.5625	1.75	15.84375	0.5869141	0.3847656	0.6777344	-53.3125	8.21875	42.84375	0.3310547	0.9296875	-0.08203125	-3.125	7.4375	-2.15625	138.1399	72.59365	177.937	129.2923	347.143	165.065
777.4218	-0.03417969	0.9082031	-0.9111328	-115.9063	38.6875	7.0625	0.5869141	0.3847656	0.6777344	-53.3125	8.21875	42.84375	0.2226563	0.9404297	-0.07617188	3.9375	-5.625	5.0625	138.1399	72.59365	177.937	129.3601	346.2511	165.4361
777.4555	-0.03417969	0.9082031	-0.9111328	-115.9063	38.6875	7.0625	0.5869141	0.3847656	0.6777344	-53.3125	8.21875	42.84375	0.2226563	0.9404297	-0.07617188	3.9375	-5.625	5.0625	138.1399	72.59365	177.937	129.3601	346.2511	165.4361
777.4886	-0.03417969	0.9082031	-0.9111328	-115.9063	38.6875	7.0625	0.5869141	0.3847656	0.6777344	-53.3125	8.21875	42.84375	0.2226563	0.9404297	-0.07617188	3.9375	-5.625	5.0625	138.1399	72.59365	177.937	129.3601	346.2511	165.4361
777.5217	-0.03417969	0.9082031	-0.9111328	-115.9063	38.6875	7.0625	0.5869141	0.3847656	0.6777344	-53.3125	8.21875	42.84375	0.2226563	0.9404297	-0.07617188	3.9375	-5.625	5.0625	138.1399	72.59365	177.937	129.1208	347.2526	165.0195
777.555	-0.03417969	0.9082031	-0.9111328	-115.9063	38.6875	7.0625	0.5869141	0.3847656	0.6777344	-53.3125	8.21875	42.84375	0.2226563	0.9404297	-0.07617188	3.9375	-5.625	5.0625	138.1399	72.59365	177.937	129.1208	347.2526	165.0195
777.5882	-0.03417969	0.9082031	-0.9111328	-115.9063	38.6875	7.0625	0.7236328	0.1738281	0.6552734	-0.6875	23.46875	24.09375	0.09667969	0.84375	-0.1914063	3.15625	2.71875	0.78125	113.2942	87.17432	178.7263	129.1208	347.2526	165.0195
777.6221	-0.03417969	0.9082031	-0.9111328	-115.9063	38.6875	7.0625	0.7236328	0.1738281	0.6552734	-0.6875	23.46875	24.09375	0.09277344	0.8603516	-0.1113281	6.9375	-8.75	3.15625	113.2942	87.17432	178.7263	129.1208	347.2526	165.0195
777.655	0.2460938	0.6865234	0.03515625	-101.1563	23.71875	-28.53125	0.7236328	0.1738281	0.6552734	-0.6875	23.46875	24.09375	0.09277344	0.8603516	-0.1113281	6.9375	-8.75	3.15625	110.3144	89.20517	176.3615	105.2756	23.39852	152.1026
777.6883	0.2460938	0.6865234	0.03515625	-101.1563	23.71875	-28.53125	0.5546875	0.09082031	0.7753906	-3.8125	32.09375	14.5	0.09277344	0.8603516	-0.1113281	6.9375	-8.75	3.15625	110.3144	89.20517	176.3615	105.2756	23.39852	152.1026
777.7214	0.2460938	0.6865234	0.03515625	-101.1563	23.71875	-28.53125	0.5546875	0.09082031	0.7753906	-3.8125	32.09375	14.5	0.1689453	1.000977	-0.25	3.34375	-7.875	4.125	110.3144	89.20517	176.3615	104.9307	28.43266	150.9222
777.7548	0.2460938	0.6865234	0.03515625	-101.1563	23.71875	-28.53125	0.5546875	0.09082031	0.7753906	-3.8125	32.09375	14.5	0.1689453	1.000977	-0.25	3.34375	-7.875	4.125	110.3144	89.20517	176.3615	104.9307	28.43266	150.9222
777.7885	0.2460938	0.6865234	0.03515625	-101.1563	23.71875	-28.53125	0.3798828	0.09472656	0.9423828	-8.9375	24.40625	2.4375	0.1689453	1.000977	-0.25	3.34375	-7.875	4.125	110.3144	89.20517	176.3615	104.9307	28.43266	150.9222
777.8216	0.2460938	0.6865234	0.03515625	-101.1563	23.71875	-28.53125	0.3798828	0.09472656	0.9423828	-8.9375	24.40625	2.4375	0.1689453	1.000977	-0.25	3.34375	-7.875	4.125	110.3144	89.20517	176.3615	104.9307	28.43266	150.9222
777.8548	0.2460938	0.6865234	0.03515625	-101.1563	23.71875	-28.53125	0.4316406	0.2011719	0.7802734	-5.03125	8.59375	-7.03125	0.2910156	0.8623047	-0.1171875	2.78125	-1.78125	2.1875	107.6126	85.415	179.3476	101.3884	45.27042	153.0035
777.8885	0.2460938	0.6865234	0.03515625	-101.1563	23.71875	-28.53125	0.4316406	0.2011719	0.7802734	-5.03125	8.59375	-7.03125	0.2910156	0.8623047	-0.1171875	2.78125	-1.78125	2.1875	107.6126	85.415	179.3476	101.3884	45.27042	153.0035
777.9218	0.09277344	0.765625	0.1914063	-16.4375	7.125	-9.40625	0.4316406	0.2011719	0.7802734	-5.03125	8.59375	-7.03125	0.2910156	0.8623047	-0.1171875	2.78125	-1.78125	2.1875	107.6126	85.415	179.3476	101.3884	45.27042	153.0035
777.9549	0.09277344	0.765625	0.1914063	-16.4375	7.125	-9.40625	0.4316406	0.2011719	0.7802734	-5.03125	8.59375	-7.03125	0.203125	1	-0.05566406	-0.5	-0.25	1.9375	107.6126	85.415	179.3476	101.9642	48.38256	151.9807
777.9885	0.09277344	0.765625	0.1914063	-16.4375	7.125	-9.40625	0.4316406	0.2011719	0.7802734	-5.03125	8.59375	-7.03125	0.203125	1	-0.05566406	-0.5	-0.25	1.9375	107.6126	85.415	179.3476	101.9642	48.38256	151.9807
778.0215	0.09277344	0.765625	0.1914063	-16.4375	7.125	-9.40625	0.4316406	0.2011719	0.7802734	-5.03125	8.59375	-7.03125	0.203125	1	-0.05566406	-0.5	-0.25	1.9375	107.6126	85.415	179.3476	101.9642	48.38256	151.9807
778.0544	0.09277344	0.765625	0.1914063	-16.4375	7.125	-9.40625	0.4316406	0.2011719	0.7802734	-5.03125	8.59375	-7.03125	0.2714844	0.9082031	-0.08398438	1.75	0.40625	2.0625	107.0803	87.97103	182.8546	101.9642	48.38256	151.9807
778.0884	0.09277344	0.765625	0.1914063	-16.4375	7.125	-9.40625	0.4316406	0.2011719	0.7802734	-5.03125	8.59375	-7.03125	0.2714844	0.9082031	-0.08398438	1.75	0.40625	2.0625	107.0803	87.97103	182.8546	99.98399	48.07073	154.7218
778.1216	0.09277344	0.765625	0.1914063	-16.4375	7.125	-9.40625	0.5283203	0.234375	0.7841797	0.46875	3.21875	-5.03125	0.2714844	0.9082031	-0.08398438	1.75	0.40625	2.0625	107.4029	88.48494	182.8396	99.98399	48.07073	154.7218
778.1543	0.09277344	0.765625	0.1914063	-16.4375	7.125	-9.40625	0.5283203	0.234375	0.7841797	0.46875	3.21875	-5.03125	0.2714844	0.9082031	-0.08398438	1.75	0.40625	2.0625	107.4029	88.48494	182.8396	99.98399	48.07073	154.7218
778.1883	0.1240234	0.9765625	0.2988281	-7.53125	-0.875	-6.0625	0.5283203	0.234375	0.7841797	0.46875	3.21875	-5.03125	0.1572266	1.083984	-0.07519531	-0.375	0.71875	-2.40625	107.4029	88.48494	182.8396	100.0732	44.48624	155.2627
778.2219	0.1240234	0.9765625	0.2988281	-7.53125	-0.875	-6.0625	0.5283203	0.234375	0.7841797	0.46875	3.21875	-5.03125	0.1572266	1.083984	-0.07519531	-0.375	0.71875	-2.40625	107.4029	88.48494	182.8396	100.0732	44.48624	155.2627
778.2547	0.1240234	0.9765625	0.2988281	-7.53125	-0.875	-6.0625	0.5810547	0.1328125	0.9277344	-1.0625	-9.15625	-7.78125	0.1533203	0.8642578	-0.1103516	2.0625	0.96875	-2.625	107.7864	86.99787	182.9099	100.3783	44.24043	155.1742
778.2877	0.1240234	0.9765625	0.2988281	-7.53125	-0.875	-6.0625	0.5810547	0.1328125	0.9277344	-1.0625	-9.15625	-7.78125	0.1533203	0.8642578	-0.1103516	2.0625	0.96875	-2.625	107.7864	86.99787	182.9099	100.3783	44.24043	155.1742
778.3209	0.1240234	0.9765625	0.2988281	-7.53125	-0.875	-6.0625	0.5136719	0.2314453	0.8085938	-0.3125	-6.65625	-4.53125	0.2353516	0.9296875	-0.09179688	2.1875	-1.3125	-1.34375	107.9007	86.95638	182.8945	99.75226	44.91098	154.9678
778.3541	0.1240234	0.9765625	0.2988281	-7.53125	-0.875	-6.0625	0.5136719	0.2314453	0.8085938	-0.3125	-6.65625	-4.53125	0.2353516	0.9296875	-0.09179688	2.1875	-1.3125	-1.34375	107.9007	86.95638	182.8945	99.75226	44.91098	154.9678
778.3877	-0.09277344	1.053711	0.01171875	5.71875	-17.40625	3.15625	0.5136719	0.2314453	0.8085938	-0.3125	-6.65625	-4.53125	0.2353516	0.9296875	-0.09179688	2.1875	-1.3125	-1.34375	107.9007	86.95638	182.8945	99.75226	44.91098	154.9678
