741.4444	-0.002929688	0.9130859	0.1367188	4.25	-0.5625	-0.3125	0.3583984	0.06542969	0.8652344	-4.78125	1.6875	-0.125	0.1347656	1.008789	-0.3398438	4.8125	6.40625	0.09375	111.2583	77.20324	186.3984	76.48167	144.4885	170.6291
741.4636	-0.002929688	0.9130859	0.1367188	4.25	-0.5625	-0.3125	0.3583984	0.06542969	0.8652344	-4.78125	1.6875	-0.125	0.1152344	1.043945	-0.2861328	4.375	-5.25	-0.0625	111.2583	77.20324	186.3984	76.85272	141.4373	170.3245
741.4825	-0.002929688	0.9130859	0.1367188	4.25	-0.5625	-0.3125	0.3583984	0.06542969	0.8652344	-4.78125	1.6875	-0.125	0.1152344	1.043945	-0.2861328	4.375	-5.25	-0.0625	111.2583	77.20324	186.3984	76.85272	141.4373	170.3245
741.5162	0.2363281	1.038086	0.1953125	3.15625	-1.59375	-1.1875	0.3583984	0.06542969	0.8652344	-4.78125	1.6875	-0.125	0.1152344	1.043945	-0.2861328	4.375	-5.25	-0.0625	111.2081	78.65594	185.5847	76.85272	141.4373	170.3245
741.5498	0.2363281	1.038086	0.1953125	3.15625	-1.59375	-1.1875	0.3583984	0.06542969	0.8652344	-4.78125	1.6875	-0.125	0.1152344	1.043945	-0.2861328	4.375	-5.25	-0.0625	111.2081	78.65594	185.5847	77.20064	140.0993	169.2675
741.5828	0.2363281	1.038086	0.1953125	3.15625	-1.59375	-1.1875	0.2441406	0.2431641	0.8212891	0.40625	5.84375	-1.0625	0.1152344	1.043945	-0.2861328	4.375	-5.25	-0.0625	111.2081	78.65594	185.5847	77.20064	140.0993	169.2675
741.6161	0.2363281	1.038086	0.1953125	3.15625	-1.59375	-1.1875	0.2441406	0.2431641	0.8212891	0.40625	5.84375	-1.0625	0.2558594	0.8583984	-0.4873047	5	1.28125	4.375	111.3794	77.61514	185.9053	77.20064	140.0993	169.2675
741.6498	0.2363281	1.038086	0.1953125	3.15625	-1.59375	-1.1875	0.3066406	0.4072266	1.027344	-0.0625	-1.25	-0.6875	0.2558594	0.8583984	-0.4873047	5	1.28125	4.375	111.3794	77.61514	185.9053	77.79195	139.9396	170.1607
741.6826	0.2363281	1.038086	0.1953125	3.15625	-1.59375	-1.1875	0.3066406	0.4072266	1.027344	-0.0625	-1.25	-0.6875	0.2558594	0.8583984	-0.4873047	5	1.28125	4.375	111.3794	77.61514	185.9053	77.79195	139.9396	170.1607
741.7164	0.2363281	1.038086	0.1953125	3.15625	-1.59375	-1.1875	0.3066406	0.4072266	1.027344	-0.0625	-1.25	-0.6875	0.08984375	0.7919922	-0.4384766	0.53125	-5.09375	-1.46875	111.2822	78.01295	185.6753	77.79195	139.9396	170.1607
741.7498	0.2363281	1.038086	0.1953125	3.15625	-1.59375	-1.1875	0.3066406	0.4072266	1.027344	-0.0625	-1.25	-0.6875	0.08984375	0.7919922	-0.4384766	0.53125	-5.09375	-1.46875	111.3215	77.67124	186.0829	77.56869	137.7144	169.7077
741.7824	0.2363281	1.038086	0.1953125	3.15625	-1.59375	-1.1875	0.3066406	0.4072266	1.027344	-0.0625	-1.25	-0.6875	0.1669922	0.9814453	-0.2451172	-6	-2.03125	-2.40625	111.3215	77.67124	186.0829	77.56869	137.7144	169.7077
741.816	0.2363281	1.038086	0.1953125	3.15625	-1.59375	-1.1875	0.3066406	0.4072266	1.027344	-0.0625	-1.25	-0.6875	0.1669922	0.9814453	-0.2451172	-6	-2.03125	-2.40625	111.3215	77.67124	186.0829	77.88895	137.0065	169.7919
741.8496	0.05078125	0.9101563	0.06152344	1.03125	0.90625	-1.90625	0.3798828	0.2119141	0.8505859	-2.6875	4.3125	-3.875	0.1669922	0.9814453	-0.2451172	-6	-2.03125	-2.40625	111.3215	77.67124	186.0829	77.88895	137.0065	169.7919
741.8828	0.05078125	0.9101563	0.06152344	1.03125	0.90625	-1.90625	0.3798828	0.2119141	0.8505859	-2.6875	4.3125	-3.875	0.1669922	0.9814453	-0.2451172	-6	-2.03125	-2.40625	111.3215	77.67124	186.0829	77.88895	137.0065	169.7919
741.9164	0.05078125	0.9101563	0.06152344	1.03125	0.90625	-1.90625	0.3798828	0.2119141	0.8505859	-2.6875	4.3125	-3.875	0.1669922	0.9814453	-0.2451172	-6	-2.03125	-2.40625	111.3215	77.67124	186.0829	79.73816	129.63	168.9186
741.9507	0.05078125	0.9101563	0.06152344	1.03125	0.90625	-1.90625	0.3798828	0.2119141	0.8505859	-2.6875	4.3125	-3.875	0.1962891	0.8115234	-0.390625	-0.1875	-3.1875	-1.125	111.3215	77.67124	186.0829	79.73816	129.63	168.9186
741.9835	0.05078125	0.9101563	0.06152344	1.03125	0.90625	-1.90625	0.3798828	0.2119141	0.8505859	-2.6875	4.3125	-3.875	0.1962891	0.8115234	-0.390625	-0.1875	-3.1875	-1.125	111.3215	77.67124	186.0829	79.73816	129.63	168.9186
742.0161	0.1796875	0.8427734	0.1259766	7.375	0.28125	-1.65625	0.3798828	0.2119141	0.8505859	-2.6875	4.3125	-3.875	0.1962891	0.8115234	-0.390625	-0.1875	-3.1875	-1.125	111.3215	77.67124	186.0829	79.53684	130.0313	169.1095
742.05	0.1796875	0.8427734	0.1259766	7.375	0.28125	-1.65625	0.3798828	0.2119141	0.8505859	-2.6875	4.3125	-3.875	0.07714844	0.8037109	-0.2871094	-0.625	1.3125	0.09375	111.3215	77.67124	186.0829	79.53684	130.0313	169.1095
742.083	0.1796875	0.8427734	0.1259766	7.375	0.28125	-1.65625	0.2919922	0.2636719	0.8759766	-0.625	0.84375	0.46875	0.1015625	0.8955078	-0.3623047	-0.375	0	-0.9375	111.3215	77.67124	186.0829	79.53684	130.0313	169.1095
742.1164	0.1796875	0.8427734	0.1259766	7.375	0.28125	-1.65625	0.2919922	0.2636719	0.8759766	-0.625	0.84375	0.46875	0.1015625	0.8955078	-0.3623047	-0.375	0	-0.9375	111.3215	77.67124	186.0829	79.16399	130.8065	168.7766
742.1496	0.1796875	0.8427734	0.1259766	7.375	0.28125	-1.65625	0.2919922	0.2636719	0.8759766	-0.625	0.84375	0.46875	0.1015625	0.8955078	-0.3623047	-0.375	0	-0.9375	111.3215	77.67124	186.0829	79.16399	130.8065	168.7766
742.1828	0.00390625	0.9072266	0.06445313	7.0625	0.46875	-0.25	0.2871094	0.2304688	0.8525391	0.96875	-6.65625	-2.15625	0.1015625	0.8955078	-0.3623047	-0.375	0	-0.9375	111.3215	77.67124	186.0829	79.16399	130.8065	168.7766
742.217	0.00390625	0.9072266	0.06445313	7.0625	0.46875	-0.25	0.2871094	0.2304688	0.8525391	0.96875	-6.65625	-2.15625	0.1015625	0.8955078	-0.3623047	-0.375	0	-0.9375	111.3215	77.67124	186.0829	79.45954	129.009	168.7787
742.2501	0.00390625	0.9072266	0.06445313	7.0625	0.46875	-0.25	0.2871094	0.2304688	0.8525391	0.96875	-6.65625	-2.15625	0.1279297	1.023438	-0.3916016	-1.71875	-0.625	0.90625	111.3215	77.67124	186.0829	79.45954	129.009	168.7787
742.283	0.00390625	0.9072266	0.06445313	7.0625	0.46875	-0.25	0.2871094	0.2304688	0.8525391	0.96875	-6.65625	-2.15625	0.1279297	1.023438	-0.3916016	-1.71875	-0.625	0.90625	111.3215	77.67124	186.0829	79.45954	129.009	168.7787
742.3165	0.1503906	0.9355469	0.004882813	0.71875	1.875	-0.4375	0.3183594	0.3085938	0.9101563	-0.1875	3.9375	-1.46875	0.1279297	1.023438	-0.3916016	-1.71875	-0.625	0.90625	111.962	77.83405	186.6051	79.55148	128.422	168.8536
742.3495	0.1503906	0.9355469	0.004882813	0.71875	1.875	-0.4375	0.3183594	0.3085938	0.9101563	-0.1875	3.9375	-1.46875	0.08007813	1.024414	-0.4082031	-0.0625	1.15625	1.15625	111.962	77.83405	186.6051	79.8698	130.3745	169.3134
742.3829	0.1503906	0.9355469	0.004882813	0.71875	1.875	-0.4375	0.3183594	0.3085938	0.9101563	-0.1875	3.9375	-1.46875	0.1337891	0.7382813	-0.2714844	-1.3125	-1.59375	0.21875	111.962	77.83405	186.6051	79.8698	130.3745	169.3134
742.4164	0.1503906	0.9355469	0.004882813	0.71875	1.875	-0.4375	0.3183594	0.3085938	0.9101563	-0.1875	3.9375	-1.46875	0.1337891	0.7382813	-0.2714844	-1.3125	-1.59375	0.21875	111.962	77.83405	186.6051	79.8698	130.3745	169.3134
742.4493	0.1503906	0.9355469	0.004882813	0.71875	1.875	-0.4375	0.3183594	0.3085938	0.9101563	-0.1875	3.9375	-1.46875	0.1337891	0.7382813	-0.2714844	-1.3125	-1.59375	0.21875	111.962	77.83405	186.6051	79.8698	130.3745	169.3134
742.4826	0.1503906	0.9355469	0.004882813	0.71875	1.875	-0.4375	0.3183594	0.3085938	0.9101563	-0.1875	3.9375	-1.46875	0.1142578	0.9726563	-0.2441406	-0.125	-1.84375	0.53125	111.962	77.83405	186.6051	79.8698	130.3745	169.3134
742.5157	0.1503906	0.9355469	0.004882813	0.71875	1.875	-0.4375	0.3183594	0.3085938	0.9101563	-0.1875	3.9375	-1.46875	0.1142578	0.9726563	-0.2441406	-0.125	-1.84375	0.53125	111.962	77.83405	186.6051	79.75726	130.9307	169.2905
742.5496	0.1503906	0.9355469	0.004882813	0.71875	1.875	-0.4375	0.3183594	0.3085938	0.9101563	-0.1875	3.9375	-1.46875	0.1142578	0.9726563	-0.2441406	-0.125	-1.84375	0.53125	111.962	77.83405	186.6051	79.75726	130.9307	169.2905
742.5824	0.1503906	0.9355469	0.004882813	0.71875	1.875	-0.4375	0.3183594	0.3085938	0.9101563	-0.1875	3.9375	-1.46875	0.1142578	0.9726563	-0.2441406	-0.125	-1.84375	0.53125	111.962	77.83405	186.6051	79.75726	130.9307	169.2905
742.6165	-0.01660156	0.9257813	0.1337891	-4.46875	-1.46875	-2.09375	0.3251953	0.1572266	0.9384766	0.09375	0.78125	0.53125	0.1640625	0.9726563	-0.3388672	1.75	0.03125	0.15625	111.7831	77.57034	187.1884	78.84087	134.8762	170.1412
742.6495	-0.01660156	0.9257813	0.1337891	-4.46875	-1.46875	-2.09375	0.3251953	0.1572266	0.9384766	0.09375	0.78125	0.53125	0.1640625	0.9726563	-0.3388672	1.75	0.03125	0.15625	111.7831	77.57034	187.1884	79.15833	133.5369	169.7128
742.6826	-0.01660156	0.9257813	0.1337891	-4.46875	-1.46875	-2.09375	0.3251953	0.1572266	0.9384766	0.09375	0.78125	0.53125	0.1552734	0.9287109	-0.2929688	0.09375	-0.9375	0.46875	111.7831	77.57034	187.1884	79.15833	133.5369	169.7128
742.7156	-0.01660156	0.9257813	0.1337891	-4.46875	-1.46875	-2.09375	0.3076172	0.1679688	0.9521484	-1.46875	0.53125	-0.125	0.1552734	0.9287109	-0.2929688	0.09375	-0.9375	0.46875	111.7831	77.57034	187.1884	79.15833	133.5369	169.7128
742.7491	-0.01660156	0.9257813	0.1337891	-4.46875	-1.46875	-2.09375	0.3076172	0.1679688	0.9521484	-1.46875	0.53125	-0.125	0.1552734	0.9287109	-0.2929688	0.09375	-0.9375	0.46875	111.6435	77.00755	187.5323	79.15833	133.5369	169.7128
742.7821	-0.01660156	0.9257813	0.1337891	-4.46875	-1.46875	-2.09375	0.3076172	0.1679688	0.9521484	-1.46875	0.53125	-0.125	0.1484375	0.8359375	-0.3798828	0.09375	0.78125	0.03125	111.6435	77.00755	187.5323	79.15833	133.5369	169.7128
742.8157	-0.01660156	0.9257813	0.1337891	-4.46875	-1.46875	-2.09375	0.3076172	0.1679688	0.9521484	-1.46875	0.53125	-0.125	0.1503906	0.8818359	-0.3505859	-0.3125	-1.3125	0.28125	111.6435	77.00755	187.5323	79.03333	133.8623	170.0655
742.8491	-0.01660156	0.9257813	0.1337891	-4.46875	-1.46875	-2.09375	0.3076172	0.1679688	0.9521484	-1.46875	0.53125	-0.125	0.1503906	0.8818359	-0.3505859	-0.3125	-1.3125	0.28125	111.6435	77.00755	187.5323	79.03333	133.8623	170.0655
742.8822	-0.1054688	0.9443359	-0.01757813	-2.875	-1.59375	-0.25	0.3076172	0.1679688	0.9521484	-1.46875	0.53125	-0.125	0.1503906	0.8818359	-0.3505859	-0.3125	-1.3125	0.28125	111.6435	77.00755	187.5323	79.03333	133.8623	170.0655
742.9155	-0.1054688	0.9443359	-0.01757813	-2.875	-1.59375	-0.25	0.3076172	0.1679688	0.9521484	-1.46875	0.53125	-0.125	0.2197266	0.8740234	-0.3271484	1.21875	1.875	-0.75	111.6435	77.00755	187.5323	79.0307	133.7946	170.0343
742.9495	-0.1054688	0.9443359	-0.01757813	-2.875	-1.59375	-0.25	0.3076172	0.1679688	0.9521484	-1.46875	0.53125	-0.125	0.2197266	0.8740234	-0.3271484	1.21875	1.875	-0.75	111.7302	77.66515	187.08	79.69701	132.1716	169.4761
742.9819	-0.1054688	0.9443359	-0.01757813	-2.875	-1.59375	-0.25	0.3076172	0.1679688	0.9521484	-1.46875	0.53125	-0.125	0.2197266	0.8740234	-0.3271484	1.21875	1.875	-0.75	111.7302	77.66515	187.08	79.69701	132.1716	169.4761
743.0156	0.07421875	1.032227	0.2783203	-2.09375	-0.625	-0.3125	0.4013672	0.1865234	0.9345703	-0.6875	-0.125	-0.875	0.1484375	0.9394531	-0.4013672	0	0.46875	-0.6875	111.7302	77.66515	187.08	79.69701	132.1716	169.4761
743.0492	0.07421875	1.032227	0.2783203	-2.09375	-0.625	-0.3125	0.4013672	0.1865234	0.9345703	-0.6875	-0.125	-0.875	0.1484375	0.9394531	-0.4013672	0	0.46875	-0.6875	111.7302	77.66515	187.08	79.69701	132.1716	169.4761
743.0821	0.07421875	1.032227	0.2783203	-2.09375	-0.625	-0.3125	0.4013672	0.1865234	0.9345703	-0.6875	-0.125	-0.875	0.1484375	0.9394531	-0.4013672	0	0.46875	-0.6875	111.7302	77.66515	187.08	79.69701	132.1716	169.4761
743.1157	0.07421875	1.032227	0.2783203	-2.09375	-0.625	-0.3125	0.4013672	0.1865234	0.9345703	-0.6875	-0.125	-0.875	0.1484375	0.9394531	-0.4013672	0	0.46875	-0.6875	111.7302	77.66515	187.08	79.56274	133.2475	169.6695
743.149	0.07421875	1.032227	0.2783203	-2.09375	-0.625	-0.3125	0.4013672	0.1865234	0.9345703	-0.6875	-0.125	-0.875	0.1933594	0.9013672	-0.2998047	-0.25	0.65625	0.21875	111.7302	77.66515	187.08	79.56274	133.2475	169.6695
743.1823	0.07421875	1.032227	0.2783203	-2.09375	-0.625	-0.3125	0.4013672	0.1865234	0.9345703	-0.6875	-0.125	-0.875	0.1933594	0.9013672	-0.2998047	-0.25	0.65625	0.21875	111.7302	77.66515	187.08	79.56274	133.2475	169.6695
743.2158	0.07421875	1.032227	0.2783203	-2.09375	-0.625	-0.3125	0.2402344	0.2177734	0.9501953	0.09375	0	0	0.02636719	0.8974609	-0.2666016	-0.5625	-0.5	-0.1875	111.4346	78.39268	186.8737	79.21813	133.71	169.3758
743.2866	0.07421875	1.032227	0.2783203	-2.09375	-0.625	-0.3125	0.2402344	0.2177734	0.9501953	0.09375	0	0	0.02636719	0.8974609	-0.2666016	-0.5625	-0.5	-0.1875	111.4346	78.39268	186.8737	79.19898	133.3667	169.0924
743.3035	0.07421875	1.032227	0.2783203	-2.09375	-0.625	-0.3125	0.3242188	0.1835938	0.9931641	-1.40625	-0.5	-0.0625	0.07421875	0.7646484	-0.3564453	-0.875	-1.34375	-0.5	111.4346	78.39268	186.8737	79.19898	133.3667	169.0924
743.3317	-0.08789063	0.8828125	0.2919922	-1.96875	-0.875	0.78125	0.3242188	0.1835938	0.9931641	-1.40625	-0.5	-0.0625	0.07421875	0.7646484	-0.3564453	-0.875	-1.34375	-0.5	111.6586	77.92501	187.0047	79.19898	133.3667	169.0924
743.3649	-0.08789063	0.8828125	0.2919922	-1.96875	-0.875	0.78125	0.3242188	0.1835938	0.9931641	-1.40625	-0.5	-0.0625	0.07421875	0.7646484	-0.3564453	-0.875	-1.34375	-0.5	111.6586	77.92501	187.0047	79.19898	133.3667	169.0924
743.3981	-0.08789063	0.8828125	0.2919922	-1.96875	-0.875	0.78125	0.3242188	0.1835938	0.9931641	-1.40625	-0.5	-0.0625	0.0703125	0.9042969	-0.3574219	-0.9375	-0.25	0.03125	111.581	78.12402	186.8688	79.46404	133.49	169.3057
743.4312	-0.08789063	0.8828125	0.2919922	-1.96875	-0.875	0.78125	0.3242188	0.1835938	0.9931641	-1.40625	-0.5	-0.0625	0.0703125	0.9042969	-0.3574219	-0.9375	-0.25	0.03125	111.581	78.12402	186.8688	79.46404	133.49	169.3057
743.4651	-0.08789063	0.8828125	0.2919922	-1.96875	-0.875	0.78125	0.3242188	0.1835938	0.9931641	-1.40625	-0.5	-0.0625	0.0703125	0.9042969	-0.3574219	-0.9375	-0.25	0.03125	111.581	78.12402	186.8688	79.46404	133.49	169.3057
743.4982	-0.08789063	0.8828125	0.2919922	-1.96875	-0.875	0.78125	0.3242188	0.1835938	0.9931641	-1.40625	-0.5	-0.0625	0.0703125	0.9042969	-0.3574219	-0.9375	-0.25	0.03125	111.581	78.12402	186.8688	79.44245	133.5646	169.2838
743.5321	-0.08789063	0.8828125	0.2919922	-1.96875	-0.875	0.78125	0.3242188	0.1835938	0.9931641	-1.40625	-0.5	-0.0625	0.2197266	0.7880859	-0.3017578	-0.125	-0.1875	0.59375	111.581	78.12402	186.8688	79.44245	133.5646	169.2838
743.5651	-0.08789063	0.8828125	0.2919922	-1.96875	-0.875	0.78125	0.3242188	0.1835938	0.9931641	-1.40625	-0.5	-0.0625	0.2197266	0.7880859	-0.3017578	-0.125	-0.1875	0.59375	111.581	78.12402	186.8688	79.44245	133.5646	169.2838
743.598	-0.08789063	0.8828125	0.2919922	-1.96875	-0.875	0.78125	0.3242188	0.1835938	0.9931641	-1.40625	-0.5	-0.0625	0.2197266	0.7880859	-0.3017578	-0.125	-0.1875	0.59375	111.581	78.12402	186.8688	79.06842	134.6607	169.344
743.6321	0.1044922	1.044922	0.2109375	-1	-0.1875	-0.5	0.3242188	0.1835938	0.9931641	-1.40625	-0.5	-0.0625	-0.006835938	0.9667969	-0.359375	0.15625	0.90625	-0.1875	111.2093	77.86816	187.1899	79.06842	134.6607	169.344
743.6652	0.1044922	1.044922	0.2109375	-1	-0.1875	-0.5	0.2910156	0.2128906	0.7255859	-1.65625	1.9375	0.71875	-0.006835938	0.9667969	-0.359375	0.15625	0.90625	-0.1875	111.2093	77.86816	187.1899	79.06842	134.6607	169.344
743.6982	0.1044922	1.044922	0.2109375	-1	-0.1875	-0.5	0.2910156	0.2128906	0.7255859	-1.65625	1.9375	0.71875	0.07617188	0.8994141	-0.4013672	0.21875	1.09375	0.15625	111.2093	77.86816	187.1899	78.81071	135.1541	169.561
743.7314	0.1044922	1.044922	0.2109375	-1	-0.1875	-0.5	0.2910156	0.2128906	0.7255859	-1.65625	1.9375	0.71875	0.07617188	0.8994141	-0.4013672	0.21875	1.09375	0.15625	111.2093	77.86816	187.1899	78.81071	135.1541	169.561
743.7648	0.1044922	1.044922	0.2109375	-1	-0.1875	-0.5	0.2910156	0.2128906	0.7255859	-1.65625	1.9375	0.71875	0.07617188	0.8994141	-0.4013672	0.21875	1.09375	0.15625	111.2093	77.86816	187.1899	78.81071	135.1541	169.561
743.7982	0.1044922	1.044922	0.2109375	-1	-0.1875	-0.5	0.2910156	0.2128906	0.7255859	-1.65625	1.9375	0.71875	0.0390625	0.8007813	-0.3056641	-0.3125	5.1875	-2.875	111.2093	77.86816	187.1899	79.04937	135.3269	169.7825
743.8316	0.05566406	1.014648	0.3046875	2.3125	-2.28125	1.09375	0.2910156	0.2128906	0.7255859	-1.65625	1.9375	0.71875	0.0390625	0.8007813	-0.3056641	-0.3125	5.1875	-2.875	111.2444	77.69672	187.1924	79.04937	135.3269	169.7825
743.8649	0.05566406	1.014648	0.3046875	2.3125	-2.28125	1.09375	0.4277344	0.2441406	0.8212891	0.53125	0.65625	-0.3125	0.0390625	0.8007813	-0.3056641	-0.3125	5.1875	-2.875	111.2444	77.69672	187.1924	79.04937	135.3269	169.7825
743.8982	0.05566406	1.014648	0.3046875	2.3125	-2.28125	1.09375	0.4277344	0.2441406	0.8212891	0.53125	0.65625	-0.3125	0.0390625	0.8007813	-0.3056641	-0.3125	5.1875	-2.875	111.2444	77.69672	187.1924	78.96233	136.6618	169.9115
743.9318	0.05566406	1.014648	0.3046875	2.3125	-2.28125	1.09375	0.4277344	0.2441406	0.8212891	0.53125	0.65625	-0.3125	0.2861328	1.018555	-0.3398438	-0.375	-2.09375	0.78125	111.2444	77.69672	187.1924	78.96233	136.6618	169.9115
743.965	0.05566406	1.014648	0.3046875	2.3125	-2.28125	1.09375	0.4277344	0.2441406	0.8212891	0.53125	0.65625	-0.3125	0.2861328	1.018555	-0.3398438	-0.375	-2.09375	0.78125	111.2076	77.8697	187.0858	78.96233	136.6618	169.9115
743.998	0.05566406	1.014648	0.3046875	2.3125	-2.28125	1.09375	0.4277344	0.2441406	0.8212891	0.53125	0.65625	-0.3125	0.1123047	0.9433594	-0.4082031	1.8125	0.09375	0.40625	111.2076	77.8697	187.0858	79.10029	136.4284	169.8128
744.0315	0.05566406	1.014648	0.3046875	2.3125	-2.28125	1.09375	0.4277344	0.2441406	0.8212891	0.53125	0.65625	-0.3125	0.1123047	0.9433594	-0.4082031	1.8125	0.09375	0.40625	111.2076	77.8697	187.0858	79.10029	136.4284	169.8128
744.0651	0.1582031	0.9130859	0.3046875	2.1875	0.59375	-0.5	0.2480469	0.2412109	0.9335938	-0.1875	0.09375	-1.0625	0.1123047	0.9433594	-0.4082031	1.8125	0.09375	0.40625	111.2076	77.8697	187.0858	79.10029	136.4284	169.8128
744.0978	0.1582031	0.9130859	0.3046875	2.1875	0.59375	-0.5	0.2480469	0.2412109	0.9335938	-0.1875	0.09375	-1.0625	-0.04492188	0.8857422	-0.3779297	-1.0625	-0.0625	-1.78125	111.2076	77.8697	187.0858	78.72088	137.3755	169.8909
744.132	0.1582031	0.9130859	0.3046875	2.1875	0.59375	-0.5	0.1914063	0.2792969	0.8691406	1.625	-0.25	0.53125	-0.04492188	0.8857422	-0.3779297	-1.0625	-0.0625	-1.78125	111.2076	77.8697	187.0858	78.72088	137.3755	169.8909
744.1647	0.1582031	0.9130859	0.3046875	2.1875	0.59375	-0.5	0.34375	0.1699219	0.9189453	-0.5	0.53125	-0.8125	-0.04492188	0.8857422	-0.3779297	-1.0625	-0.0625	-1.78125	111.2076	77.8697	187.0858	78.72088	137.3755	169.8909
744.1975	0.1113281	0.8183594	0.1337891	3.40625	0.15625	0.28125	0.34375	0.1699219	0.9189453	-0.5	0.53125	-0.8125	-0.04492188	0.8857422	-0.3779297	-1.0625	-0.0625	-1.78125	111.2076	77.8697	187.0858	78.59151	138.2321	169.8556
744.2319	0.1113281	0.8183594	0.1337891	3.40625	0.15625	0.28125	0.2529297	0.2519531	0.8691406	0	-0.3125	-0.1875	0.2226563	0.7734375	-0.3945313	-0.9375	0.96875	-4.96875	111.2076	77.8697	187.0858	78.59151	138.2321	169.8556
744.2648	0.1113281	0.8183594	0.1337891	3.40625	0.15625	0.28125	0.2529297	0.2519531	0.8691406	0	-0.3125	-0.1875	0.2226563	0.7734375	-0.3945313	-0.9375	0.96875	-4.96875	111.2076	77.8697	187.0858	78.59151	138.2321	169.8556
744.2979	0.1113281	0.8183594	0.1337891	3.40625	0.15625	0.28125	0.2529297	0.2519531	0.8691406	0	-0.3125	-0.1875	0.2226563	0.7734375	-0.3945313	-0.9375	0.96875	-4.96875	110.8393	77.76445	187.6893	78.59151	138.2321	169.8556
744.3314	0.001953125	0.9101563	0.3251953	6.75	0.21875	-0.5	0.2529297	0.2519531	0.8691406	0	-0.3125	-0.1875	0.1367188	0.9726563	-0.3466797	-0.5	5.21875	-9.40625	110.8393	77.76445	187.6893	77.79367	142.8697	170.4285
744.3648	0.001953125	0.9101563	0.3251953	6.75	0.21875	-0.5	0.3583984	0.2626953	0.9140625	0.90625	4.875	2.78125	0.1367188	0.9726563	-0.3466797	-0.5	5.21875	-9.40625	110.8393	77.76445	187.6893	77.79367	142.8697	170.4285
744.3978	0.001953125	0.9101563	0.3251953	6.75	0.21875	-0.5	0.3583984	0.2626953	0.9140625	0.90625	4.875	2.78125	0.06152344	0.7226563	-0.1982422	6.6875	6.5	-14.1875	110.8393	77.76445	187.6893	78.1102	144.6205	170.3393
744.4314	0.001953125	0.9101563	0.3251953	6.75	0.21875	-0.5	0.3583984	0.2626953	0.9140625	0.90625	4.875	2.78125	0.06152344	0.7226563	-0.1982422	6.6875	6.5	-14.1875	110.8393	77.76445	187.6893	78.1102	144.6205	170.3393
744.4645	0.001953125	0.9101563	0.3251953	6.75	0.21875	-0.5	0.3583984	0.2626953	0.9140625	0.90625	4.875	2.78125	0.06152344	0.7226563	-0.1982422	6.6875	6.5	-14.1875	110.8393	77.76445	187.6893	78.1102	144.6205	170.3393
744.4977	0.001953125	0.9101563	0.3251953	6.75	0.21875	-0.5	0.3583984	0.2626953	0.9140625	0.90625	4.875	2.78125	0.06152344	0.7226563	-0.1982422	6.6875	6.5	-14.1875	110.8393	77.76445	187.6893	76.78097	148.8675	169.5677
744.5312	0.001953125	0.9101563	0.3251953	6.75	0.21875	-0.5	0.3583984	0.2626953	0.9140625	0.90625	4.875	2.78125	-0.1582031	0.6816406	-0.5498047	48.09375	-10.21875	9.1875	110.8393	77.76445	187.6893	76.78097	148.8675	169.5677
744.5646	-0.02734375	0.9091797	0.2255859	11.8125	2.125	-1.25	0.3017578	0.2890625	0.9121094	0.96875	1.21875	0.59375	-0.1582031	0.6816406	-0.5498047	48.09375	-10.21875	9.1875	110.8393	77.76445	187.6893	76.78097	148.8675	169.5677
744.5977	-0.02734375	0.9091797	0.2255859	11.8125	2.125	-1.25	0.3017578	0.2890625	0.9121094	0.96875	1.21875	0.59375	0.4785156	0.8955078	-0.4150391	51.75	61.9375	9.3125	110.6043	77.96085	187.6033	76.78097	148.8675	169.5677
744.6311	-0.02734375	0.9091797	0.2255859	11.8125	2.125	-1.25	0.3017578	0.2890625	0.9121094	0.96875	1.21875	0.59375	0.4785156	0.8955078	-0.4150391	51.75	61.9375	9.3125	110.7511	78.06355	187.3212	69.68245	140.5873	166.7079
744.6645	-0.006835938	0.8544922	0.02148438	39.59375	-4.21875	0	0.3017578	0.2890625	0.9121094	0.96875	1.21875	0.59375	0.4785156	0.8955078	-0.4150391	51.75	61.9375	9.3125	110.7511	78.06355	187.3212	69.68245	140.5873	166.7079
744.6974	-0.006835938	0.8544922	0.02148438	39.59375	-4.21875	0	0.375	0.2539063	0.9423828	1.375	4.5	2	-0.03613281	0.8125	-0.5322266	73.03125	43.6875	-33.65625	110.7511	78.06355	187.3212	61.20602	153.1807	169.7653
744.7307	-0.006835938	0.8544922	0.02148438	39.59375	-4.21875	0	0.375	0.2539063	0.9423828	1.375	4.5	2	-0.03613281	0.8125	-0.5322266	73.03125	43.6875	-33.65625	110.7511	78.06355	187.3212	61.20602	153.1807	169.7653
744.7646	-0.006835938	0.8544922	0.02148438	39.59375	-4.21875	0	0.375	0.2539063	0.9423828	1.375	4.5	2	-0.03613281	0.8125	-0.5322266	73.03125	43.6875	-33.65625	111.0116	77.96242	187.3256	61.20602	153.1807	169.7653
744.7973	-0.006835938	0.8544922	0.02148438	39.59375	-4.21875	0	0.3193359	0.171875	0.9189453	0.96875	7.75	6.34375	-0.03613281	0.8125	-0.5322266	73.03125	43.6875	-33.65625	111.0116	77.96242	187.3256	49.15915	166.5515	170.4695
744.8311	-0.006835938	0.8544922	0.02148438	39.59375	-4.21875	0	0.3193359	0.171875	0.9189453	0.96875	7.75	6.34375	0.05859375	0.5927734	-0.6962891	90.6875	45.40625	24.8125	111.0116	77.96242	187.3256	49.15915	166.5515	170.4695
744.8643	0.1640625	0.7998047	-0.09570313	45.34375	1.875	1.6875	0.2548828	0.1269531	0.9208984	1.8125	26.34375	11.15625	0.05859375	0.5927734	-0.6962891	90.6875	45.40625	24.8125	111.0285	76.95492	186.9162	49.15915	166.5515	170.4695
744.8976	0.1640625	0.7998047	-0.09570313	45.34375	1.875	1.6875	0.2548828	0.1269531	0.9208984	1.8125	26.34375	11.15625	0.1005859	0.6757813	-1.05957	42.78125	-8.3125	43.625	111.0285	76.95492	186.9162	35.83051	172.2515	172.5883
744.931	0.1640625	0.7998047	-0.09570313	45.34375	1.875	1.6875	0.2548828	0.1269531	0.9208984	1.8125	26.34375	11.15625	0.1005859	0.6757813	-1.05957	42.78125	-8.3125	43.625	111.0285	76.95492	186.9162	35.83051	172.2515	172.5883
744.9643	0.1640625	0.7998047	-0.09570313	45.34375	1.875	1.6875	0.2548828	0.1269531	0.9208984	1.8125	26.34375	11.15625	0.1005859	0.6757813	-1.05957	42.78125	-8.3125	43.625	111.0285	76.95492	186.9162	35.83051	172.2515	172.5883
744.9973	0.1640625	0.7998047	-0.09570313	45.34375	1.875	1.6875	0.2548828	0.1269531	0.9208984	1.8125	26.34375	11.15625	0.1005859	0.6757813	-1.05957	42.78125	-8.3125	43.625	111.0285	76.95492	186.9162	29.99632	169.6994	172.9685
745.031	0.02832031	0.8896484	0.08105469	-9.53125	27.5	-0.125	0.2548828	0.1269531	0.9208984	1.8125	26.34375	11.15625	0.6210938	0.3310547	-1.113281	19.53125	-41.8125	12.8125	111.0285	76.95492	186.9162	29.99632	169.6994	172.9685
745.0635	0.02832031	0.8896484	0.08105469	-9.53125	27.5	-0.125	0.2548828	0.1269531	0.9208984	1.8125	26.34375	11.15625	0.6210938	0.3310547	-1.113281	19.53125	-41.8125	12.8125	111.0285	76.95492	186.9162	29.99632	169.6994	172.9685
745.0968	0.1367188	1.118164	-0.01171875	128.4063	-4.03125	30.6875	0.2548828	0.1269531	0.9208984	1.8125	26.34375	11.15625	0.6210938	0.3310547	-1.113281	19.53125	-41.8125	12.8125	111.0285	76.95492	186.9162	26.50339	167.5997	171.7606
745.1308	0.1367188	1.118164	-0.01171875	128.4063	-4.03125	30.6875	0.2548828	0.1269531	0.9208984	1.8125	26.34375	11.15625	-0.02832031	1.203125	-1.013672	-23.28125	-26.75	-60.3125	108.5564	70.9132	191.3524	26.50339	167.5997	171.7606
745.1641	0.1367188	1.118164	-0.01171875	128.4063	-4.03125	30.6875	1.223633	-0.3251953	1.824219	31.78125	57.71875	-11.125	-0.02832031	1.203125	-1.013672	-23.28125	-26.75	-60.3125	108.5564	70.9132	191.3524	26.50339	167.5997	171.7606
745.1968	0.1367188	1.118164	-0.01171875	128.4063	-4.03125	30.6875	1.223633	-0.3251953	1.824219	31.78125	57.71875	-11.125	-0.9140625	1.053711	0.6357422	-97.71875	106.1875	-107.9375	108.5564	70.9132	191.3524	26.50339	167.5997	171.7606
745.2303	0.1367188	1.118164	-0.01171875	128.4063	-4.03125	30.6875	1.223633	-0.3251953	1.824219	31.78125	57.71875	-11.125	-0.9140625	1.053711	0.6357422	-97.71875	106.1875	-107.9375	108.5564	70.9132	191.3524	33.70256	160.4783	169.1499
745.2634	0.3388672	0.8125	-0.8388672	74.9375	18.34375	-8.9375	0.3037109	0.34375	0.6855469	103.5	-38.40625	12.8125	-0.9140625	1.053711	0.6357422	-97.71875	106.1875	-107.9375	108.5564	70.9132	191.3524	33.70256	160.4783	169.1499
745.2963	0.3388672	0.8125	-0.8388672	74.9375	18.34375	-8.9375	0.3037109	0.34375	0.6855469	103.5	-38.40625	12.8125	-0.2402344	1.999023	-0.2744141	132.8125	323.4063	-68.25	108.5564	70.9132	191.3524	43.45794	143.8712	158.9682
745.3301	0.3388672	0.8125	-0.8388672	74.9375	18.34375	-8.9375	0.3037109	0.34375	0.6855469	103.5	-38.40625	12.8125	-0.2402344	1.999023	-0.2744141	132.8125	323.4063	-68.25	119.1934	75.47572	183.6096	43.45794	143.8712	158.9682
745.3638	0.3388672	0.8125	-0.8388672	74.9375	18.34375	-8.9375	-0.01855469	0.5273438	0.6933594	107.0313	8.84375	-19.65625	-0.2402344	1.999023	-0.2744141	132.8125	323.4063	-68.25	119.1934	75.47572	183.6096	43.45794	143.8712	158.9682
745.3966	0.3388672	0.8125	-0.8388672	74.9375	18.34375	-8.9375	-0.01855469	0.5273438	0.6933594	107.0313	8.84375	-19.65625	-0.5722656	0.8017578	-1.112305	-376.3125	-38.09375	9.875	119.1934	75.47572	183.6096	63.17967	132.6918	160.6583
745.4303	0.004882813	1.19043	-0.2666016	-185.3125	-9.125	-12.09375	-0.01855469	0.5273438	0.6933594	107.0313	8.84375	-19.65625	-0.5722656	0.8017578	-1.112305	-376.3125	-38.09375	9.875	119.1934	75.47572	183.6096	63.17967	132.6918	160.6583
745.4636	0.004882813	1.19043	-0.2666016	-185.3125	-9.125	-12.09375	-0.01855469	0.5273438	0.6933594	107.0313	8.84375	-19.65625	-0.5722656	0.8017578	-1.112305	-376.3125	-38.09375	9.875	119.1934	75.47572	183.6096	63.17967	132.6918	160.6583
745.4963	0.004882813	1.19043	-0.2666016	-185.3125	-9.125	-12.09375	-0.01855469	0.5273438	0.6933594	107.0313	8.84375	-19.65625	0.1298828	-0.3671875	-2	-555.0625	49.0625	50.46875	119.1934	75.47572	183.6096	63.17967	132.6918	160.6583
745.5308	0.2978516	0.5048828	-0.7099609	-64.71875	-104.5	43	-0.01855469	0.5273438	0.6933594	107.0313	8.84375	-19.65625	0.1298828	-0.3671875	-2	-555.0625	49.0625	50.46875	149.7114	60.91131	179.203	107.0288	42.25105	157.1683
745.5638	0.2978516	0.5048828	-0.7099609	-64.71875	-104.5	43	-0.01855469	0.5273438	0.6933594	107.0313	8.84375	-19.65625	0.1298828	-0.3671875	-2	-555.0625	49.0625	50.46875	149.7114	60.91131	179.203	107.0288	42.25105	157.1683
745.5964	0.2978516	0.5048828	-0.7099609	-64.71875	-104.5	43	-0.2890625	1.457031	-0.1826172	185.1563	-48.1875	-95.15625	0.2480469	-0.3310547	-1.075195	222.8125	3.28125	6.625	149.7114	60.91131	179.203	162.0344	357.9505	173.1741
745.6301	0.2978516	0.5048828	-0.7099609	-64.71875	-104.5	43	-0.2890625	1.457031	-0.1826172	185.1563	-48.1875	-95.15625	0.2480469	-0.3310547	-1.075195	222.8125	3.28125	6.625	149.7114	60.91131	179.203	162.0344	357.9505	173.1741
745.6637	0.2978516	0.5048828	-0.7099609	-64.71875	-104.5	43	-0.2890625	1.457031	-0.1826172	185.1563	-48.1875	-95.15625	0.2480469	-0.3310547	-1.075195	222.8125	3.28125	6.625	149.7114	60.91131	179.203	162.0344	357.9505	173.1741
745.6962	0.2978516	0.5048828	-0.7099609	-64.71875	-104.5	43	-0.2890625	1.457031	-0.1826172	185.1563	-48.1875	-95.15625	0.2480469	-0.3310547	-1.075195	222.8125	3.28125	6.625	149.7114	60.91131	179.203	139.4539	352.353	171.3288
745.7305	0.2978516	0.5048828	-0.7099609	-64.71875	-104.5	43	1.029297	1.663086	0.5820313	182.5313	-22.78125	-91.5625	1.40918	-0.2099609	-1.328125	347.875	-385.0938	57.0625	149.7114	60.91131	179.203	139.4539	352.353	171.3288
745.7636	0.2978516	0.5048828	-0.7099609	-64.71875	-104.5	43	1.029297	1.663086	0.5820313	182.5313	-22.78125	-91.5625	1.40918	-0.2099609	-1.328125	347.875	-385.0938	57.0625	149.7114	60.91131	179.203	139.4539	352.353	171.3288
745.7963	0.2978516	0.5048828	-0.7099609	-64.71875	-104.5	43	1.038086	1.341797	0.4326172	-149.5	-206.25	60.03125	-0.6806641	0.9550781	-1.137695	-212.3438	64.4375	-57.875	206.4848	67.60533	166.5737	139.4539	352.353	171.3288
745.8299	0.2978516	0.5048828	-0.7099609	-64.71875	-104.5	43	1.038086	1.341797	0.4326172	-149.5	-206.25	60.03125	-0.6806641	0.9550781	-1.137695	-212.3438	64.4375	-57.875	206.4848	67.60533	166.5737	176.7862	343.2039	186.4663
745.8632	0.2978516	0.5048828	-0.7099609	-64.71875	-104.5	43	1.038086	1.341797	0.4326172	-149.5	-206.25	60.03125	-0.6806641	0.9550781	-1.137695	-212.3438	64.4375	-57.875	206.4848	67.60533	166.5737	176.7862	343.2039	186.4663
745.8965	0.2978516	0.5048828	-0.7099609	-64.71875	-104.5	43	1.038086	1.341797	0.4326172	-149.5	-206.25	60.03125	0.1542969	1.219727	0.08007813	88.59375	-16.96875	26.96875	206.4848	67.60533	166.5737	171.0426	343.5113	176.3202
745.93	0.2978516	0.5048828	-0.7099609	-64.71875	-104.5	43	1.038086	1.341797	0.4326172	-149.5	-206.25	60.03125	0.1542969	1.219727	0.08007813	88.59375	-16.96875	26.96875	206.4848	67.60533	166.5737	171.0426	343.5113	176.3202
745.9631	0.5341797	1.852539	-0.2783203	84.59375	-33.40625	48.15625	1.038086	1.341797	0.4326172	-149.5	-206.25	60.03125	0.1542969	1.219727	0.08007813	88.59375	-16.96875	26.96875	206.4848	67.60533	166.5737	171.0426	343.5113	176.3202
745.996	0.5341797	1.852539	-0.2783203	84.59375	-33.40625	48.15625	1.038086	1.341797	0.4326172	-149.5	-206.25	60.03125	0.1542969	1.219727	0.08007813	88.59375	-16.96875	26.96875	171.3629	63.84603	175.8621	133.4302	355.0121	169.4422
746.0303	0.07421875	0.1308594	0.06054688	-64.90625	25.4375	9.3125	0.3203125	0.001953125	-1.081055	-58.25	-83.8125	152.0938	-0.9492188	1.999023	0.5849609	303.875	51.8125	-63.0625	171.3629	63.84603	175.8621	133.4302	355.0121	169.4422
746.0632	0.07421875	0.1308594	0.06054688	-64.90625	25.4375	9.3125	0.3203125	0.001953125	-1.081055	-58.25	-83.8125	152.0938	-0.9492188	1.999023	0.5849609	303.875	51.8125	-63.0625	171.3629	63.84603	175.8621	133.4302	355.0121	169.4422
746.0963	0.07421875	0.1308594	0.06054688	-64.90625	25.4375	9.3125	-0.09472656	0.4287109	1.007813	-27.96875	176.9375	12.25	-0.6738281	1.321289	-0.1074219	156.0625	463.1875	-235.5625	163.9027	68.26342	165.0471	133.4302	355.0121	169.4422
746.13	0.07421875	0.1308594	0.06054688	-64.90625	25.4375	9.3125	-0.09472656	0.4287109	1.007813	-27.96875	176.9375	12.25	-0.6738281	1.321289	-0.1074219	156.0625	463.1875	-235.5625	163.9027	68.26342	165.0471	118.8561	30.96837	149.4724
746.163	0.07421875	0.1308594	0.06054688	-64.90625	25.4375	9.3125	-0.09472656	0.4287109	1.007813	-27.96875	176.9375	12.25	-0.6738281	1.321289	-0.1074219	156.0625	463.1875	-235.5625	163.9027	68.26342	165.0471	118.8561	30.96837	149.4724
746.1959	0.07421875	0.1308594	0.06054688	-64.90625	25.4375	9.3125	2.007813	0.5380859	-0.4433594	-56.53125	-177.6875	5.78125	-0.1796875	0.6933594	-1.341797	-271.125	-53.40625	103.5	163.9027	68.26342	165.0471	125.5465	3.630838	143.0489
746.2297	0.07421875	0.1308594	0.06054688	-64.90625	25.4375	9.3125	2.007813	0.5380859	-0.4433594	-56.53125	-177.6875	5.78125	-0.1796875	0.6933594	-1.341797	-271.125	-53.40625	103.5	163.9027	68.26342	165.0471	125.5465	3.630838	143.0489
746.2635	0.07421875	0.1308594	0.06054688	-64.90625	25.4375	9.3125	2.007813	0.5380859	-0.4433594	-56.53125	-177.6875	5.78125	-0.1796875	0.6933594	-1.341797	-271.125	-53.40625	103.5	163.9027	68.26342	165.0471	125.5465	3.630838	143.0489
746.2963	0.07421875	0.1308594	0.06054688	-64.90625	25.4375	9.3125	2.007813	0.5380859	-0.4433594	-56.53125	-177.6875	5.78125	-0.1796875	0.6933594	-1.341797	-271.125	-53.40625	103.5	163.9027	68.26342	165.0471	154.2386	351.402	149.782
746.3296	-0.3505859	0.3857422	-1.237305	38.125	-10.09375	-1	2.007813	0.5380859	-0.4433594	-56.53125	-177.6875	5.78125	-0.03027344	0.875	-1.793945	-422.25	96.65625	55.65625	163.9027	68.26342	165.0471	154.2386	351.402	149.782
746.3627	-0.3505859	0.3857422	-1.237305	38.125	-10.09375	-1	2.007813	0.5380859	-0.4433594	-56.53125	-177.6875	5.78125	-0.03027344	0.875	-1.793945	-422.25	96.65625	55.65625	163.9027	68.26342	165.0471	154.2386	351.402	149.782
746.3963	-0.3505859	0.3857422	-1.237305	38.125	-10.09375	-1	2.007813	0.5380859	-0.4433594	-56.53125	-177.6875	5.78125	1.692383	-1.500977	1.999023	-449.7813	40.6875	-172.0625	163.9027	68.26342	165.0471	154.2386	351.402	149.782
746.4297	-0.3505859	0.3857422	-1.237305	38.125	-10.09375	-1	2.007813	0.5380859	-0.4433594	-56.53125	-177.6875	5.78125	1.692383	-1.500977	1.999023	-449.7813	40.6875	-172.0625	163.9027	68.26342	165.0471	178.2542	327.5233	164.9479
746.463	-0.3505859	0.3857422	-1.237305	38.125	-10.09375	-1	2.007813	0.5380859	-0.4433594	-56.53125	-177.6875	5.78125	1.692383	-1.500977	1.999023	-449.7813	40.6875	-172.0625	163.9027	68.26342	165.0471	178.2542	327.5233	164.9479
746.496	-0.3505859	0.3857422	-1.237305	38.125	-10.09375	-1	2.007813	0.5380859	-0.4433594	-56.53125	-177.6875	5.78125	1.692383	-1.500977	1.999023	-449.7813	40.6875	-172.0625	163.9027	68.26342	165.0471	155.2565	327.5394	161.6782
746.5295	-0.3505859	0.3857422	-1.237305	38.125	-10.09375	-1	2.007813	0.5380859	-0.4433594	-56.53125	-177.6875	5.78125	1.692383	-1.500977	1.999023	-449.7813	40.6875	-172.0625	163.9027	68.26342	165.0471	155.2565	327.5394	161.6782
746.5632	0.1816406	0.3857422	0.07714844	10.25	11.34375	-1.46875	2.007813	0.5380859	-0.4433594	-56.53125	-177.6875	5.78125	0.4824219	1.59375	-2	356.75	-513.625	-535.125	210.0812	70.00115	165.3225	155.2565	327.5394	161.6782
746.596	0.1816406	0.3857422	0.07714844	10.25	11.34375	-1.46875	0.01953125	1.563477	1.642578	105.625	-89	-41.21875	0.4824219	1.59375	-2	356.75	-513.625	-535.125	210.0812	70.00115	165.3225	178.9884	330.137	163.627
746.6299	0.1816406	0.3857422	0.07714844	10.25	11.34375	-1.46875	0.01953125	1.563477	1.642578	105.625	-89	-41.21875	-0.06835938	0.640625	-0.7783203	134.0938	43.5625	-131.5	210.0812	70.00115	165.3225	178.9884	330.137	163.627
746.6627	0.1816406	0.3857422	0.07714844	10.25	11.34375	-1.46875	1.192383	1.957031	-1.572266	-105.5313	176.25	89.15625	-0.06835938	0.640625	-0.7783203	134.0938	43.5625	-131.5	210.0812	70.00115	165.3225	178.9884	330.137	163.627
746.6964	0.1816406	0.3857422	0.07714844	10.25	11.34375	-1.46875	1.192383	1.957031	-1.572266	-105.5313	176.25	89.15625	-0.1835938	1.999023	0.9921875	153.9688	63.09375	-100.125	210.0812	70.00115	165.3225	178.9884	330.137	163.627
746.7293	0.1816406	0.3857422	0.07714844	10.25	11.34375	-1.46875	1.192383	1.957031	-1.572266	-105.5313	176.25	89.15625	-0.1835938	1.999023	0.9921875	153.9688	63.09375	-100.125	210.0812	70.00115	165.3225	180.0819	317.852	148.389
746.7626	0.1816406	0.3857422	0.07714844	10.25	11.34375	-1.46875	1.192383	1.957031	-1.572266	-105.5313	176.25	89.15625	-0.1835938	1.999023	0.9921875	153.9688	63.09375	-100.125	210.0812	70.00115	165.3225	180.0819	317.852	148.389
746.7957	0.1816406	0.3857422	0.07714844	10.25	11.34375	-1.46875	1.192383	1.957031	-1.572266	-105.5313	176.25	89.15625	1.999023	-1.613281	-0.3095703	-151.6875	157.9375	-106.9375	210.0812	70.00115	165.3225	177.3486	321.0778	139.2364
746.8292	0.1816406	0.3857422	0.07714844	10.25	11.34375	-1.46875	1.192383	1.957031	-1.572266	-105.5313	176.25	89.15625	1.999023	-1.613281	-0.3095703	-151.6875	157.9375	-106.9375	180.1432	56.50372	173.1723	177.3486	321.0778	139.2364
746.863	-0.1855469	0.4023438	-0.1845703	0.96875	27.375	3.9375	-0.3544922	0.2568359	-0.9121094	-63.6875	-87	77.5	1.999023	-1.613281	-0.3095703	-151.6875	157.9375	-106.9375	180.1432	56.50372	173.1723	177.3486	321.0778	139.2364
746.8956	-0.1855469	0.4023438	-0.1845703	0.96875	27.375	3.9375	-0.3544922	0.2568359	-0.9121094	-63.6875	-87	77.5	1.999023	-1.613281	-0.3095703	-151.6875	157.9375	-106.9375	180.1432	56.50372	173.1723	142.1582	301.0685	140.4962
746.929	0.1298828	0.8378906	-0.0859375	-11.625	139.75	-31.875	-0.3544922	0.2568359	-0.9121094	-63.6875	-87	77.5	1.999023	0.2314453	-0.8115234	-384.9063	-1.78125	-133.875	180.1432	56.50372	173.1723	146.8634	297.5664	142.18
746.9621	0.1298828	0.8378906	-0.0859375	-11.625	139.75	-31.875	-0.3544922	0.2568359	-0.9121094	-63.6875	-87	77.5	1.999023	0.2314453	-0.8115234	-384.9063	-1.78125	-133.875	180.1432	56.50372	173.1723	146.8634	297.5664	142.18
747.0192	0.1298828	0.8378906	-0.0859375	-11.625	139.75	-31.875	-0.3544922	0.2568359	-0.9121094	-63.6875	-87	77.5	1.192383	0.6845703	-2	-375.4375	420.2813	-81.9375	180.1432	56.50372	173.1723	146.8634	297.5664	142.18
747.0213	0.1298828	0.8378906	-0.0859375	-11.625	139.75	-31.875	-0.3544922	0.2568359	-0.9121094	-63.6875	-87	77.5	1.192383	0.6845703	-2	-375.4375	420.2813	-81.9375	180.1432	56.50372	173.1723	169.0578	264.37	157.6474
747.0466	0.3701172	-0.0546875	-0.7578125	-6.5	34.78125	21.46875	0.5253906	1.046875	-0.3339844	58.625	-124.5938	-35.40625	1.192383	0.6845703	-2	-375.4375	420.2813	-81.9375	180.1432	56.50372	173.1723	169.0578	264.37	157.6474
747.0795	0.3701172	-0.0546875	-0.7578125	-6.5	34.78125	21.46875	0.5253906	1.046875	-0.3339844	58.625	-124.5938	-35.40625	1.192383	0.6845703	-2	-375.4375	420.2813	-81.9375	180.1432	56.50372	173.1723	169.0578	264.37	157.6474
747.1127	0.3701172	-0.0546875	-0.7578125	-6.5	34.78125	21.46875	0.5253906	1.046875	-0.3339844	58.625	-124.5938	-35.40625	1.192383	0.6845703	-2	-375.4375	420.2813	-81.9375	180.1432	56.50372	173.1723	189.7513	260.3636	176.5834
747.1461	0.3701172	-0.0546875	-0.7578125	-6.5	34.78125	21.46875	0.5253906	1.046875	-0.3339844	58.625	-124.5938	-35.40625	0.4873047	-0.02539063	-0.59375	-246.8438	-56.21875	185.0938	180.1432	56.50372	173.1723	189.7513	260.3636	176.5834
747.1787	0.1132813	0.8193359	0.2167969	-23.40625	82.8125	-60.6875	0.5253906	1.046875	-0.3339844	58.625	-124.5938	-35.40625	0.4873047	-0.02539063	-0.59375	-246.8438	-56.21875	185.0938	180.1432	56.50372	173.1723	176.2786	245.7141	167.9143
747.2126	0.1132813	0.8193359	0.2167969	-23.40625	82.8125	-60.6875	0.5253906	1.046875	-0.3339844	58.625	-124.5938	-35.40625	-0.6923828	-0.6923828	-1.479492	-244.7813	-253.125	87.15625	180.1432	56.50372	173.1723	176.2786	245.7141	167.9143
747.2462	0.1132813	0.8193359	0.2167969	-23.40625	82.8125	-60.6875	0.4414063	1.265625	1.870117	2.3125	105.875	-17.15625	-0.6923828	-0.6923828	-1.479492	-244.7813	-253.125	87.15625	180.1432	56.50372	173.1723	176.2786	245.7141	167.9143
747.279	0.1132813	0.8193359	0.2167969	-23.40625	82.8125	-60.6875	0.4414063	1.265625	1.870117	2.3125	105.875	-17.15625	-0.6923828	-0.6923828	-1.479492	-244.7813	-253.125	87.15625	180.1432	56.50372	173.1723	165.1361	243.065	161.7046
747.3128	0.1132813	0.8193359	0.2167969	-23.40625	82.8125	-60.6875	0.4414063	1.265625	1.870117	2.3125	105.875	-17.15625	-0.2412109	1.960938	-0.7978516	134.5	52	-175	180.1432	56.50372	173.1723	165.1361	243.065	161.7046
747.3463	0.1132813	0.8193359	0.2167969	-23.40625	82.8125	-60.6875	0.4414063	1.265625	1.870117	2.3125	105.875	-17.15625	-0.2412109	1.960938	-0.7978516	134.5	52	-175	180.1432	56.50372	173.1723	165.1361	243.065	161.7046
747.379	0.2451172	0.6601563	-0.3623047	-102.9688	20.625	-76.5625	0.4414063	1.265625	1.870117	2.3125	105.875	-17.15625	-0.2412109	1.960938	-0.7978516	134.5	52	-175	169.8772	54.51227	156.3852	165.1361	243.065	161.7046
747.4125	0.2451172	0.6601563	-0.3623047	-102.9688	20.625	-76.5625	0.4414063	1.265625	1.870117	2.3125	105.875	-17.15625	-0.04296875	1.022461	-0.1308594	9.25	15.71875	-7.875	169.8772	54.51227	156.3852	150.9047	249.7855	145.6957
747.4455	0.8486328	1.737305	-0.4541016	69	114.4375	77.125	0.3876953	1.270508	-1.731445	-38.03125	303.875	166.6563	-0.04296875	1.022461	-0.1308594	9.25	15.71875	-7.875	169.8772	54.51227	156.3852	150.9047	249.7855	145.6957
747.4786	0.8486328	1.737305	-0.4541016	69	114.4375	77.125	0.3876953	1.270508	-1.731445	-38.03125	303.875	166.6563	-0.04296875	1.022461	-0.1308594	9.25	15.71875	-7.875	153.7818	48.72313	148.4513	131.6681	268.1483	147.9917
747.5128	0.8486328	1.737305	-0.4541016	69	114.4375	77.125	0.3876953	1.270508	-1.731445	-38.03125	303.875	166.6563	-0.1953125	0.9814453	0.5888672	69.1875	44.0625	-24.5	153.7818	48.72313	148.4513	131.6681	268.1483	147.9917
747.5459	0.04785156	0.4628906	-0.4794922	-75.6875	238.875	-21.5625	-1.010742	0.6806641	-1.178711	-4.84375	419.7188	36.78125	-0.1953125	0.9814453	0.5888672	69.1875	44.0625	-24.5	153.7818	48.72313	148.4513	131.6681	268.1483	147.9917
747.5788	0.04785156	0.4628906	-0.4794922	-75.6875	238.875	-21.5625	-1.010742	0.6806641	-1.178711	-4.84375	419.7188	36.78125	-0.1953125	0.9814453	0.5888672	69.1875	44.0625	-24.5	153.7818	48.72313	148.4513	131.4039	264.5665	144.6823
747.6124	0.04785156	0.4628906	-0.4794922	-75.6875	238.875	-21.5625	-1.010742	0.6806641	-1.178711	-4.84375	419.7188	36.78125	-0.4667969	1.999023	0.8300781	241.5	65.34375	-90.28125	153.7818	48.72313	148.4513	131.4039	264.5665	144.6823
747.6459	0.04785156	0.4628906	-0.4794922	-75.6875	238.875	-21.5625	-1.010742	0.6806641	-1.178711	-4.84375	419.7188	36.78125	-0.4667969	1.999023	0.8300781	241.5	65.34375	-90.28125	153.7818	48.72313	148.4513	131.4039	264.5665	144.6823
747.6785	0.04785156	0.4628906	-0.4794922	-75.6875	238.875	-21.5625	-1.010742	0.6806641	-1.178711	-4.84375	419.7188	36.78125	-0.4667969	1.999023	0.8300781	241.5	65.34375	-90.28125	153.7818	48.72313	148.4513	131.4039	264.5665	144.6823
747.7126	0.04785156	0.4628906	-0.4794922	-75.6875	238.875	-21.5625	-1.010742	0.6806641	-1.178711	-4.84375	419.7188	36.78125	0.1757813	-0.008789063	-1.083008	21.15625	416.5625	-108	153.7818	48.72313	148.4513	123.1034	303.6216	136.618
747.7458	0.04785156	0.4628906	-0.4794922	-75.6875	238.875	-21.5625	-1.010742	0.6806641	-1.178711	-4.84375	419.7188	36.78125	0.1757813	-0.008789063	-1.083008	21.15625	416.5625	-108	153.7818	48.72313	148.4513	123.1034	303.6216	136.618
747.7786	0.04785156	0.4628906	-0.4794922	-75.6875	238.875	-21.5625	-1.010742	0.6806641	-1.178711	-4.84375	419.7188	36.78125	0.1757813	-0.008789063	-1.083008	21.15625	416.5625	-108	153.7818	48.72313	148.4513	132.032	257.6803	141.0708
747.8124	0.04785156	0.4628906	-0.4794922	-75.6875	238.875	-21.5625	-1.010742	0.6806641	-1.178711	-4.84375	419.7188	36.78125	0.3076172	1.175781	-1.131836	-262.9063	-88.875	-1.65625	153.7818	48.72313	148.4513	132.032	257.6803	141.0708
747.8455	0.04785156	0.4628906	-0.4794922	-75.6875	238.875	-21.5625	-1.010742	0.6806641	-1.178711	-4.84375	419.7188	36.78125	0.3076172	1.175781	-1.131836	-262.9063	-88.875	-1.65625	153.7818	48.72313	148.4513	132.032	257.6803	141.0708
747.8785	0.04785156	0.4628906	-0.4794922	-75.6875	238.875	-21.5625	-1.010742	0.6806641	-1.178711	-4.84375	419.7188	36.78125	0.3076172	1.175781	-1.131836	-262.9063	-88.875	-1.65625	153.6184	50.65124	172.709	162.2639	301.9893	181.3955
747.9123	0.04785156	0.4628906	-0.4794922	-75.6875	238.875	-21.5625	-1.010742	0.6806641	-1.178711	-4.84375	419.7188	36.78125	-0.09960938	1.313477	-1.426758	-292	-58.5	-32.78125	153.6184	50.65124	172.709	162.2639	301.9893	181.3955
747.946	-0.005859375	0.5947266	-0.3212891	-49.34375	124.75	-10.625	-1.010742	0.6806641	-1.178711	-4.84375	419.7188	36.78125	0.2607422	0.6708984	-0.8134766	-351.5313	-147.5938	-9.59375	167.5712	43.20118	176.7017	162.2639	301.9893	181.3955
747.9787	-0.005859375	0.5947266	-0.3212891	-49.34375	124.75	-10.625	-1.010742	0.6806641	-1.178711	-4.84375	419.7188	36.78125	0.2607422	0.6708984	-0.8134766	-351.5313	-147.5938	-9.59375	167.5712	43.20118	176.7017	162.2639	301.9893	181.3955
748.0123	-0.005859375	0.5947266	-0.3212891	-49.34375	124.75	-10.625	-1.010742	0.6806641	-1.178711	-4.84375	419.7188	36.78125	0.2607422	0.6708984	-0.8134766	-351.5313	-147.5938	-9.59375	167.5712	43.20118	176.7017	162.2639	301.9893	181.3955
748.0465	-0.005859375	0.5947266	-0.3212891	-49.34375	124.75	-10.625	0.3085938	1.395508	0.3066406	54.4375	103.125	-36.6875	-2	1.999023	-1.757813	294.8438	576.0313	-636.7813	167.5712	43.20118	176.7017	180.6647	346.4551	193.8843
748.0789	-0.005859375	0.5947266	-0.3212891	-49.34375	124.75	-10.625	0.3085938	1.395508	0.3066406	54.4375	103.125	-36.6875	-2	1.999023	-1.757813	294.8438	576.0313	-636.7813	167.5712	43.20118	176.7017	162.2722	327.578	171.23
748.1124	-0.005859375	0.5947266	-0.3212891	-49.34375	124.75	-10.625	0.3085938	1.395508	0.3066406	54.4375	103.125	-36.6875	0.1865234	1.15918	-1.064453	30.4375	-5.6875	41.625	166.7271	67.73778	179.579	162.2722	327.578	171.23
748.1458	-0.005859375	0.5947266	-0.3212891	-49.34375	124.75	-10.625	0.3085938	1.395508	0.3066406	54.4375	103.125	-36.6875	0.1865234	1.15918	-1.064453	30.4375	-5.6875	41.625	166.7271	67.73778	179.579	162.2722	327.578	171.23
748.179	0.3310547	1.212891	-0.1386719	-63.84375	44.65625	-34.375	0.3085938	1.395508	0.3066406	54.4375	103.125	-36.6875	0.1865234	1.15918	-1.064453	30.4375	-5.6875	41.625	166.7271	67.73778	179.579	153.0534	305.4078	168.5847
748.2125	0.3310547	1.212891	-0.1386719	-63.84375	44.65625	-34.375	0.3085938	1.395508	0.3066406	54.4375	103.125	-36.6875	0.1865234	1.15918	-1.064453	30.4375	-5.6875	41.625	166.7271	67.73778	179.579	153.0534	305.4078	168.5847
748.2451	0.07324219	0.5478516	-0.1035156	-51.59375	45.5625	13.96875	1.473633	1.547852	-0.7626953	-148.875	26.96875	133.3438	0.2832031	1.022461	-0.3271484	15.0625	18.53125	19.6875	166.7271	67.73778	179.579	153.0534	305.4078	168.5847
748.2786	0.07324219	0.5478516	-0.1035156	-51.59375	45.5625	13.96875	1.473633	1.547852	-0.7626953	-148.875	26.96875	133.3438	0.2832031	1.022461	-0.3271484	15.0625	18.53125	19.6875	166.7271	67.73778	179.579	153.0534	305.4078	168.5847
748.3123	0.1660156	0.796875	-0.0625	-0.0625	58.9375	-12.09375	1.473633	1.547852	-0.7626953	-148.875	26.96875	133.3438	0.2832031	1.022461	-0.3271484	15.0625	18.53125	19.6875	134.4251	63.02251	185.9059	118.6982	313.0477	173.5599
748.3456	0.1660156	0.796875	-0.0625	-0.0625	58.9375	-12.09375	1.473633	1.547852	-0.7626953	-148.875	26.96875	133.3438	0.1533203	1.080078	0.4814453	100.3125	-26.3125	-3.6875	134.4251	63.02251	185.9059	118.6982	313.0477	173.5599
748.3785	0.1660156	0.796875	-0.0625	-0.0625	58.9375	-12.09375	1.473633	1.547852	-0.7626953	-148.875	26.96875	133.3438	0.1533203	1.080078	0.4814453	100.3125	-26.3125	-3.6875	134.4251	63.02251	185.9059	117.4693	315.0334	171.8143
748.4122	0.1660156	0.796875	-0.0625	-0.0625	58.9375	-12.09375	1.473633	1.547852	-0.7626953	-148.875	26.96875	133.3438	-0.6757813	1.999023	0.6767578	281.4063	52.78125	-63.5	134.4251	63.02251	185.9059	117.4693	315.0334	171.8143
748.4452	0.1660156	0.796875	-0.0625	-0.0625	58.9375	-12.09375	1.473633	1.547852	-0.7626953	-148.875	26.96875	133.3438	-0.6757813	1.999023	0.6767578	281.4063	52.78125	-63.5	134.4251	63.02251	185.9059	117.4693	315.0334	171.8143
748.4781	0.1660156	0.796875	-0.0625	-0.0625	58.9375	-12.09375	1.473633	1.547852	-0.7626953	-148.875	26.96875	133.3438	-0.6757813	1.999023	0.6767578	281.4063	52.78125	-63.5	134.1045	30.03217	201.0705	101.5726	319.6804	185.0114
748.5118	0.1660156	0.796875	-0.0625	-0.0625	58.9375	-12.09375	1.027344	0.3798828	0.9394531	-34.875	16.15625	93.5	-0.6757813	1.999023	0.6767578	281.4063	52.78125	-63.5	134.1045	30.03217	201.0705	101.5726	319.6804	185.0114
748.5455	0.1660156	0.796875	-0.0625	-0.0625	58.9375	-12.09375	1.027344	0.3798828	0.9394531	-34.875	16.15625	93.5	0.8027344	0.3388672	-1.332031	28	137.5	59.6875	134.1045	30.03217	201.0705	101.5726	319.6804	185.0114
748.5784	0.1660156	0.796875	-0.0625	-0.0625	58.9375	-12.09375	1.027344	0.3798828	0.9394531	-34.875	16.15625	93.5	0.8027344	0.3388672	-1.332031	28	137.5	59.6875	134.1045	30.03217	201.0705	101.5726	319.6804	185.0114
748.6122	0.1660156	0.796875	-0.0625	-0.0625	58.9375	-12.09375	1.027344	0.3798828	0.9394531	-34.875	16.15625	93.5	0.8027344	0.3388672	-1.332031	28	137.5	59.6875	138.5593	63.95725	195.1002	106.1114	312.4519	174.0214
748.6452	0.2011719	1.570313	-0.8203125	41.78125	43.25	27.09375	1.027344	0.3798828	0.9394531	-34.875	16.15625	93.5	-0.2636719	-0.2060547	-0.7978516	-341.5625	-52.5	-50	138.5593	63.95725	195.1002	106.1114	312.4519	174.0214
748.6778	0.2011719	1.570313	-0.8203125	41.78125	43.25	27.09375	1.027344	0.3798828	0.9394531	-34.875	16.15625	93.5	-0.2636719	-0.2060547	-0.7978516	-341.5625	-52.5	-50	138.5593	63.95725	195.1002	127.7747	338.7317	174.4247
748.7118	-0.3193359	1.124023	-0.2666016	-51.34375	35.75	-12.53125	1.027344	0.3798828	0.9394531	-34.875	16.15625	93.5	0.04199219	0.8535156	-1.541016	-421.5313	46.5625	5.28125	138.5593	63.95725	195.1002	127.7747	338.7317	174.4247
748.745	-0.3193359	1.124023	-0.2666016	-51.34375	35.75	-12.53125	1.027344	0.3798828	0.9394531	-34.875	16.15625	93.5	0.04199219	0.8535156	-1.541016	-421.5313	46.5625	5.28125	164.5444	61.40001	192.809	127.7747	338.7317	174.4247
748.7783	-0.3193359	1.124023	-0.2666016	-51.34375	35.75	-12.53125	1.027344	0.3798828	0.9394531	-34.875	16.15625	93.5	0.04199219	0.8535156	-1.541016	-421.5313	46.5625	5.28125	164.5444	61.40001	192.809	176.1141	334.8336	198.9041
748.8116	-0.3193359	1.124023	-0.2666016	-51.34375	35.75	-12.53125	1.027344	0.3798828	0.9394531	-34.875	16.15625	93.5	0.04199219	0.8535156	-1.541016	-421.5313	46.5625	5.28125	164.5444	61.40001	192.809	176.1141	334.8336	198.9041
748.8448	-0.3193359	1.124023	-0.2666016	-51.34375	35.75	-12.53125	1.027344	0.3798828	0.9394531	-34.875	16.15625	93.5	0.07714844	-0.8271484	-2	317.7813	-371.2188	-25.03125	164.5444	61.40001	192.809	176.1141	334.8336	198.9041
748.8781	-0.3193359	1.124023	-0.2666016	-51.34375	35.75	-12.53125	1.027344	0.3798828	0.9394531	-34.875	16.15625	93.5	0.07714844	-0.8271484	-2	317.7813	-371.2188	-25.03125	164.5444	61.40001	192.809	176.1141	334.8336	198.9041
748.912	-0.3193359	1.124023	-0.2666016	-51.34375	35.75	-12.53125	1.027344	0.3798828	0.9394531	-34.875	16.15625	93.5	0.07714844	-0.8271484	-2	317.7813	-371.2188	-25.03125	164.5444	61.40001	192.809	155.9522	325.0676	187.2001
748.9459	0.3222656	1.301758	0.1992188	37.34375	-45.375	-6.53125	0.578125	1.441406	0.8964844	83.0625	27.03125	-34.4375	-0.5859375	0.9902344	-1.563477	464.2188	159.1563	324.25	164.5444	61.40001	192.809	155.9522	325.0676	187.2001
748.9782	0.3222656	1.301758	0.1992188	37.34375	-45.375	-6.53125	0.8339844	1.219727	-0.5546875	-135.2813	-104.9375	55.34375	-0.5859375	0.9902344	-1.563477	464.2188	159.1563	324.25	164.5444	61.40001	192.809	133.8043	317.3054	184.9209
749.0115	0.3222656	1.301758	0.1992188	37.34375	-45.375	-6.53125	0.8085938	1.9375	-1.054688	-109.0938	32.34375	105.5625	0.2822266	0.7675781	-0.7060547	-16.75	186.5	-27.1875	164.5444	61.40001	192.809	133.8043	317.3054	184.9209
749.0774	0.3222656	1.301758	0.1992188	37.34375	-45.375	-6.53125	0.8085938	1.9375	-1.054688	-109.0938	32.34375	105.5625	0.2822266	0.7675781	-0.7060547	-16.75	186.5	-27.1875	164.5444	61.40001	192.809	133.8043	317.3054	184.9209
749.1112	0.3222656	1.301758	0.1992188	37.34375	-45.375	-6.53125	0.8085938	1.9375	-1.054688	-109.0938	32.34375	105.5625	0.4658203	0.9287109	0.6191406	59.75	-54.28125	20.625	164.5444	61.40001	192.809	133.8043	317.3054	184.9209
749.1442	0.3222656	1.301758	0.1992188	37.34375	-45.375	-6.53125	0.8085938	1.9375	-1.054688	-109.0938	32.34375	105.5625	0.4658203	0.9287109	0.6191406	59.75	-54.28125	20.625	164.5444	61.40001	192.809	132.9358	308.6098	181.2329
749.1779	0.3222656	1.301758	0.1992188	37.34375	-45.375	-6.53125	0.8085938	1.9375	-1.054688	-109.0938	32.34375	105.5625	0.4658203	0.9287109	0.6191406	59.75	-54.28125	20.625	164.5444	61.40001	192.809	132.9358	308.6098	181.2329
749.2107	0.3222656	1.301758	0.1992188	37.34375	-45.375	-6.53125	0.8085938	1.9375	-1.054688	-109.0938	32.34375	105.5625	0.4658203	0.9287109	0.6191406	59.75	-54.28125	20.625	164.5444	61.40001	192.809	132.9358	308.6098	181.2329
749.244	0.3222656	1.301758	0.1992188	37.34375	-45.375	-6.53125	-0.4326172	0.1474609	-0.8203125	-34.875	40.34375	47.78125	-0.8408203	1.999023	0.6123047	271.9688	15.71875	-13.4375	164.5444	61.40001	192.809	130.9306	311.7218	183.7912
749.2775	0.3222656	1.301758	0.1992188	37.34375	-45.375	-6.53125	-0.4326172	0.1474609	-0.8203125	-34.875	40.34375	47.78125	-0.8408203	1.999023	0.6123047	271.9688	15.71875	-13.4375	148.0644	58.70716	185.7706	130.9306	311.7218	183.7912
749.3107	0.3222656	1.301758	0.1992188	37.34375	-45.375	-6.53125	-0.8212891	1.827148	0.59375	-116.4063	415.625	-43.03125	-0.2304688	-0.4199219	-1.700195	100.75	794.9063	-133.9375	148.0644	58.70716	185.7706	103.4656	350.1934	164.0027
749.3439	0.3222656	1.301758	0.1992188	37.34375	-45.375	-6.53125	-0.8212891	1.827148	0.59375	-116.4063	415.625	-43.03125	-0.2304688	-0.4199219	-1.700195	100.75	794.9063	-133.9375	148.0644	58.70716	185.7706	103.4656	350.1934	164.0027
749.3772	0.3222656	1.301758	0.1992188	37.34375	-45.375	-6.53125	-0.8212891	1.827148	0.59375	-116.4063	415.625	-43.03125	-0.2304688	-0.4199219	-1.700195	100.75	794.9063	-133.9375	148.0644	58.70716	185.7706	103.4656	350.1934	164.0027
749.4105	0.3222656	1.301758	0.1992188	37.34375	-45.375	-6.53125	-0.8212891	1.827148	0.59375	-116.4063	415.625	-43.03125	-0.2304688	-0.4199219	-1.700195	100.75	794.9063	-133.9375	148.0644	58.70716	185.7706	104.0284	276.158	158.9129
749.4439	0.3222656	1.301758	0.1992188	37.34375	-45.375	-6.53125	-0.8212891	1.827148	0.59375	-116.4063	415.625	-43.03125	-0.02246094	0.671875	-1.464844	-53.90625	-9.59375	-68.4375	148.0644	58.70716	185.7706	104.0284	276.158	158.9129
749.4769	0.3222656	1.301758	0.1992188	37.34375	-45.375	-6.53125	-0.8212891	1.827148	0.59375	-116.4063	415.625	-43.03125	-0.02246094	0.671875	-1.464844	-53.90625	-9.59375	-68.4375	148.0644	58.70716	185.7706	104.0284	276.158	158.9129
749.51	0.3222656	1.301758	0.1992188	37.34375	-45.375	-6.53125	-0.8212891	1.827148	0.59375	-116.4063	415.625	-43.03125	-0.02246094	0.671875	-1.464844	-53.90625	-9.59375	-68.4375	148.0644	58.70716	185.7706	104.0284	276.158	158.9129
749.5438	0.6738281	1.029297	0.1337891	-5.625	46.4375	-34.4375	-0.02929688	0.9716797	-0.6474609	47.34375	-27.90625	-9	1.354492	0.3212891	-1.463867	-157.7813	478.3125	-327.7813	150.346	68.7709	190.1732	104.0284	276.158	158.9129
749.577	0.6738281	1.029297	0.1337891	-5.625	46.4375	-34.4375	-0.02929688	0.9716797	-0.6474609	47.34375	-27.90625	-9	1.354492	0.3212891	-1.463867	-157.7813	478.3125	-327.7813	150.346	68.7709	190.1732	131.0057	300.9155	162.9758
749.6106	0.6738281	1.029297	0.1337891	-5.625	46.4375	-34.4375	-0.02929688	0.9716797	-0.6474609	47.34375	-27.90625	-9	-0.3505859	0.7373047	-1.583984	-56.21875	455.0625	-251.7813	166.5653	63.78868	185.5815	156.0841	249.3064	155.522
749.6434	0.1054688	0.75	-0.08203125	-66.53125	13.28125	13.78125	-0.02929688	0.9716797	-0.6474609	47.34375	-27.90625	-9	-0.3505859	0.7373047	-1.583984	-56.21875	455.0625	-251.7813	166.5653	63.78868	185.5815	156.0841	249.3064	155.522
749.6769	0.1054688	0.75	-0.08203125	-66.53125	13.28125	13.78125	-0.09472656	0.8789063	-0.1123047	124.75	47.21875	-79	-0.3505859	0.7373047	-1.583984	-56.21875	455.0625	-251.7813	166.5653	63.78868	185.5815	156.0841	249.3064	155.522
749.7101	0.1054688	0.75	-0.08203125	-66.53125	13.28125	13.78125	-0.09472656	0.8789063	-0.1123047	124.75	47.21875	-79	-0.3505859	0.7373047	-1.583984	-56.21875	455.0625	-251.7813	166.5653	63.78868	185.5815	162.8203	233.5966	149.5394
749.7433	0.1054688	0.75	-0.08203125	-66.53125	13.28125	13.78125	-0.09472656	0.8789063	-0.1123047	124.75	47.21875	-79	1.22168	1.043945	-0.8291016	-116.2188	19.75	50.28125	166.5653	63.78868	185.5815	162.8203	233.5966	149.5394
749.7765	0.1054688	0.75	-0.08203125	-66.53125	13.28125	13.78125	-0.09472656	0.8789063	-0.1123047	124.75	47.21875	-79	1.22168	1.043945	-0.8291016	-116.2188	19.75	50.28125	166.5653	63.78868	185.5815	162.8203	233.5966	149.5394
749.8105	0.1054688	0.75	-0.08203125	-66.53125	13.28125	13.78125	-0.09472656	0.8789063	-0.1123047	124.75	47.21875	-79	1.22168	1.043945	-0.8291016	-116.2188	19.75	50.28125	182.1461	74.66235	184.756	162.8203	233.5966	149.5394
749.8434	0.1054688	0.75	-0.08203125	-66.53125	13.28125	13.78125	0.08007813	1.358398	0.7861328	-134.0625	-22	42.03125	0.1025391	0.9189453	-0.5625	-8.75	91.21875	15.78125	182.1461	74.66235	184.756	168.2295	227.3604	151.4746
749.8768	0.2167969	0.953125	-0.1933594	-42.75	10.59375	-61.34375	0.08007813	1.358398	0.7861328	-134.0625	-22	42.03125	0.1025391	0.9189453	-0.5625	-8.75	91.21875	15.78125	182.1461	74.66235	184.756	168.2295	227.3604	151.4746
749.9099	0.2167969	0.953125	-0.1933594	-42.75	10.59375	-61.34375	0.08007813	1.358398	0.7861328	-134.0625	-22	42.03125	0.000976563	0.8339844	-0.5566406	-32	88.59375	-2.9375	182.1461	74.66235	184.756	164.0599	219.4017	151.5848
749.9431	0.2167969	0.953125	-0.1933594	-42.75	10.59375	-61.34375	0.08007813	1.358398	0.7861328	-134.0625	-22	42.03125	0.000976563	0.8339844	-0.5566406	-32	88.59375	-2.9375	182.1461	74.66235	184.756	164.0599	219.4017	151.5848
749.9764	0.2167969	0.953125	-0.1933594	-42.75	10.59375	-61.34375	0.08007813	1.358398	0.7861328	-134.0625	-22	42.03125	0.000976563	0.8339844	-0.5566406	-32	88.59375	-2.9375	182.1461	74.66235	184.756	164.0599	219.4017	151.5848
750.0101	0.2167969	0.953125	-0.1933594	-42.75	10.59375	-61.34375	-0.03515625	0.6396484	-0.8466797	-19.3125	159.0938	58.28125	0.000976563	0.8339844	-0.5566406	-32	88.59375	-2.9375	152.9023	57.4796	187.4558	141.0844	219.2788	173.3832
750.043	0.01757813	0.2412109	-0.1767578	-44.875	179.625	-42.0625	-0.03515625	0.6396484	-0.8466797	-19.3125	159.0938	58.28125	0.2460938	1.087891	-0.2402344	1.03125	-24.5625	60.65625	152.9023	57.4796	187.4558	141.0844	219.2788	173.3832
750.0762	0.01757813	0.2412109	-0.1767578	-44.875	179.625	-42.0625	-0.03515625	0.6396484	-0.8466797	-19.3125	159.0938	58.28125	0.2460938	1.087891	-0.2402344	1.03125	-24.5625	60.65625	152.9023	57.4796	187.4558	141.0844	219.2788	173.3832
750.1099	0.01757813	0.2412109	-0.1767578	-44.875	179.625	-42.0625	-0.7666016	0.890625	-0.7773438	25.875	437.7188	-17.53125	0.2460938	1.087891	-0.2402344	1.03125	-24.5625	60.65625	161.4043	36.28677	185.2169	141.0844	219.2788	173.3832
750.1437	0.125	1.02832	-0.5517578	110.8125	179.125	-10.21875	-0.7666016	0.890625	-0.7773438	25.875	437.7188	-17.53125	0.2011719	0.8232422	-0.4765625	2.5	-37.5625	25.375	161.4043	36.28677	185.2169	141.4511	242.7616	171.5082
750.1767	0.125	1.02832	-0.5517578	110.8125	179.125	-10.21875	-0.7666016	0.890625	-0.7773438	25.875	437.7188	-17.53125	0.2011719	0.8232422	-0.4765625	2.5	-37.5625	25.375	161.4043	36.28677	185.2169	141.4511	242.7616	171.5082
750.2098	0.125	1.02832	-0.5517578	110.8125	179.125	-10.21875	-0.7666016	0.890625	-0.7773438	25.875	437.7188	-17.53125	0.2158203	1.046875	-0.4951172	5.59375	-32.25	9.5625	161.4043	36.28677	185.2169	141.4511	242.7616	171.5082
750.243	0.125	1.02832	-0.5517578	110.8125	179.125	-10.21875	-0.7666016	0.890625	-0.7773438	25.875	437.7188	-17.53125	0.2158203	1.046875	-0.4951172	5.59375	-32.25	9.5625	161.4043	36.28677	185.2169	125.8348	298.2705	181.2036
750.2762	0.125	1.02832	-0.5517578	110.8125	179.125	-10.21875	-0.7666016	0.890625	-0.7773438	25.875	437.7188	-17.53125	0.2158203	1.046875	-0.4951172	5.59375	-32.25	9.5625	161.4043	36.28677	185.2169	125.8348	298.2705	181.2036
750.3096	0.125	1.02832	-0.5517578	110.8125	179.125	-10.21875	-0.7666016	0.890625	-0.7773438	25.875	437.7188	-17.53125	-0.04882813	0.8662109	-0.3544922	-22.84375	-21.8125	2.3125	161.4043	36.28677	185.2169	125.8348	298.2705	181.2036
750.3425	0.125	1.02832	-0.5517578	110.8125	179.125	-10.21875	-0.7666016	0.890625	-0.7773438	25.875	437.7188	-17.53125	-0.04882813	0.8662109	-0.3544922	-22.84375	-21.8125	2.3125	161.4043	36.28677	185.2169	126.0166	296.9483	180.333
750.376	-0.01464844	0.8066406	-0.4980469	17.375	192.8438	-19.84375	-0.7666016	0.890625	-0.7773438	25.875	437.7188	-17.53125	-0.04882813	0.8662109	-0.3544922	-22.84375	-21.8125	2.3125	161.4043	36.28677	185.2169	126.0166	296.9483	180.333
750.4096	-0.01464844	0.8066406	-0.4980469	17.375	192.8438	-19.84375	-0.7666016	0.890625	-0.7773438	25.875	437.7188	-17.53125	-0.04882813	0.8662109	-0.3544922	-22.84375	-21.8125	2.3125	161.4043	36.28677	185.2169	126.0166	296.9483	180.333
750.4429	-0.01464844	0.8066406	-0.4980469	17.375	192.8438	-19.84375	-0.7666016	0.890625	-0.7773438	25.875	437.7188	-17.53125	0.1269531	0.8642578	-0.4414063	-22.125	-6.65625	7.90625	161.4043	36.28677	185.2169	127.8499	297.806	179.7467
750.4758	0.6582031	0.4970703	-0.4091797	29.53125	53.6875	-54.75	-0.7666016	0.890625	-0.7773438	25.875	437.7188	-17.53125	0.1269531	0.8642578	-0.4414063	-22.125	-6.65625	7.90625	185.6554	21.07631	174.8613	127.8499	297.806	179.7467
750.5093	0.6582031	0.4970703	-0.4091797	29.53125	53.6875	-54.75	-0.01464844	1.145508	-0.0625	-43.34375	135.7813	61.625	0.04199219	1.09082	-0.1787109	-30.53125	19.75	-0.75	185.6554	21.07631	174.8613	150.804	326.7827	172.2417
750.5425	0.6582031	0.4970703	-0.4091797	29.53125	53.6875	-54.75	-0.01464844	1.145508	-0.0625	-43.34375	135.7813	61.625	0.04199219	1.09082	-0.1787109	-30.53125	19.75	-0.75	185.6554	21.07631	174.8613	150.804	326.7827	172.2417
750.5759	0.6582031	0.4970703	-0.4091797	29.53125	53.6875	-54.75	0.00390625	0.9023438	0.3496094	-75.34375	-24.78125	61.6875	0.04199219	1.09082	-0.1787109	-30.53125	19.75	-0.75	185.6554	21.07631	174.8613	150.804	326.7827	172.2417
750.6094	0.6582031	0.4970703	-0.4091797	29.53125	53.6875	-54.75	0.00390625	0.9023438	0.3496094	-75.34375	-24.78125	61.6875	0.04199219	1.09082	-0.1787109	-30.53125	19.75	-0.75	185.6554	21.07631	174.8613	158.539	16.66487	189.7082
750.6423	0.6582031	0.4970703	-0.4091797	29.53125	53.6875	-54.75	0.00390625	0.9023438	0.3496094	-75.34375	-24.78125	61.6875	0.2255859	0.8388672	-0.3193359	-26.4375	-1.53125	-1.34375	185.6554	21.07631	174.8613	158.539	16.66487	189.7082
750.6758	0.6582031	0.4970703	-0.4091797	29.53125	53.6875	-54.75	0.00390625	0.9023438	0.3496094	-75.34375	-24.78125	61.6875	0.2255859	0.8388672	-0.3193359	-26.4375	-1.53125	-1.34375	185.6554	21.07631	174.8613	158.539	16.66487	189.7082
750.7273	0.6582031	0.4970703	-0.4091797	29.53125	53.6875	-54.75	0.00390625	0.9023438	0.3496094	-75.34375	-24.78125	61.6875	0.2255859	0.8388672	-0.3193359	-26.4375	-1.53125	-1.34375	166.3519	67.09331	174.0574	158.539	16.66487	189.7082
750.7289	0.6582031	0.4970703	-0.4091797	29.53125	53.6875	-54.75	0.00390625	0.9023438	0.3496094	-75.34375	-24.78125	61.6875	0.2255859	0.8388672	-0.3193359	-26.4375	-1.53125	-1.34375	166.3519	67.09331	174.0574	158.539	16.66487	189.7082
750.7598	0.6582031	0.4970703	-0.4091797	29.53125	53.6875	-54.75	0.00390625	0.9023438	0.3496094	-75.34375	-24.78125	61.6875	0.09179688	0.8632813	-0.2744141	-22.15625	-22.0625	-4.65625	153.8525	69.84414	172.2472	140.4886	345.035	170.7407
750.793	0.06542969	0.9306641	-0.6083984	50.53125	9.3125	-24.90625	0.5878906	0.8769531	0.2802734	-62.09375	49.90625	68.46875	0.09179688	0.8632813	-0.2744141	-22.15625	-22.0625	-4.65625	153.8525	69.84414	172.2472	140.4886	345.035	170.7407
750.8262	0.06542969	0.9306641	-0.6083984	50.53125	9.3125	-24.90625	0.5878906	0.8769531	0.2802734	-62.09375	49.90625	68.46875	0.1308594	0.9101563	-0.1855469	-9.53125	16.15625	-7.03125	153.8525	69.84414	172.2472	133.4421	352.4867	163.2509
750.8599	0.06542969	0.9306641	-0.6083984	50.53125	9.3125	-24.90625	0.5878906	0.8769531	0.2802734	-62.09375	49.90625	68.46875	0.1308594	0.9101563	-0.1855469	-9.53125	16.15625	-7.03125	144.294	70.02933	170.496	133.4421	352.4867	163.2509
750.8929	0.06542969	0.9306641	-0.6083984	50.53125	9.3125	-24.90625	0.5878906	0.8769531	0.2802734	-62.09375	49.90625	68.46875	0.1308594	0.9101563	-0.1855469	-9.53125	16.15625	-7.03125	144.294	70.02933	170.496	133.4421	352.4867	163.2509
750.9261	0.06542969	0.9306641	-0.6083984	50.53125	9.3125	-24.90625	0.3173828	0.5576172	0.6113281	-59.34375	-6.5	52.71875	0.04394531	0.8193359	-0.2666016	-1.84375	9.625	-7.28125	144.294	70.02933	170.496	127.07	359.1448	158.2848
750.9592	-0.01074219	1.039063	-0.6611328	-71.65625	6.15625	-13.125	0.3173828	0.5576172	0.6113281	-59.34375	-6.5	52.71875	0.04394531	0.8193359	-0.2666016	-1.84375	9.625	-7.28125	144.294	70.02933	170.496	127.07	359.1448	158.2848
750.9929	-0.01074219	1.039063	-0.6611328	-71.65625	6.15625	-13.125	0.3173828	0.5576172	0.6113281	-59.34375	-6.5	52.71875	0.04394531	0.8193359	-0.2666016	-1.84375	9.625	-7.28125	144.294	70.02933	170.496	127.07	359.1448	158.2848
751.0266	-0.01074219	1.039063	-0.6611328	-71.65625	6.15625	-13.125	0.3173828	0.5576172	0.6113281	-59.34375	-6.5	52.71875	0.000976563	0.9091797	-0.1972656	2.65625	5.28125	-3.8125	144.294	70.02933	170.496	127.07	359.1448	158.2848
751.0594	-0.01074219	1.039063	-0.6611328	-71.65625	6.15625	-13.125	0.3173828	0.5576172	0.6113281	-59.34375	-6.5	52.71875	0.000976563	0.9091797	-0.1972656	2.65625	5.28125	-3.8125	127.9925	79.12373	173.9447	113.5034	16.81407	152.6709
751.0928	-0.01074219	1.039063	-0.6611328	-71.65625	6.15625	-13.125	0.3173828	0.5576172	0.6113281	-59.34375	-6.5	52.71875	0.000976563	0.9091797	-0.1972656	2.65625	5.28125	-3.8125	127.9925	79.12373	173.9447	113.5034	16.81407	152.6709
751.1262	-0.01074219	1.039063	-0.6611328	-71.65625	6.15625	-13.125	0.3173828	0.5576172	0.6113281	-59.34375	-6.5	52.71875	0.1474609	1.047852	-0.2773438	0.71875	-1.1875	3.21875	127.9925	79.12373	173.9447	113.3572	17.37787	151.5938
751.1594	-0.01074219	1.039063	-0.6611328	-71.65625	6.15625	-13.125	0.3173828	0.5576172	0.6113281	-59.34375	-6.5	52.71875	0.1474609	1.047852	-0.2773438	0.71875	-1.1875	3.21875	118.7847	84.31318	175.1333	113.3572	17.37787	151.5938
751.1931	-0.01074219	1.039063	-0.6611328	-71.65625	6.15625	-13.125	0.3173828	0.5576172	0.6113281	-59.34375	-6.5	52.71875	0.1474609	1.047852	-0.2773438	0.71875	-1.1875	3.21875	118.7847	84.31318	175.1333	113.3572	17.37787	151.5938
751.2263	0.05078125	0.6757813	-0.1484375	-67.46875	9.375	-26.875	0.3173828	0.5576172	0.6113281	-59.34375	-6.5	52.71875	-0.009765625	0.90625	-0.1552734	-0.8125	1.5625	2.5625	118.7847	84.31318	175.1333	105.4889	36.5066	148.5241
751.2594	0.05078125	0.6757813	-0.1484375	-67.46875	9.375	-26.875	0.3173828	0.5576172	0.6113281	-59.34375	-6.5	52.71875	-0.009765625	0.90625	-0.1552734	-0.8125	1.5625	2.5625	118.7847	84.31318	175.1333	105.4889	36.5066	148.5241
751.2925	0.05078125	0.6757813	-0.1484375	-67.46875	9.375	-26.875	0.3173828	0.5576172	0.6113281	-59.34375	-6.5	52.71875	-0.009765625	0.90625	-0.1552734	-0.8125	1.5625	2.5625	118.7847	84.31318	175.1333	105.4889	36.5066	148.5241
751.326	0.05078125	0.6757813	-0.1484375	-67.46875	9.375	-26.875	0.3173828	0.5576172	0.6113281	-59.34375	-6.5	52.71875	0.04296875	0.8691406	-0.2744141	1.6875	-1.78125	3.84375	118.7847	84.31318	175.1333	105.204	34.2908	149.0053
751.3591	0.05078125	0.6757813	-0.1484375	-67.46875	9.375	-26.875	0.3173828	0.5576172	0.6113281	-59.34375	-6.5	52.71875	0.04296875	0.8691406	-0.2744141	1.6875	-1.78125	3.84375	112.0853	82.09753	177.9961	105.204	34.2908	149.0053
751.3923	0.05078125	0.6757813	-0.1484375	-67.46875	9.375	-26.875	0.5126953	0.05078125	0.8300781	-7.34375	8.78125	7.125	0.04296875	0.8691406	-0.2744141	1.6875	-1.78125	3.84375	112.0853	82.09753	177.9961	105.204	34.2908	149.0053
751.4255	0.07128906	1.177734	-0.2382813	-32.84375	14.09375	4.25	0.5126953	0.05078125	0.8300781	-7.34375	8.78125	7.125	-0.0078125	0.9248047	-0.1767578	1.375	-1.0625	1.9375	112.0853	82.09753	177.9961	98.64426	60.39774	150.444
751.4599	0.07128906	1.177734	-0.2382813	-32.84375	14.09375	4.25	0.5126953	0.05078125	0.8300781	-7.34375	8.78125	7.125	-0.0078125	0.9248047	-0.1767578	1.375	-1.0625	1.9375	112.0853	82.09753	177.9961	98.64426	60.39774	150.444
751.4922	0.06054688	0.7773438	0.0859375	-35.0625	11.59375	-1.34375	0.5126953	0.05078125	0.8300781	-7.34375	8.78125	7.125	-0.0078125	0.9248047	-0.1767578	1.375	-1.0625	1.9375	112.0853	82.09753	177.9961	98.64426	60.39774	150.444
751.5255	0.06054688	0.7773438	0.0859375	-35.0625	11.59375	-1.34375	0.5126953	0.05078125	0.8300781	-7.34375	8.78125	7.125	-0.0078125	0.9248047	-0.1767578	1.375	-1.0625	1.9375	112.0853	82.09753	177.9961	98.89033	60.84255	150.1348
