700.5525	0.04785156	0.9013672	0.2597656	6.21875	-0.625	0.90625	0.4951172	0.2998047	0.9072266	0.65625	8.71875	0.71875	0.09179688	0.8583984	-0.2949219	-0.75	0.03125	-0.6875	114.449	82.89956	175.0994	95.6757	64.84572	158.7934
700.5859	0.04785156	0.9013672	0.2597656	6.21875	-0.625	0.90625	0.4951172	0.2998047	0.9072266	0.65625	8.71875	0.71875	0.07519531	0.8525391	-0.3808594	-0.1875	0.28125	0.84375	114.449	82.89956	175.0994	95.6757	64.84572	158.7934
700.5873	0.04785156	0.9013672	0.2597656	6.21875	-0.625	0.90625	0.4951172	0.2998047	0.9072266	0.65625	8.71875	0.71875	0.07519531	0.8525391	-0.3808594	-0.1875	0.28125	0.84375	114.449	82.89956	175.0994	95.66595	64.68745	159.0764
700.6133	0.2636719	0.8505859	0.2822266	1.625	2.3125	-0.9375	0.4951172	0.2998047	0.9072266	0.65625	8.71875	0.71875	0.09472656	0.9208984	-0.3291016	0	0.03125	0.71875	114.449	82.89956	175.0994	95.66595	64.68745	159.0764
700.6469	0.2636719	0.8505859	0.2822266	1.625	2.3125	-0.9375	0.4023438	0.2099609	0.9013672	1.15625	-1.34375	1.03125	0.09472656	0.9208984	-0.3291016	0	0.03125	0.71875	114.449	82.89956	175.0994	95.66595	64.68745	159.0764
700.6798	0.2636719	0.8505859	0.2822266	1.625	2.3125	-0.9375	0.3525391	0.3300781	0.8525391	-0.625	4.0625	-1.65625	0.09472656	0.9208984	-0.3291016	0	0.03125	0.71875	114.449	82.89956	175.0994	95.93359	63.2422	159.1452
700.7142	0.2636719	0.8505859	0.2822266	1.625	2.3125	-0.9375	0.3525391	0.3300781	0.8525391	-0.625	4.0625	-1.65625	0.05371094	0.9326172	-0.3623047	-1.25	-0.375	-0.125	113.6214	82.64411	175.3229	95.93359	63.2422	159.1452
700.7469	0.2636719	0.8505859	0.2822266	1.625	2.3125	-0.9375	0.3525391	0.3300781	0.8525391	-0.625	4.0625	-1.65625	0.05371094	0.9326172	-0.3623047	-1.25	-0.375	-0.125	113.6214	82.64411	175.3229	95.93359	63.2422	159.1452
700.7798	0.1445313	0.8896484	0.2246094	-2.28125	-2.875	-2.8125	0.3525391	0.3300781	0.8525391	-0.625	4.0625	-1.65625	0.05371094	0.9326172	-0.3623047	-1.25	-0.375	-0.125	113.6214	82.64411	175.3229	95.3302	66.82079	159.297
700.813	0.1445313	0.8896484	0.2246094	-2.28125	-2.875	-2.8125	0.3222656	0.3339844	0.8271484	0.59375	2.3125	0.59375	0.1484375	1.014648	-0.3652344	0.34375	0.90625	-0.8125	113.6214	82.64411	175.3229	95.4402	66.28123	159.2621
700.8461	0.1445313	0.8896484	0.2246094	-2.28125	-2.875	-2.8125	0.3222656	0.3339844	0.8271484	0.59375	2.3125	0.59375	0.1484375	1.014648	-0.3652344	0.34375	0.90625	-0.8125	113.6214	82.64411	175.3229	95.4402	66.28123	159.2621
700.8794	0.1445313	0.8896484	0.2246094	-2.28125	-2.875	-2.8125	0.3964844	0.3408203	0.8496094	0	2.5	0.90625	0.1484375	1.014648	-0.3652344	0.34375	0.90625	-0.8125	113.6214	82.64411	175.3229	95.4402	66.28123	159.2621
700.9125	0.1445313	0.8896484	0.2246094	-2.28125	-2.875	-2.8125	0.3964844	0.3408203	0.8496094	0	2.5	0.90625	0.1484375	1.014648	-0.3652344	0.34375	0.90625	-0.8125	113.6214	82.64411	175.3229	95.52835	65.51826	159.0527
700.9468	0.06542969	0.8623047	0.2587891	-3.6875	1.9375	-0.0625	0.3964844	0.3408203	0.8496094	0	2.5	0.90625	0.1835938	0.9716797	-0.4052734	-1.46875	0.46875	0.09375	113.6214	82.64411	175.3229	95.52835	65.51826	159.0527
700.9797	0.06542969	0.8623047	0.2587891	-3.6875	1.9375	-0.0625	0.3964844	0.3408203	0.8496094	0	2.5	0.90625	0.1835938	0.9716797	-0.4052734	-1.46875	0.46875	0.09375	113.6214	82.64411	175.3229	95.52835	65.51826	159.0527
701.0135	0.06542969	0.8623047	0.2587891	-3.6875	1.9375	-0.0625	0.3964844	0.3408203	0.8496094	0	2.5	0.90625	0.1835938	0.9716797	-0.4052734	-1.46875	0.46875	0.09375	113.4766	82.58232	175.1739	95.52835	65.51826	159.0527
701.0474	0.06542969	0.8623047	0.2587891	-3.6875	1.9375	-0.0625	0.3964844	0.3408203	0.8496094	0	2.5	0.90625	0.05371094	0.9316406	-0.3554688	-1.1875	-0.875	0.65625	113.4766	82.58232	175.1739	95.35724	66.99773	158.8711
701.0795	0.06542969	0.8623047	0.2587891	-3.6875	1.9375	-0.0625	0.3964844	0.3154297	0.8759766	0.34375	-0.25	0.71875	0.05371094	0.9316406	-0.3554688	-1.1875	-0.875	0.65625	113.4766	82.58232	175.1739	95.35724	66.99773	158.8711
701.1137	0.06542969	0.8623047	0.2587891	-3.6875	1.9375	-0.0625	0.3964844	0.3154297	0.8759766	0.34375	-0.25	0.71875	0.05859375	1.033203	-0.3466797	0.90625	1.4375	0.59375	113.4766	82.58232	175.1739	95.36385	67.01295	158.6402
701.1467	0.06542969	0.8623047	0.2587891	-3.6875	1.9375	-0.0625	0.3964844	0.3154297	0.8759766	0.34375	-0.25	0.71875	0.05859375	1.033203	-0.3466797	0.90625	1.4375	0.59375	113.2718	82.77354	175.2495	95.36385	67.01295	158.6402
701.1799	0.06542969	0.8623047	0.2587891	-3.6875	1.9375	-0.0625	0.3964844	0.3154297	0.8759766	0.34375	-0.25	0.71875	0.05859375	1.033203	-0.3466797	0.90625	1.4375	0.59375	113.2718	82.77354	175.2495	95.36385	67.01295	158.6402
701.2136	0.06542969	0.8623047	0.2587891	-3.6875	1.9375	-0.0625	0.3964844	0.3154297	0.8759766	0.34375	-0.25	0.71875	0.05859375	1.033203	-0.3466797	0.90625	1.4375	0.59375	113.5527	82.45655	174.6248	95.4006	66.79562	158.4616
701.2473	0.0078125	1.071289	0.1689453	-5.9375	-1.90625	-1.71875	0.3964844	0.3154297	0.8759766	0.34375	-0.25	0.71875	0.1025391	0.8720703	-0.3867188	0.84375	-1	0.21875	113.5527	82.45655	174.6248	95.4006	66.79562	158.4616
701.2797	0.0078125	1.071289	0.1689453	-5.9375	-1.90625	-1.71875	0.5009766	0.3828125	0.7412109	0.40625	1.09375	-0.375	0.1025391	0.8720703	-0.3867188	0.84375	-1	0.21875	113.5527	82.45655	174.6248	95.4006	66.79562	158.4616
701.3131	0.0078125	1.071289	0.1689453	-5.9375	-1.90625	-1.71875	0.5009766	0.3828125	0.7412109	0.40625	1.09375	-0.375	0.02832031	1.039063	-0.2998047	-0.5625	1.5	-1.125	113.5527	82.45655	174.6248	95.21615	67.44116	158.3931
701.3465	0.0078125	1.071289	0.1689453	-5.9375	-1.90625	-1.71875	0.5009766	0.3828125	0.7412109	0.40625	1.09375	-0.375	0.02832031	1.039063	-0.2998047	-0.5625	1.5	-1.125	113.6742	82.47787	174.3734	95.21615	67.44116	158.3931
701.3795	0.0078125	1.071289	0.1689453	-5.9375	-1.90625	-1.71875	0.5009766	0.3828125	0.7412109	0.40625	1.09375	-0.375	0.02832031	1.039063	-0.2998047	-0.5625	1.5	-1.125	113.6742	82.47787	174.3734	95.21615	67.44116	158.3931
701.4135	0.0078125	1.071289	0.1689453	-5.9375	-1.90625	-1.71875	0.5009766	0.3828125	0.7412109	0.40625	1.09375	-0.375	0.09570313	0.8945313	-0.3027344	-0.0625	0.46875	-0.8125	113.6742	82.47787	174.3734	95.41766	66.52164	158.286
701.4465	0.0078125	1.071289	0.1689453	-5.9375	-1.90625	-1.71875	0.5009766	0.3828125	0.7412109	0.40625	1.09375	-0.375	0.09570313	0.8945313	-0.3027344	-0.0625	0.46875	-0.8125	113.6742	82.47787	174.3734	95.41766	66.52164	158.286
701.4795	0.0078125	1.071289	0.1689453	-5.9375	-1.90625	-1.71875	0.5009766	0.3828125	0.7412109	0.40625	1.09375	-0.375	0.09570313	0.8945313	-0.3027344	-0.0625	0.46875	-0.8125	113.6742	82.47787	174.3734	95.41766	66.52164	158.286
701.5132	0.0078125	1.071289	0.1689453	-5.9375	-1.90625	-1.71875	0.5009766	0.3828125	0.7412109	0.40625	1.09375	-0.375	0.09570313	0.8945313	-0.3027344	-0.0625	0.46875	-0.8125	113.6742	82.47787	174.3734	95.41766	66.52164	158.286
701.5466	0.0078125	1.071289	0.1689453	-5.9375	-1.90625	-1.71875	0.5009766	0.3828125	0.7412109	0.40625	1.09375	-0.375	0.1513672	0.8398438	-0.4072266	0.09375	-0.0625	1.28125	113.6742	82.47787	174.3734	95.34615	67.13654	158.436
701.58	0.0078125	1.071289	0.1689453	-5.9375	-1.90625	-1.71875	0.5009766	0.3828125	0.7412109	0.40625	1.09375	-0.375	0.1513672	0.8398438	-0.4072266	0.09375	-0.0625	1.28125	113.5846	82.62934	174.6827	95.34615	67.13654	158.436
701.6135	-0.04199219	1.021484	0.2675781	1.03125	2.0625	0.03125	0.5009766	0.3828125	0.7412109	0.40625	1.09375	-0.375	0.04003906	0.7783203	-0.3925781	-0.0625	0.40625	-0.1875	113.5846	82.62934	174.6827	95.34002	66.80621	158.5744
701.6462	-0.04199219	1.021484	0.2675781	1.03125	2.0625	0.03125	0.5009766	0.3828125	0.7412109	0.40625	1.09375	-0.375	0.04003906	0.7783203	-0.3925781	-0.0625	0.40625	-0.1875	113.6648	82.33065	174.8547	95.34002	66.80621	158.5744
701.6793	-0.04199219	1.021484	0.2675781	1.03125	2.0625	0.03125	0.5009766	0.3828125	0.7412109	0.40625	1.09375	-0.375	0.04003906	0.7783203	-0.3925781	-0.0625	0.40625	-0.1875	113.6648	82.33065	174.8547	95.34002	66.80621	158.5744
701.713	-0.04199219	1.021484	0.2675781	1.03125	2.0625	0.03125	0.5009766	0.3828125	0.7412109	0.40625	1.09375	-0.375	0.15625	0.8476563	-0.3115234	0.46875	0.90625	-0.1875	113.6648	82.33065	174.8547	95.29956	67.5508	158.4684
701.7464	-0.04199219	1.021484	0.2675781	1.03125	2.0625	0.03125	0.5009766	0.3828125	0.7412109	0.40625	1.09375	-0.375	0.15625	0.8476563	-0.3115234	0.46875	0.90625	-0.1875	113.6648	82.33065	174.8547	95.29956	67.5508	158.4684
701.7792	-0.04199219	1.021484	0.2675781	1.03125	2.0625	0.03125	0.5009766	0.3828125	0.7412109	0.40625	1.09375	-0.375	0.15625	0.8476563	-0.3115234	0.46875	0.90625	-0.1875	113.6648	82.33065	174.8547	95.29956	67.5508	158.4684
701.8138	-0.04199219	1.021484	0.2675781	1.03125	2.0625	0.03125	0.5009766	0.3828125	0.7412109	0.40625	1.09375	-0.375	0.15625	0.8476563	-0.3115234	0.46875	0.90625	-0.1875	113.6648	82.33065	174.8547	95.38113	67.17319	158.4861
701.8467	-0.04199219	1.021484	0.2675781	1.03125	2.0625	0.03125	0.4580078	0.375	0.8291016	-0.5	-0.6875	-1.46875	0.2109375	0.9335938	-0.2626953	-0.3125	0.65625	-0.1875	114.0098	82.73128	175.3613	95.38113	67.17319	158.4861
701.8793	-0.04199219	1.021484	0.2675781	1.03125	2.0625	0.03125	0.4580078	0.375	0.8291016	-0.5	-0.6875	-1.46875	0.2109375	0.9335938	-0.2626953	-0.3125	0.65625	-0.1875	114.0098	82.73128	175.3613	95.38113	67.17319	158.4861
701.913	-0.04199219	1.021484	0.2675781	1.03125	2.0625	0.03125	0.4580078	0.375	0.8291016	-0.5	-0.6875	-1.46875	0.2109375	0.9335938	-0.2626953	-0.3125	0.65625	-0.1875	114.0098	82.73128	175.3613	95.44055	65.84332	159.4272
701.9464	-0.04199219	1.021484	0.2675781	1.03125	2.0625	0.03125	0.4580078	0.375	0.8291016	-0.5	-0.6875	-1.46875	0.1210938	0.9541016	-0.4511719	0.09375	-1	0	114.0098	82.73128	175.3613	95.44055	65.84332	159.4272
701.9791	0.05078125	0.9804688	0.125	3.34375	0.15625	-0.1875	0.4580078	0.375	0.8291016	-0.5	-0.6875	-1.46875	0.1210938	0.9541016	-0.4511719	0.09375	-1	0	114.0098	82.73128	175.3613	95.44055	65.84332	159.4272
702.013	0.05078125	0.9804688	0.125	3.34375	0.15625	-0.1875	0.4580078	0.375	0.8291016	-0.5	-0.6875	-1.46875	0.1210938	0.9541016	-0.4511719	0.09375	-1	0	114.0098	82.73128	175.3613	95.30397	66.33768	159.6796
702.046	0.05078125	0.9804688	0.125	3.34375	0.15625	-0.1875	0.4580078	0.375	0.8291016	-0.5	-0.6875	-1.46875	0.2177734	0.7548828	-0.3642578	0.03125	1.28125	-0.5	113.9199	82.87318	175.2543	95.30397	66.33768	159.6796
702.0796	0.05078125	0.9804688	0.125	3.34375	0.15625	-0.1875	0.4580078	0.375	0.8291016	-0.5	-0.6875	-1.46875	0.2177734	0.7548828	-0.3642578	0.03125	1.28125	-0.5	113.9199	82.87318	175.2543	95.30397	66.33768	159.6796
702.113	0.05078125	0.9804688	0.125	3.34375	0.15625	-0.1875	0.4580078	0.375	0.8291016	-0.5	-0.6875	-1.46875	0.2177734	0.7548828	-0.3642578	0.03125	1.28125	-0.5	114.0242	82.92618	175.5403	95.28564	66.2249	159.9809
702.1466	0.05078125	0.9804688	0.125	3.34375	0.15625	-0.1875	0.4580078	0.375	0.8291016	-0.5	-0.6875	-1.46875	0.02148438	0.9199219	-0.3662109	0.90625	0.53125	-0.25	114.0242	82.92618	175.5403	95.28564	66.2249	159.9809
702.1792	0.05078125	0.9804688	0.125	3.34375	0.15625	-0.1875	0.4580078	0.375	0.8291016	-0.5	-0.6875	-1.46875	0.02148438	0.9199219	-0.3662109	0.90625	0.53125	-0.25	114.0242	82.92618	175.5403	95.28564	66.2249	159.9809
702.2128	0.05078125	0.9804688	0.125	3.34375	0.15625	-0.1875	0.4580078	0.375	0.8291016	-0.5	-0.6875	-1.46875	0.02148438	0.9199219	-0.3662109	0.90625	0.53125	-0.25	114.0242	82.92618	175.5403	95.30491	66.17535	159.9581
702.2463	0.05078125	0.9804688	0.125	3.34375	0.15625	-0.1875	0.4199219	0.2138672	0.8642578	-1.40625	0.03125	0.46875	0.07910156	0.8730469	-0.3847656	-0.625	0.34375	-0.4375	114.0242	82.92618	175.5403	95.30491	66.17535	159.9581
702.2792	0.05078125	0.9804688	0.125	3.34375	0.15625	-0.1875	0.4199219	0.2138672	0.8642578	-1.40625	0.03125	0.46875	0.07910156	0.8730469	-0.3847656	-0.625	0.34375	-0.4375	113.9223	83.03763	175.7534	95.30491	66.17535	159.9581
702.3132	0.05078125	0.9804688	0.125	3.34375	0.15625	-0.1875	0.4199219	0.2138672	0.8642578	-1.40625	0.03125	0.46875	0.07910156	0.8730469	-0.3847656	-0.625	0.34375	-0.4375	113.9223	83.03763	175.7534	95.28445	65.93817	160.1889
702.3461	0.02441406	1.00293	0.08691406	-2.46875	0.28125	0.28125	0.4199219	0.2138672	0.8642578	-1.40625	0.03125	0.46875	0.03515625	0.8496094	-0.3398438	-0.25	-0.0625	0.28125	113.9223	83.03763	175.7534	95.28445	65.93817	160.1889
702.379	0.02441406	1.00293	0.08691406	-2.46875	0.28125	0.28125	0.4199219	0.2138672	0.8642578	-1.40625	0.03125	0.46875	0.03515625	0.8496094	-0.3398438	-0.25	-0.0625	0.28125	113.9223	83.03763	175.7534	95.28445	65.93817	160.1889
702.4137	0.02441406	1.00293	0.08691406	-2.46875	0.28125	0.28125	0.4199219	0.2138672	0.8642578	-1.40625	0.03125	0.46875	0.03515625	0.8496094	-0.3398438	-0.25	-0.0625	0.28125	113.9223	83.03763	175.7534	95.3026	65.81159	160.2478
702.446	0.02441406	1.00293	0.08691406	-2.46875	0.28125	0.28125	0.4199219	0.2138672	0.8642578	-1.40625	0.03125	0.46875	0.1132813	0.9912109	-0.3349609	0.21875	1.15625	-0.125	114.0041	82.99635	175.8032	95.3026	65.81159	160.2478
702.4791	0.02441406	1.00293	0.08691406	-2.46875	0.28125	0.28125	0.4199219	0.2138672	0.8642578	-1.40625	0.03125	0.46875	0.1132813	0.9912109	-0.3349609	0.21875	1.15625	-0.125	114.0041	82.99635	175.8032	95.3026	65.81159	160.2478
702.513	0.05566406	0.9912109	0.1806641	-3.0625	1.09375	-0.625	0.4199219	0.2138672	0.8642578	-1.40625	0.03125	0.46875	0.1132813	0.9912109	-0.3349609	0.21875	1.15625	-0.125	113.9437	83.2635	175.6248	95.43203	65.09963	160.07
702.5463	0.05566406	0.9912109	0.1806641	-3.0625	1.09375	-0.625	0.4199219	0.2138672	0.8642578	-1.40625	0.03125	0.46875	0.00390625	0.9560547	-0.2939453	-0.0625	0.28125	0.21875	113.9437	83.2635	175.6248	95.43203	65.09963	160.07
702.5793	0.06640625	0.9833984	0.3222656	-0.375	0.28125	-0.375	0.4199219	0.2138672	0.8642578	-1.40625	0.03125	0.46875	0.00390625	0.9560547	-0.2939453	-0.0625	0.28125	0.21875	113.9437	83.2635	175.6248	95.43203	65.09963	160.07
702.6336	0.06640625	0.9833984	0.3222656	-0.375	0.28125	-0.375	0.4160156	0.3291016	0.8681641	-1	0.34375	0	0.00390625	0.9560547	-0.2939453	-0.0625	0.28125	0.21875	113.9437	83.2635	175.6248	95.43203	65.09963	160.07
702.662	0.06640625	0.9833984	0.3222656	-0.375	0.28125	-0.375	0.4160156	0.3291016	0.8681641	-1	0.34375	0	-0.03613281	0.9257813	-0.3867188	0.46875	0.21875	0.15625	113.9437	83.2635	175.6248	95.4328	64.99537	160.1675
702.6956	0.06640625	0.9833984	0.3222656	-0.375	0.28125	-0.375	0.3378906	0.2822266	0.7548828	-1.125	0.59375	-0.625	-0.03613281	0.9257813	-0.3867188	0.46875	0.21875	0.15625	113.9437	83.2635	175.6248	95.4328	64.99537	160.1675
702.7289	0.06640625	0.9833984	0.3222656	-0.375	0.28125	-0.375	0.3378906	0.2822266	0.7548828	-1.125	0.59375	-0.625	-0.03613281	0.9257813	-0.3867188	0.46875	0.21875	0.15625	113.9437	83.2635	175.6248	95.21657	66.36988	159.6361
702.7618	0.06640625	0.9833984	0.3222656	-0.375	0.28125	-0.375	0.3496094	0.3066406	0.8320313	-0.1875	-0.375	-0.125	0.06152344	0.9609375	-0.3095703	0.46875	0.46875	0	113.9437	83.2635	175.6248	95.21657	66.36988	159.6361
702.795	0.06640625	0.9833984	0.3222656	-0.375	0.28125	-0.375	0.3496094	0.3066406	0.8320313	-0.1875	-0.375	-0.125	0.06152344	0.9609375	-0.3095703	0.46875	0.46875	0	113.9437	83.2635	175.6248	95.21657	66.36988	159.6361
702.8289	0.09570313	1.007813	0.03027344	-0.9375	0.84375	-0.5	0.3496094	0.3066406	0.8320313	-0.1875	-0.375	-0.125	0.06152344	0.9609375	-0.3095703	0.46875	0.46875	0	113.9437	83.2635	175.6248	95.21657	66.36988	159.6361
702.8624	0.09570313	1.007813	0.03027344	-0.9375	0.84375	-0.5	0.3496094	0.3066406	0.8320313	-0.1875	-0.375	-0.125	0.1445313	0.8388672	-0.3583984	0.59375	0.09375	1.21875	113.9437	83.2635	175.6248	95.33242	65.92939	159.3267
702.8953	0.09570313	1.007813	0.03027344	-0.9375	0.84375	-0.5	0.3496094	0.3066406	0.8320313	-0.1875	-0.375	-0.125	0.1445313	0.8388672	-0.3583984	0.59375	0.09375	1.21875	113.9437	83.2635	175.6248	95.33242	65.92939	159.3267
702.9285	0.09570313	1.007813	0.03027344	-0.9375	0.84375	-0.5	0.3496094	0.3066406	0.8320313	-0.1875	-0.375	-0.125	0.08691406	0.9121094	-0.1904297	0.40625	-0.375	-0.0625	113.9437	83.2635	175.6248	95.15273	66.69005	159.4808
702.962	0.09570313	1.007813	0.03027344	-0.9375	0.84375	-0.5	0.3496094	0.3066406	0.8320313	-0.1875	-0.375	-0.125	0.08691406	0.9121094	-0.1904297	0.40625	-0.375	-0.0625	113.7473	83.77103	175.7378	95.15273	66.69005	159.4808
702.9948	0.03417969	0.9511719	0.1923828	-2.40625	-0.4375	-0.0625	0.3496094	0.3066406	0.8320313	-0.1875	-0.375	-0.125	0.08691406	0.9121094	-0.1904297	0.40625	-0.375	-0.0625	113.7473	83.77103	175.7378	95.15273	66.69005	159.4808
703.0285	0.03417969	0.9511719	0.1923828	-2.40625	-0.4375	-0.0625	0.3496094	0.3066406	0.8320313	-0.1875	-0.375	-0.125	0.02246094	0.8583984	-0.4814453	0.28125	0.90625	0	113.7473	83.77103	175.7378	95.15273	66.69005	159.4808
703.0618	0.03417969	0.9511719	0.1923828	-2.40625	-0.4375	-0.0625	0.3496094	0.3066406	0.8320313	-0.1875	-0.375	-0.125	0.02246094	0.8583984	-0.4814453	0.28125	0.90625	0	113.6392	84.06641	175.6299	95.01353	67.05426	158.9566
703.0952	0.03417969	0.9511719	0.1923828	-2.40625	-0.4375	-0.0625	0.3496094	0.3066406	0.8320313	-0.1875	-0.375	-0.125	0.02246094	0.8583984	-0.4814453	0.28125	0.90625	0	113.6392	84.06641	175.6299	95.01353	67.05426	158.9566
703.1285	0.03417969	0.9511719	0.1923828	-2.40625	-0.4375	-0.0625	0.3496094	0.3066406	0.8320313	-0.1875	-0.375	-0.125	0.02246094	0.8583984	-0.4814453	0.28125	0.90625	0	113.6392	84.06641	175.6299	95.01353	67.05426	158.9566
703.1619	0.03417969	0.9511719	0.1923828	-2.40625	-0.4375	-0.0625	0.3496094	0.3066406	0.8320313	-0.1875	-0.375	-0.125	0.06054688	0.8076172	-0.2587891	-0.3125	0.71875	0.15625	113.6392	84.06641	175.6299	95.10281	66.24238	159.2722
703.1954	0.03417969	0.9511719	0.1923828	-2.40625	-0.4375	-0.0625	0.3496094	0.3066406	0.8320313	-0.1875	-0.375	-0.125	0.06054688	0.8076172	-0.2587891	-0.3125	0.71875	0.15625	113.6392	84.06641	175.6299	95.10281	66.24238	159.2722
703.2286	0.03417969	0.9511719	0.1923828	-2.40625	-0.4375	-0.0625	0.3496094	0.3066406	0.8320313	-0.1875	-0.375	-0.125	0.1630859	1.018555	-0.4033203	-0.5625	1.28125	-0.625	113.6392	84.06641	175.6299	95.10281	66.24238	159.2722
703.2619	0.1220703	0.9150391	0.1162109	-3.1875	0.03125	0.84375	0.3496094	0.3066406	0.8320313	-0.1875	-0.375	-0.125	0.1630859	1.018555	-0.4033203	-0.5625	1.28125	-0.625	113.6827	83.89629	175.5111	95.32726	65.23434	159.1298
703.295	0.1220703	0.9150391	0.1162109	-3.1875	0.03125	0.84375	0.3955078	0.2949219	0.8710938	0.65625	0.28125	-0.125	0.1630859	1.018555	-0.4033203	-0.5625	1.28125	-0.625	113.6827	83.89629	175.5111	95.32726	65.23434	159.1298
703.329	0.1220703	0.9150391	0.1162109	-3.1875	0.03125	0.84375	0.3955078	0.2949219	0.8710938	0.65625	0.28125	-0.125	0.1630859	1.018555	-0.4033203	-0.5625	1.28125	-0.625	113.6827	83.89629	175.5111	95.29841	65.43182	159.2907
703.3623	0.1220703	0.9150391	0.1162109	-3.1875	0.03125	0.84375	0.3955078	0.2949219	0.8710938	0.65625	0.28125	-0.125	0.1132813	0.9580078	-0.2587891	-0.125	0.34375	-0.1875	113.6827	83.89629	175.5111	95.29841	65.43182	159.2907
703.3944	0.1220703	0.9150391	0.1162109	-3.1875	0.03125	0.84375	0.3955078	0.2949219	0.8710938	0.65625	0.28125	-0.125	0.1132813	0.9580078	-0.2587891	-0.125	0.34375	-0.1875	113.7835	83.51477	175.8649	95.29841	65.43182	159.2907
703.4282	0.1220703	0.9150391	0.1162109	-3.1875	0.03125	0.84375	0.3955078	0.2949219	0.8710938	0.65625	0.28125	-0.125	0.1132813	0.9580078	-0.2587891	-0.125	0.34375	-0.1875	113.7835	83.51477	175.8649	95.29841	65.43182	159.2907
703.4617	0.1298828	1.021484	0.15625	-0.625	-0.75	0.15625	0.3955078	0.2949219	0.8710938	0.65625	0.28125	-0.125	0.1132813	0.9580078	-0.2587891	-0.125	0.34375	-0.1875	113.7835	83.51477	175.8649	95.29841	65.43182	159.2907
703.4946	-0.09863281	0.9658203	0.1113281	-2.59375	-0.75	-0.625	0.3955078	0.2949219	0.8710938	0.65625	0.28125	-0.125	0.1132813	0.9580078	-0.2587891	-0.125	0.34375	-0.1875	113.7835	83.51477	175.8649	95.3072	64.9998	159.8752
703.5284	-0.09863281	0.9658203	0.1113281	-2.59375	-0.75	-0.625	0.3847656	0.2265625	0.8632813	0.90625	0.59375	-0.375	0.08789063	1.029297	-0.328125	0.96875	-1.1875	0	113.7835	83.51477	175.8649	95.3072	64.9998	159.8752
703.5615	-0.09863281	0.9658203	0.1113281	-2.59375	-0.75	-0.625	0.3847656	0.2265625	0.8632813	0.90625	0.59375	-0.375	0.09277344	0.9384766	-0.2978516	0.28125	1.03125	-0.25	113.7835	83.51477	175.8649	95.3072	64.9998	159.8752
703.5947	-0.09863281	0.9658203	0.1113281	-2.59375	-0.75	-0.625	0.3847656	0.2265625	0.8632813	0.90625	0.59375	-0.375	0.09277344	0.9384766	-0.2978516	0.28125	1.03125	-0.25	113.7835	83.51477	175.8649	95.0927	65.90163	159.3386
703.6282	-0.09863281	0.9658203	0.1113281	-2.59375	-0.75	-0.625	0.3847656	0.2265625	0.8632813	0.90625	0.59375	-0.375	0.09277344	0.9384766	-0.2978516	0.28125	1.03125	-0.25	113.7835	83.51477	175.8649	95.05894	65.98853	159.2808
703.6613	-0.09863281	0.9658203	0.1113281	-2.59375	-0.75	-0.625	0.3847656	0.2265625	0.8632813	0.90625	0.59375	-0.375	0.04003906	0.9189453	-0.3496094	0.34375	1.9375	-0.75	113.7013	83.54245	175.6422	95.05894	65.98853	159.2808
703.6943	-0.09863281	0.9658203	0.1113281	-2.59375	-0.75	-0.625	0.3847656	0.2265625	0.8632813	0.90625	0.59375	-0.375	0.04003906	0.9189453	-0.3496094	0.34375	1.9375	-0.75	113.7013	83.54245	175.6422	95.05894	65.98853	159.2808
703.7282	-0.09863281	0.9658203	0.1113281	-2.59375	-0.75	-0.625	0.3828125	0.3203125	0.7978516	0.46875	0.09375	-0.6875	0.04003906	0.9189453	-0.3496094	0.34375	1.9375	-0.75	113.7013	83.54245	175.6422	95.05894	65.98853	159.2808
703.762	-0.09863281	0.9658203	0.1113281	-2.59375	-0.75	-0.625	0.3828125	0.3203125	0.7978516	0.46875	0.09375	-0.6875	0.08789063	0.9794922	-0.1025391	-1	3.03125	-2.75	113.7013	83.54245	175.6422	95.07794	65.77194	159.3009
703.7955	-0.09863281	0.9658203	0.1113281	-2.59375	-0.75	-0.625	0.3828125	0.3203125	0.7978516	0.46875	0.09375	-0.6875	0.08789063	0.9794922	-0.1025391	-1	3.03125	-2.75	113.7013	83.54245	175.6422	95.07794	65.77194	159.3009
703.8284	-0.09863281	0.9658203	0.1113281	-2.59375	-0.75	-0.625	0.3828125	0.3203125	0.7978516	0.46875	0.09375	-0.6875	0.04492188	0.9384766	-0.3017578	-1.46875	5	-4.59375	113.6801	83.28325	175.6433	95.07794	65.77194	159.3009
703.8616	-0.09863281	0.9658203	0.1113281	-2.59375	-0.75	-0.625	0.3828125	0.3203125	0.7978516	0.46875	0.09375	-0.6875	0.04492188	0.9384766	-0.3017578	-1.46875	5	-4.59375	113.6801	83.28325	175.6433	95.39645	64.03509	158.9575
703.8945	-0.09863281	0.9658203	0.1113281	-2.59375	-0.75	-0.625	0.3828125	0.3203125	0.7978516	0.46875	0.09375	-0.6875	0.04492188	0.9384766	-0.3017578	-1.46875	5	-4.59375	113.6801	83.28325	175.6433	95.39645	64.03509	158.9575
703.9278	-0.09863281	0.9658203	0.1113281	-2.59375	-0.75	-0.625	0.3828125	0.3203125	0.7978516	0.46875	0.09375	-0.6875	0.04492188	0.9384766	-0.3017578	-1.46875	5	-4.59375	113.6801	83.28325	175.6433	95.54707	63.03902	158.6542
703.9612	-0.09863281	0.9658203	0.1113281	-2.59375	-0.75	-0.625	0.3886719	0.2441406	0.8173828	-0.3125	0.34375	-0.875	0.2246094	0.8144531	-0.2773438	-1.34375	2.3125	-1.78125	113.6801	83.28325	175.6433	95.54707	63.03902	158.6542
703.9945	-0.09863281	0.9658203	0.1113281	-2.59375	-0.75	-0.625	0.3886719	0.2441406	0.8173828	-0.3125	0.34375	-0.875	0.2246094	0.8144531	-0.2773438	-1.34375	2.3125	-1.78125	113.6801	83.28325	175.6433	95.54707	63.03902	158.6542
704.0283	0.02832031	0.8808594	0.1591797	1.75	1.6875	-0.375	0.5126953	0.3222656	0.8017578	-1	-0.875	0.03125	0.2246094	0.8144531	-0.2773438	-1.34375	2.3125	-1.78125	113.6801	83.28325	175.6433	95.54707	63.03902	158.6542
704.061	0.02832031	0.8808594	0.1591797	1.75	1.6875	-0.375	0.5126953	0.3222656	0.8017578	-1	-0.875	0.03125	0.1894531	0.9628906	-0.40625	-1	0	-1.53125	113.6801	83.28325	175.6433	95.43778	63.18903	158.8908
704.0947	0.02832031	0.8808594	0.1591797	1.75	1.6875	-0.375	0.5126953	0.3222656	0.8017578	-1	-0.875	0.03125	0.1894531	0.9628906	-0.40625	-1	0	-1.53125	113.6801	83.28325	175.6433	95.43778	63.18903	158.8908
704.1277	0.02832031	0.8808594	0.1591797	1.75	1.6875	-0.375	0.5126953	0.3222656	0.8017578	-1	-0.875	0.03125	0.1894531	0.9628906	-0.40625	-1	0	-1.53125	113.6801	83.28325	175.6433	95.43778	63.18903	158.8908
704.1612	0.02832031	0.8808594	0.1591797	1.75	1.6875	-0.375	0.5126953	0.3222656	0.8017578	-1	-0.875	0.03125	0.1894531	0.9462891	-0.3535156	0.34375	2.5	-4.40625	113.6801	83.28325	175.6433	95.48546	62.65186	159.0153
704.1942	0.02832031	0.8808594	0.1591797	1.75	1.6875	-0.375	0.3476563	0.3720703	0.8232422	0.40625	-0.9375	1.15625	0.1894531	0.9462891	-0.3535156	0.34375	2.5	-4.40625	113.6801	83.28325	175.6433	95.48546	62.65186	159.0153
704.2277	0.02832031	0.8808594	0.1591797	1.75	1.6875	-0.375	0.3886719	0.3134766	0.7929688	1.03125	-0.875	1.9375	0.1894531	0.9462891	-0.3535156	0.34375	2.5	-4.40625	113.6801	83.28325	175.6433	95.16423	63.27984	159.2318
704.2611	0.02832031	0.8808594	0.1591797	1.75	1.6875	-0.375	0.3886719	0.3134766	0.7929688	1.03125	-0.875	1.9375	-0.01171875	0.8837891	-0.2314453	0.03125	2	-8.8125	113.9328	83.61935	175.5452	95.16423	63.27984	159.2318
704.2947	0.02832031	0.8808594	0.1591797	1.75	1.6875	-0.375	0.3886719	0.3134766	0.7929688	1.03125	-0.875	1.9375	-0.01171875	0.8837891	-0.2314453	0.03125	2	-8.8125	113.9328	83.61935	175.5452	95.16423	63.27984	159.2318
704.3279	0.02832031	0.8808594	0.1591797	1.75	1.6875	-0.375	0.3886719	0.3134766	0.7929688	1.03125	-0.875	1.9375	-0.01171875	0.8837891	-0.2314453	0.03125	2	-8.8125	113.9328	83.61935	175.5452	95.16423	63.27984	159.2318
704.3609	0.02832031	0.8808594	0.1591797	1.75	1.6875	-0.375	0.3125	0.2958984	0.8994141	0.90625	2.90625	3.40625	-0.01171875	0.8837891	-0.2314453	0.03125	2	-8.8125	113.9328	83.61935	175.5452	95.4317	61.82936	158.3608
704.3949	0.02832031	0.8808594	0.1591797	1.75	1.6875	-0.375	0.3125	0.2958984	0.8994141	0.90625	2.90625	3.40625	-0.1083984	0.8359375	-0.1015625	13.40625	-4.09375	-4.90625	113.9328	83.61935	175.5452	95.4317	61.82936	158.3608
704.4276	0.1328125	0.8339844	0.1083984	35.4375	-0.8125	1.6875	0.3125	0.2958984	0.8994141	0.90625	2.90625	3.40625	0.2724609	0.9082031	-0.3183594	76.21875	-84.375	45.46875	113.9328	83.61935	175.5452	95.4317	61.82936	158.3608
704.4606	0.1328125	0.8339844	0.1083984	35.4375	-0.8125	1.6875	0.3125	0.2958984	0.8994141	0.90625	2.90625	3.40625	0.2724609	0.9082031	-0.3183594	76.21875	-84.375	45.46875	113.9328	83.61935	175.5452	93.53274	72.56041	156.965
704.4939	0.1328125	0.8339844	0.1083984	35.4375	-0.8125	1.6875	0.3125	0.2958984	0.8994141	0.90625	2.90625	3.40625	0.2724609	0.9082031	-0.3183594	76.21875	-84.375	45.46875	113.9328	83.61935	175.5452	93.53274	72.56041	156.965
704.5278	0.1328125	0.8339844	0.1083984	35.4375	-0.8125	1.6875	0.3125	0.2958984	0.8994141	0.90625	2.90625	3.40625	0.2900391	0.7314453	-0.2958984	67.375	-30.34375	17.1875	113.3681	83.72449	175.7133	93.53274	72.56041	156.965
704.561	0.1328125	0.8339844	0.1083984	35.4375	-0.8125	1.6875	0.3125	0.2958984	0.8994141	0.90625	2.90625	3.40625	0.2900391	0.7314453	-0.2958984	67.375	-30.34375	17.1875	113.3681	83.72449	175.7133	89.93629	90.8674	158.5007
704.5942	0.1328125	0.8339844	0.1083984	35.4375	-0.8125	1.6875	0.4345703	0.2480469	0.8310547	-0.0625	-0.5	2.5625	0.2900391	0.7314453	-0.2958984	67.375	-30.34375	17.1875	113.3681	83.72449	175.7133	89.93629	90.8674	158.5007
704.628	0.1328125	0.8339844	0.1083984	35.4375	-0.8125	1.6875	0.4345703	0.2480469	0.8310547	-0.0625	-0.5	2.5625	0.2900391	0.7314453	-0.2958984	67.375	-30.34375	17.1875	113.3681	83.72449	175.7133	89.93629	90.8674	158.5007
704.6614	0.2216797	0.8769531	-0.03613281	50.21875	1.3125	1.09375	0.4345703	0.2480469	0.8310547	-0.0625	-0.5	2.5625	0.109375	0.6494141	-0.5478516	67.96875	32.28125	-15.625	112.999	84.03218	175.5558	77.80327	111.6191	159.274
704.694	0.2216797	0.8769531	-0.03613281	50.21875	1.3125	1.09375	0.3486328	0.2548828	0.8691406	2.90625	-2.15625	-0.25	0.109375	0.6494141	-0.5478516	67.96875	32.28125	-15.625	112.999	84.03218	175.5558	77.80327	111.6191	159.274
704.7274	0.2216797	0.8769531	-0.03613281	50.21875	1.3125	1.09375	0.4179688	0.2958984	0.8691406	4.875	13.46875	2.65625	0.109375	0.6494141	-0.5478516	67.96875	32.28125	-15.625	112.999	84.03218	175.5558	77.80327	111.6191	159.274
704.7607	0.2216797	0.8769531	-0.03613281	50.21875	1.3125	1.09375	0.4179688	0.2958984	0.8691406	4.875	13.46875	2.65625	0.2861328	0.8613281	-0.5107422	85.875	10.25	15.1875	112.9059	84.37714	175.9435	63.68557	134.0744	161.2924
704.794	0.2216797	0.8769531	-0.03613281	50.21875	1.3125	1.09375	0.4179688	0.2958984	0.8691406	4.875	13.46875	2.65625	0.2861328	0.8613281	-0.5107422	85.875	10.25	15.1875	112.9059	84.37714	175.9435	63.68557	134.0744	161.2924
704.8276	0.2216797	0.8769531	-0.03613281	50.21875	1.3125	1.09375	0.4179688	0.2958984	0.8691406	4.875	13.46875	2.65625	0.2861328	0.8613281	-0.5107422	85.875	10.25	15.1875	112.9059	84.37714	175.9435	49.24842	150.9234	164.4832
704.8605	0.2216797	0.8769531	-0.03613281	50.21875	1.3125	1.09375	0.3769531	0.1787109	0.8105469	8.84375	6.34375	0.28125	-0.1376953	1.999023	-1.208984	96.65625	-65.25	47.46875	112.9059	84.37714	175.9435	49.24842	150.9234	164.4832
704.894	0.2216797	0.8769531	-0.03613281	50.21875	1.3125	1.09375	0.3769531	0.1787109	0.8105469	8.84375	6.34375	0.28125	-0.1376953	1.999023	-1.208984	96.65625	-65.25	47.46875	112.9059	84.37714	175.9435	49.24842	150.9234	164.4832
704.9275	-0.01855469	0.4257813	0.2050781	10.1875	21.90625	29.40625	0.3769531	0.1787109	0.8105469	8.84375	6.34375	0.28125	-0.1376953	1.999023	-1.208984	96.65625	-65.25	47.46875	112.9059	84.37714	175.9435	49.24842	150.9234	164.4832
704.9606	-0.01855469	0.4257813	0.2050781	10.1875	21.90625	29.40625	0.3769531	0.1787109	0.8105469	8.84375	6.34375	0.28125	0.8291016	0.8203125	0.7138672	-68.6875	-12.40625	51.375	112.9059	84.37714	175.9435	58.32678	126.8773	152.2906
704.9937	-0.01855469	0.4257813	0.2050781	10.1875	21.90625	29.40625	0.3769531	0.1787109	0.8105469	8.84375	6.34375	0.28125	0.8291016	0.8203125	0.7138672	-68.6875	-12.40625	51.375	112.9059	84.37714	175.9435	58.32678	126.8773	152.2906
705.0274	-0.01855469	0.4257813	0.2050781	10.1875	21.90625	29.40625	0.3769531	0.1787109	0.8105469	8.84375	6.34375	0.28125	0.3330078	0.1943359	-1.34082	-337.0625	25.375	152.875	112.9059	84.37714	175.9435	58.32678	126.8773	152.2906
705.0604	-0.01855469	0.4257813	0.2050781	10.1875	21.90625	29.40625	0.3769531	0.1787109	0.8105469	8.84375	6.34375	0.28125	0.3330078	0.1943359	-1.34082	-337.0625	25.375	152.875	112.7637	82.66785	180.3042	92.04963	88.67091	152.6915
705.0935	-0.01855469	0.4257813	0.2050781	10.1875	21.90625	29.40625	0.3769531	0.1787109	0.8105469	8.84375	6.34375	0.28125	0.3330078	0.1943359	-1.34082	-337.0625	25.375	152.875	112.7637	82.66785	180.3042	92.04963	88.67091	152.6915
705.1273	-0.01855469	0.4257813	0.2050781	10.1875	21.90625	29.40625	0.5244141	0.3916016	0.7373047	78.71875	9.03125	-17.96875	0.3330078	0.1943359	-1.34082	-337.0625	25.375	152.875	112.7637	82.66785	180.3042	109.5248	48.37368	159.5466
705.1604	0.006835938	0.890625	-0.8886719	204.3438	-23.625	0.53125	0.5244141	0.3916016	0.7373047	78.71875	9.03125	-17.96875	0.2451172	-1.382813	-1.841797	108.125	-21.25	-28.09375	112.7637	82.66785	180.3042	109.5248	48.37368	159.5466
705.1937	0.006835938	0.890625	-0.8886719	204.3438	-23.625	0.53125	0.5244141	0.3916016	0.7373047	78.71875	9.03125	-17.96875	0.2451172	-1.382813	-1.841797	108.125	-21.25	-28.09375	112.7637	82.66785	180.3042	109.5248	48.37368	159.5466
705.2268	0.006835938	0.890625	-0.8886719	204.3438	-23.625	0.53125	0.5244141	0.3916016	0.7373047	78.71875	9.03125	-17.96875	0.2451172	-1.382813	-1.841797	108.125	-21.25	-28.09375	112.7637	82.66785	180.3042	109.5248	48.37368	159.5466
705.2606	0.05175781	0.8232422	-1.245117	-50.90625	-14.84375	-2.6875	0.2392578	0.4697266	0.7138672	96.125	-18.25	-23.40625	-0.1630859	1.164063	-1.857422	358.1875	224.5313	183.8125	112.7637	82.66785	180.3042	96.63295	66.35688	154.6577
705.2939	0.05175781	0.8232422	-1.245117	-50.90625	-14.84375	-2.6875	0.2392578	0.4697266	0.7138672	96.125	-18.25	-23.40625	-0.1630859	1.164063	-1.857422	358.1875	224.5313	183.8125	112.7637	82.66785	180.3042	96.63295	66.35688	154.6577
705.3269	0.05175781	0.8232422	-1.245117	-50.90625	-14.84375	-2.6875	0.2080078	0.6503906	0.9033203	120.9688	-28.53125	-44.21875	-0.1630859	1.164063	-1.857422	358.1875	224.5313	183.8125	129.8459	68.71777	173.9058	96.63295	66.35688	154.6577
705.3604	0.05175781	0.8232422	-1.245117	-50.90625	-14.84375	-2.6875	0.2080078	0.6503906	0.9033203	120.9688	-28.53125	-44.21875	-0.4423828	1.070313	-0.2080078	-93.71875	4.625	-24.5	129.8459	68.71777	173.9058	102.904	46.79239	163.2119
705.3933	0.05175781	0.8232422	-1.245117	-50.90625	-14.84375	-2.6875	0.2080078	0.6503906	0.9033203	120.9688	-28.53125	-44.21875	-0.4423828	1.070313	-0.2080078	-93.71875	4.625	-24.5	129.8459	68.71777	173.9058	102.904	46.79239	163.2119
705.4269	0.05175781	0.8232422	-1.245117	-50.90625	-14.84375	-2.6875	0.2080078	0.6503906	0.9033203	120.9688	-28.53125	-44.21875	-0.4423828	1.070313	-0.2080078	-93.71875	4.625	-24.5	129.8459	68.71777	173.9058	106.3258	47.37546	159.6022
705.4604	-0.04003906	0.7226563	-0.3916016	-147.8438	31.78125	-44.625	0.2080078	0.6503906	0.9033203	120.9688	-28.53125	-44.21875	-0.1015625	0.9785156	0.1142578	56.875	-34.375	-16	129.8459	68.71777	173.9058	106.3258	47.37546	159.6022
705.4937	-0.04003906	0.7226563	-0.3916016	-147.8438	31.78125	-44.625	0.2080078	0.6503906	0.9033203	120.9688	-28.53125	-44.21875	-0.1015625	0.9785156	0.1142578	56.875	-34.375	-16	129.8459	68.71777	173.9058	106.3258	47.37546	159.6022
705.527	-0.04003906	0.7226563	-0.3916016	-147.8438	31.78125	-44.625	0.2080078	0.6503906	0.9033203	120.9688	-28.53125	-44.21875	-0.1015625	0.9785156	0.1142578	56.875	-34.375	-16	140.6628	62.06111	181.5778	106.3258	47.37546	159.6022
705.5604	-0.04003906	0.7226563	-0.3916016	-147.8438	31.78125	-44.625	0.09277344	0.2978516	-0.2392578	-82.84375	3.78125	4.625	0.125	1.350586	0.8935547	186.3125	15.375	-38.65625	140.6628	62.06111	181.5778	110.4953	33.32937	168.9667
705.5937	-0.04003906	0.7226563	-0.3916016	-147.8438	31.78125	-44.625	0.09277344	0.2978516	-0.2392578	-82.84375	3.78125	4.625	0.125	1.350586	0.8935547	186.3125	15.375	-38.65625	140.6628	62.06111	181.5778	110.4953	33.32937	168.9667
705.6268	-0.04003906	0.7226563	-0.3916016	-147.8438	31.78125	-44.625	0.09277344	0.2978516	-0.2392578	-82.84375	3.78125	4.625	0.9433594	1.917969	-1.737305	235.8125	-133.9375	71.875	138.939	70.63942	181.23	110.4953	33.32937	168.9667
705.6602	-0.04003906	0.7226563	-0.3916016	-147.8438	31.78125	-44.625	0.09277344	0.2978516	-0.2392578	-82.84375	3.78125	4.625	0.9433594	1.917969	-1.737305	235.8125	-133.9375	71.875	138.939	70.63942	181.23	100.787	45.5243	161.8458
705.6938	-0.2978516	0.6240234	-0.06347656	-35.78125	-93.34375	12.8125	-1.079102	-0.7744141	0.5449219	107.7188	99.53125	-12.65625	0.9433594	1.917969	-1.737305	235.8125	-133.9375	71.875	138.939	70.63942	181.23	100.787	45.5243	161.8458
705.7267	-0.2978516	0.6240234	-0.06347656	-35.78125	-93.34375	12.8125	-1.079102	-0.7744141	0.5449219	107.7188	99.53125	-12.65625	0.2294922	0.3798828	-0.3427734	-258.375	-32.25	97.28125	138.939	70.63942	181.23	100.787	45.5243	161.8458
705.7599	-0.2978516	0.6240234	-0.06347656	-35.78125	-93.34375	12.8125	-1.277344	0.53125	-1.341797	130.125	-254.5938	-52.375	0.2294922	0.3798828	-0.3427734	-258.375	-32.25	97.28125	161.6017	59.88691	166.5675	113.9903	15.29424	158.207
705.7933	-0.2978516	0.6240234	-0.06347656	-35.78125	-93.34375	12.8125	-1.277344	0.53125	-1.341797	130.125	-254.5938	-52.375	0.2294922	0.3798828	-0.3427734	-258.375	-32.25	97.28125	161.6017	59.88691	166.5675	113.9903	15.29424	158.207
705.8265	-0.2978516	0.6240234	-0.06347656	-35.78125	-93.34375	12.8125	-1.277344	0.53125	-1.341797	130.125	-254.5938	-52.375	0.2294922	0.3798828	-0.3427734	-258.375	-32.25	97.28125	161.6017	59.88691	166.5675	113.9903	15.29424	158.207
705.8598	-0.2978516	0.6240234	-0.06347656	-35.78125	-93.34375	12.8125	-1.277344	0.53125	-1.341797	130.125	-254.5938	-52.375	-0.2988281	0.9736328	-1.524414	-410.5938	17.25	-36.34375	161.6017	59.88691	166.5675	135.3729	359.013	164.7232
705.8932	-0.2978516	0.6240234	-0.06347656	-35.78125	-93.34375	12.8125	-1.277344	0.53125	-1.341797	130.125	-254.5938	-52.375	-0.2988281	0.9736328	-1.524414	-410.5938	17.25	-36.34375	161.6017	59.88691	166.5675	135.3729	359.013	164.7232
705.927	-0.2558594	1.087891	-0.1914063	-60.0625	39.28125	-5.75	-1.277344	0.53125	-1.341797	130.125	-254.5938	-52.375	1.257813	-0.1445313	-1.188477	50.15625	11.65625	45.40625	161.6017	59.88691	166.5675	135.3729	359.013	164.7232
705.96	-0.2558594	1.087891	-0.1914063	-60.0625	39.28125	-5.75	-1.277344	0.53125	-1.341797	130.125	-254.5938	-52.375	1.257813	-0.1445313	-1.188477	50.15625	11.65625	45.40625	193.2862	57.20269	173.8019	171.9313	349.8348	164.7993
705.9935	-0.2558594	1.087891	-0.1914063	-60.0625	39.28125	-5.75	-1.277344	0.53125	-1.341797	130.125	-254.5938	-52.375	1.257813	-0.1445313	-1.188477	50.15625	11.65625	45.40625	193.2862	57.20269	173.8019	171.9313	349.8348	164.7993
706.0269	-0.2558594	1.087891	-0.1914063	-60.0625	39.28125	-5.75	0.5224609	1.289063	0.4375	77.5	-27.46875	-55.125	-0.6699219	-0.8212891	-1.49707	-88.21875	-1.59375	22.5625	193.2862	57.20269	173.8019	171.9313	349.8348	164.7993
706.0598	-0.2558594	1.087891	-0.1914063	-60.0625	39.28125	-5.75	0.5224609	1.289063	0.4375	77.5	-27.46875	-55.125	-0.6699219	-0.8212891	-1.49707	-88.21875	-1.59375	22.5625	197.6312	61.38628	173.3775	176.3985	336.1989	178.3648
706.0936	-0.07714844	1.999023	-0.3095703	184.375	-95.78125	12.0625	1.132813	1.837891	1.487305	65.65625	-147.3438	-49.6875	-0.6699219	-0.8212891	-1.49707	-88.21875	-1.59375	22.5625	197.6312	61.38628	173.3775	176.3985	336.1989	178.3648
706.1262	-0.07714844	1.999023	-0.3095703	184.375	-95.78125	12.0625	1.132813	1.837891	1.487305	65.65625	-147.3438	-49.6875	-0.6699219	-0.8212891	-1.49707	-88.21875	-1.59375	22.5625	197.6312	61.38628	173.3775	176.3985	336.1989	178.3648
706.1594	-0.07714844	1.999023	-0.3095703	184.375	-95.78125	12.0625	1.132813	1.837891	1.487305	65.65625	-147.3438	-49.6875	-0.2646484	0.6103516	-0.8476563	71.59375	4.125	-24.6875	197.6312	61.38628	173.3775	161.2788	337.4227	183.7274
706.1929	-0.07714844	1.999023	-0.3095703	184.375	-95.78125	12.0625	1.132813	1.837891	1.487305	65.65625	-147.3438	-49.6875	-0.2646484	0.6103516	-0.8476563	71.59375	4.125	-24.6875	197.6312	61.38628	173.3775	161.2788	337.4227	183.7274
706.2264	-0.07714844	1.999023	-0.3095703	184.375	-95.78125	12.0625	1.132813	1.837891	1.487305	65.65625	-147.3438	-49.6875	-0.2646484	0.6103516	-0.8476563	71.59375	4.125	-24.6875	197.6312	61.38628	173.3775	161.2788	337.4227	183.7274
706.2596	-0.07714844	1.999023	-0.3095703	184.375	-95.78125	12.0625	-0.2900391	0.9453125	-0.8310547	-142.3438	78.125	94.46875	0.09570313	0.9726563	-0.3027344	59.1875	-1.78125	-20.09375	185.6064	65.9863	172.6985	148.5526	335.7726	173.5807
706.2932	-0.07714844	1.999023	-0.3095703	184.375	-95.78125	12.0625	-0.2900391	0.9453125	-0.8310547	-142.3438	78.125	94.46875	0.09570313	0.9726563	-0.3027344	59.1875	-1.78125	-20.09375	185.6064	65.9863	172.6985	148.5526	335.7726	173.5807
706.3498	0.05859375	0.5126953	0.03613281	-74.46875	96.53125	-45.5	-0.2900391	0.9453125	-0.8310547	-142.3438	78.125	94.46875	0.06738281	1.092773	0.7207031	180.8438	89.40625	-63.8125	185.6064	65.9863	172.6985	148.5526	335.7726	173.5807
706.3758	0.05859375	0.5126953	0.03613281	-74.46875	96.53125	-45.5	-0.2900391	0.9453125	-0.8310547	-142.3438	78.125	94.46875	0.06738281	1.092773	0.7207031	180.8438	89.40625	-63.8125	185.6064	65.9863	172.6985	147.6768	342.5184	170.3456
706.4094	0.05859375	0.5126953	0.03613281	-74.46875	96.53125	-45.5	-0.2900391	0.9453125	-0.8310547	-142.3438	78.125	94.46875	0.06738281	1.092773	0.7207031	180.8438	89.40625	-63.8125	185.6064	65.9863	172.6985	147.6768	342.5184	170.3456
706.4424	0.05859375	0.5126953	0.03613281	-74.46875	96.53125	-45.5	-0.2900391	0.9453125	-0.8310547	-142.3438	78.125	94.46875	1.999023	1.999023	-1.125	166.9688	-318.8125	34.21875	185.6064	65.9863	172.6985	133.1843	357.8837	165.4517
706.4756	0.05859375	0.5126953	0.03613281	-74.46875	96.53125	-45.5	-0.2900391	0.9453125	-0.8310547	-142.3438	78.125	94.46875	1.999023	1.999023	-1.125	166.9688	-318.8125	34.21875	185.6064	65.9863	172.6985	133.1843	357.8837	165.4517
706.5092	0.05859375	0.5126953	0.03613281	-74.46875	96.53125	-45.5	2.007813	1.774414	1.476563	-422.4375	16.09375	70.65625	1.999023	1.999023	-1.125	166.9688	-318.8125	34.21875	185.6064	65.9863	172.6985	133.1843	357.8837	165.4517
706.5422	-0.2001953	1.328125	-0.1816406	-138.9375	72.96875	-29.9375	2.007813	1.774414	1.476563	-422.4375	16.09375	70.65625	0.8203125	-0.09667969	-0.6728516	-214.9063	-333.6875	-29.3125	185.6064	65.9863	172.6985	133.1843	357.8837	165.4517
706.5754	-0.2001953	1.328125	-0.1816406	-138.9375	72.96875	-29.9375	2.007813	1.774414	1.476563	-422.4375	16.09375	70.65625	0.8203125	-0.09667969	-0.6728516	-214.9063	-333.6875	-29.3125	161.1918	52.19259	172.0728	105.2763	22.92408	157.0697
706.6092	-0.2001953	1.328125	-0.1816406	-138.9375	72.96875	-29.9375	2.007813	1.774414	1.476563	-422.4375	16.09375	70.65625	0.8203125	-0.09667969	-0.6728516	-214.9063	-333.6875	-29.3125	161.1918	52.19259	172.0728	105.2763	22.92408	157.0697
706.6429	0.3183594	0.9248047	-0.3242188	5.59375	-55.1875	-44.28125	2.007813	1.774414	1.476563	-422.4375	16.09375	70.65625	-0.2626953	0.78125	-1.505859	-430.5625	96.96875	-92.25	161.1918	52.19259	172.0728	105.2763	22.92408	157.0697
706.6758	0.3183594	0.9248047	-0.3242188	5.59375	-55.1875	-44.28125	2.007813	1.774414	1.476563	-422.4375	16.09375	70.65625	-0.2626953	0.78125	-1.505859	-430.5625	96.96875	-92.25	161.1918	52.19259	172.0728	132.2657	358.9525	160.8051
706.7092	0.3183594	0.9248047	-0.3242188	5.59375	-55.1875	-44.28125	2.007813	1.774414	1.476563	-422.4375	16.09375	70.65625	-0.2626953	0.78125	-1.505859	-430.5625	96.96875	-92.25	161.1918	52.19259	172.0728	132.2657	358.9525	160.8051
706.7424	0.3183594	0.9248047	-0.3242188	5.59375	-55.1875	-44.28125	2.007813	1.774414	1.476563	-422.4375	16.09375	70.65625	-0.2128906	0.1201172	-1.898438	-250.375	345.25	43	161.1918	52.19259	172.0728	167.252	322.0484	173.4257
706.7756	0.3183594	0.9248047	-0.3242188	5.59375	-55.1875	-44.28125	2.007813	1.774414	1.476563	-422.4375	16.09375	70.65625	-0.2128906	0.1201172	-1.898438	-250.375	345.25	43	161.1918	52.19259	172.0728	167.252	322.0484	173.4257
706.8088	0.3183594	0.9248047	-0.3242188	5.59375	-55.1875	-44.28125	2.007813	1.774414	1.476563	-422.4375	16.09375	70.65625	-0.2128906	0.1201172	-1.898438	-250.375	345.25	43	161.1918	52.19259	172.0728	167.252	322.0484	173.4257
706.8426	0.3183594	0.9248047	-0.3242188	5.59375	-55.1875	-44.28125	2.007813	1.774414	1.476563	-422.4375	16.09375	70.65625	-2	1.999023	-2	268.125	589.4063	-228.5938	161.1918	52.19259	172.0728	167.252	322.0484	173.4257
706.8758	0.3183594	0.9248047	-0.3242188	5.59375	-55.1875	-44.28125	2.007813	1.774414	1.476563	-422.4375	16.09375	70.65625	-2	1.999023	-2	268.125	589.4063	-228.5938	161.1918	52.19259	172.0728	156.4666	311.2822	175.7352
706.9092	0.3183594	0.9248047	-0.3242188	5.59375	-55.1875	-44.28125	2.007813	1.774414	1.476563	-422.4375	16.09375	70.65625	-2	1.999023	-2	268.125	589.4063	-228.5938	161.1918	52.19259	172.0728	156.4666	311.2822	175.7352
706.9423	0.3183594	0.9248047	-0.3242188	5.59375	-55.1875	-44.28125	2.007813	1.774414	1.476563	-422.4375	16.09375	70.65625	1.09375	0.9658203	-1.181641	46.1875	-56.09375	167.8438	161.1918	52.19259	172.0728	156.4666	311.2822	175.7352
706.9756	0.3183594	0.9248047	-0.3242188	5.59375	-55.1875	-44.28125	2.007813	1.774414	1.476563	-422.4375	16.09375	70.65625	1.999023	0.2294922	-0.5	-160	-55.5625	158.9688	161.1918	52.19259	172.0728	142.2478	296.6826	166.4277
707.0088	0.3183594	0.9248047	-0.3242188	5.59375	-55.1875	-44.28125	2.007813	1.774414	1.476563	-422.4375	16.09375	70.65625	1.999023	0.2294922	-0.5	-160	-55.5625	158.9688	209.0163	74.73594	176.4888	142.2478	296.6826	166.4277
707.0421	0.3183594	0.9248047	-0.3242188	5.59375	-55.1875	-44.28125	-0.8769531	1.957031	-1.700195	-142.3438	312.5313	25.25	0.03613281	1.250977	0.09667969	-12.34375	-63.96875	44.28125	198.6403	76.98572	175.9745	181.8018	263.0864	157.6747
707.0756	0.3183594	0.9248047	-0.3242188	5.59375	-55.1875	-44.28125	-0.8769531	1.957031	-1.700195	-142.3438	312.5313	25.25	0.03613281	1.250977	0.09667969	-12.34375	-63.96875	44.28125	198.6403	76.98572	175.9745	181.8018	263.0864	157.6747
707.109	0.3183594	0.9248047	-0.3242188	5.59375	-55.1875	-44.28125	-0.8769531	1.957031	-1.700195	-142.3438	312.5313	25.25	0.03613281	1.250977	0.09667969	-12.34375	-63.96875	44.28125	198.6403	76.98572	175.9745	181.8018	263.0864	157.6747
707.1423	0.34375	0.6308594	-0.2314453	-85.78125	176	-23.875	-0.8769531	1.957031	-1.700195	-142.3438	312.5313	25.25	0.03613281	1.250977	0.09667969	-12.34375	-63.96875	44.28125	198.6403	76.98572	175.9745	181.8018	263.0864	157.6747
707.1757	0.34375	0.6308594	-0.2314453	-85.78125	176	-23.875	-0.8769531	1.957031	-1.700195	-142.3438	312.5313	25.25	0.4667969	1.500977	1.152344	125.7813	82.1875	-92.59375	198.6403	76.98572	175.9745	186.3726	272.884	164.9745
707.2089	0.34375	0.6308594	-0.2314453	-85.78125	176	-23.875	-0.8769531	1.957031	-1.700195	-142.3438	312.5313	25.25	0.4667969	1.500977	1.152344	125.7813	82.1875	-92.59375	198.6403	76.98572	175.9745	186.3726	272.884	164.9745
707.2425	0.34375	0.6308594	-0.2314453	-85.78125	176	-23.875	-0.8769531	1.957031	-1.700195	-142.3438	312.5313	25.25	0.4667969	1.500977	1.152344	125.7813	82.1875	-92.59375	198.6403	76.98572	175.9745	186.3726	272.884	164.9745
707.2762	0.34375	0.6308594	-0.2314453	-85.78125	176	-23.875	-0.8769531	1.957031	-1.700195	-142.3438	312.5313	25.25	1.999023	0.90625	-2	-8.125	32.40625	-89.8125	198.6403	76.98572	175.9745	187.6628	264.7547	156.5796
707.3084	0.34375	0.6308594	-0.2314453	-85.78125	176	-23.875	-0.7050781	0.1894531	-0.5917969	-76.5625	407.875	-44.15625	1.999023	0.90625	-2	-8.125	32.40625	-89.8125	198.6403	76.98572	175.9745	187.6628	264.7547	156.5796
707.3417	0.34375	0.6308594	-0.2314453	-85.78125	176	-23.875	-0.7050781	0.1894531	-0.5917969	-76.5625	407.875	-44.15625	1.999023	0.90625	-2	-8.125	32.40625	-89.8125	163.9736	12.85363	169.9107	140.6162	292.8462	155.6384
707.3749	0.34375	0.6308594	-0.2314453	-85.78125	176	-23.875	-1.123047	-0.2099609	-1.163086	137.8125	57.84375	92.625	1.999023	0.4355469	-0.9501953	-316.7813	-64.84375	-146.625	163.9736	12.85363	169.9107	140.6162	292.8462	155.6384
707.4087	0.34375	0.6308594	-0.2314453	-85.78125	176	-23.875	-1.123047	-0.2099609	-1.163086	137.8125	57.84375	92.625	1.999023	0.4355469	-0.9501953	-316.7813	-64.84375	-146.625	163.9736	12.85363	169.9107	140.6162	292.8462	155.6384
707.4417	0.34375	0.6308594	-0.2314453	-85.78125	176	-23.875	-1.123047	-0.2099609	-1.163086	137.8125	57.84375	92.625	1.999023	0.4355469	-0.9501953	-316.7813	-64.84375	-146.625	163.9736	12.85363	169.9107	156.6688	312.1293	157.0727
707.4753	0.34375	0.6308594	-0.2314453	-85.78125	176	-23.875	-1.123047	-0.2099609	-1.163086	137.8125	57.84375	92.625	1.104492	0.6738281	-1.603516	-381	217.3438	-3.375	163.9736	12.85363	169.9107	156.6688	312.1293	157.0727
707.5081	0.34375	0.6308594	-0.2314453	-85.78125	176	-23.875	-1.123047	-0.2099609	-1.163086	137.8125	57.84375	92.625	1.104492	0.6738281	-1.603516	-381	217.3438	-3.375	163.9736	12.85363	169.9107	156.6688	312.1293	157.0727
707.5418	-0.8798828	1.999023	-0.5615234	1.28125	203.8438	-65.25	-1.123047	-0.2099609	-1.163086	137.8125	57.84375	92.625	1.104492	0.6738281	-1.603516	-381	217.3438	-3.375	163.9736	12.85363	169.9107	156.6688	312.1293	157.0727
707.575	0.1376953	0.6455078	0.2119141	-7.9375	99.21875	-66.3125	-0.875	0.8261719	-0.06835938	96	230.625	-53.125	0.006835938	-0.5996094	-0.9257813	-204.6563	-216.3125	169.125	163.9736	12.85363	169.9107	183.4051	290.0262	182.0972
707.6083	0.1376953	0.6455078	0.2119141	-7.9375	99.21875	-66.3125	-0.875	0.8261719	-0.06835938	96	230.625	-53.125	0.006835938	-0.5996094	-0.9257813	-204.6563	-216.3125	169.125	163.9736	12.85363	169.9107	183.4051	290.0262	182.0972
707.6414	0.1376953	0.6455078	0.2119141	-7.9375	99.21875	-66.3125	-0.875	0.8261719	-0.06835938	96	230.625	-53.125	0.006835938	-0.5996094	-0.9257813	-204.6563	-216.3125	169.125	163.9736	12.85363	169.9107	183.4051	290.0262	182.0972
707.6746	0.1376953	0.6455078	0.2119141	-7.9375	99.21875	-66.3125	-0.875	0.8261719	-0.06835938	96	230.625	-53.125	0.006835938	-0.5996094	-0.9257813	-204.6563	-216.3125	169.125	184.0081	34.04728	164.887	172.8218	288.3627	189.883
707.7081	0.1376953	0.6455078	0.2119141	-7.9375	99.21875	-66.3125	0.2451172	1.439453	1.076172	60.15625	94.15625	-61.21875	-2	1.264648	-2	-309.4063	457.5625	-202.9063	184.0081	34.04728	164.887	172.8218	288.3627	189.883
707.7415	0.1376953	0.6455078	0.2119141	-7.9375	99.21875	-66.3125	0.2451172	1.439453	1.076172	60.15625	94.15625	-61.21875	-2	1.264648	-2	-309.4063	457.5625	-202.9063	184.0081	34.04728	164.887	172.8218	288.3627	189.883
707.7747	0.1376953	0.6455078	0.2119141	-7.9375	99.21875	-66.3125	0.2451172	1.439453	1.076172	60.15625	94.15625	-61.21875	1.46875	-0.7480469	-1.115234	-81.75	463.375	-14.0625	184.0081	34.04728	164.887	186.5537	289.2329	146.5353
707.8083	0.9003906	0.6113281	-0.8173828	-14.25	89.34375	-11.5	0.2451172	1.439453	1.076172	60.15625	94.15625	-61.21875	1.46875	-0.7480469	-1.115234	-81.75	463.375	-14.0625	184.0081	34.04728	164.887	186.5537	289.2329	146.5353
707.8417	0.9003906	0.6113281	-0.8173828	-14.25	89.34375	-11.5	0.2451172	1.439453	1.076172	60.15625	94.15625	-61.21875	1.46875	-0.7480469	-1.115234	-81.75	463.375	-14.0625	162.9032	57.98186	164.7083	186.5537	289.2329	146.5353
707.8747	0.9003906	0.6113281	-0.8173828	-14.25	89.34375	-11.5	0.2451172	1.439453	1.076172	60.15625	94.15625	-61.21875	0.9130859	1.999023	-0.2646484	68.78125	-62.15625	207.9375	162.9032	57.98186	164.7083	164.027	270.1532	145.1501
707.9081	0.9003906	0.6113281	-0.8173828	-14.25	89.34375	-11.5	0.2451172	1.439453	1.076172	60.15625	94.15625	-61.21875	0.9130859	1.999023	-0.2646484	68.78125	-62.15625	207.9375	162.9032	57.98186	164.7083	164.027	270.1532	145.1501
707.9412	0.9003906	0.6113281	-0.8173828	-14.25	89.34375	-11.5	0.2451172	1.439453	1.076172	60.15625	94.15625	-61.21875	0.9130859	1.999023	-0.2646484	68.78125	-62.15625	207.9375	148.3321	34.77058	171.848	140.4339	296.6413	161.044
707.9748	-0.3867188	0.7705078	-0.3232422	0.90625	148.7813	-37.84375	-0.5927734	1.261719	-1.182617	-228.1563	264.5625	59.1875	0.7626953	1.72168	1.485352	138.5313	-112.875	-19.0625	148.3321	34.77058	171.848	140.4339	296.6413	161.044
708.0078	-0.3867188	0.7705078	-0.3232422	0.90625	148.7813	-37.84375	-0.5927734	1.261719	-1.182617	-228.1563	264.5625	59.1875	0.7626953	1.72168	1.485352	138.5313	-112.875	-19.0625	148.3321	34.77058	171.848	140.4339	296.6413	161.044
708.0413	-0.3867188	0.7705078	-0.3232422	0.90625	148.7813	-37.84375	-0.5927734	1.261719	-1.182617	-228.1563	264.5625	59.1875	0.7626953	1.72168	1.485352	138.5313	-112.875	-19.0625	148.3321	34.77058	171.848	140.4339	296.6413	161.044
708.0744	-0.3867188	0.7705078	-0.3232422	0.90625	148.7813	-37.84375	-0.5927734	1.261719	-1.182617	-228.1563	264.5625	59.1875	1.024414	1.999023	0.2978516	196.5938	-189.9063	-15.9375	133.7057	43.90192	195.3503	115.5516	327.857	168.4929
708.1075	-0.3867188	0.7705078	-0.3232422	0.90625	148.7813	-37.84375	-0.5927734	1.261719	-1.182617	-228.1563	264.5625	59.1875	1.024414	1.999023	0.2978516	196.5938	-189.9063	-15.9375	133.7057	43.90192	195.3503	115.5516	327.857	168.4929
708.1409	-0.3867188	0.7705078	-0.3232422	0.90625	148.7813	-37.84375	-0.1953125	0.5839844	-1.788086	128.4688	-20.53125	3.28125	1.024414	1.999023	0.2978516	196.5938	-189.9063	-15.9375	126.7238	36.25231	193.4853	115.5516	327.857	168.4929
708.1755	-0.3867188	0.7705078	-0.3232422	0.90625	148.7813	-37.84375	-0.1953125	0.5839844	-1.788086	128.4688	-20.53125	3.28125	-0.1044922	0.2978516	-0.4746094	-181.2188	0.53125	120.5938	126.7238	36.25231	193.4853	96.39072	24.98719	161.1783
708.2079	-0.3867188	0.7705078	-0.3232422	0.90625	148.7813	-37.84375	-0.1953125	0.5839844	-1.788086	128.4688	-20.53125	3.28125	-0.1044922	0.2978516	-0.4746094	-181.2188	0.53125	120.5938	136.4194	46.80149	182.7336	96.39072	24.98719	161.1783
708.2409	-0.3867188	0.7705078	-0.3232422	0.90625	148.7813	-37.84375	-1.992188	-0.5253906	-0.9853516	127.7188	-38.71875	115.3438	-0.1044922	0.2978516	-0.4746094	-181.2188	0.53125	120.5938	136.4194	46.80149	182.7336	121.7428	350.8529	159.0385
708.2743	-0.3867188	0.7705078	-0.3232422	0.90625	148.7813	-37.84375	-1.992188	-0.5253906	-0.9853516	127.7188	-38.71875	115.3438	-0.3388672	0.4169922	-1.330078	-415.6563	-62.875	3.65625	136.4194	46.80149	182.7336	121.7428	350.8529	159.0385
708.3077	-0.3867188	0.7705078	-0.3232422	0.90625	148.7813	-37.84375	-1.992188	-0.5253906	-0.9853516	127.7188	-38.71875	115.3438	-0.3388672	0.4169922	-1.330078	-415.6563	-62.875	3.65625	136.4194	46.80149	182.7336	121.7428	350.8529	159.0385
708.3408	-0.3867188	0.7705078	-0.3232422	0.90625	148.7813	-37.84375	-1.992188	-0.5253906	-0.9853516	127.7188	-38.71875	115.3438	-0.3388672	0.4169922	-1.330078	-415.6563	-62.875	3.65625	156.0597	37.4214	188.7228	121.7428	350.8529	159.0385
708.3745	-0.3867188	0.7705078	-0.3232422	0.90625	148.7813	-37.84375	-1.992188	-0.5253906	-0.9853516	127.7188	-38.71875	115.3438	0.3935547	0.9082031	1.174805	-261.9688	113.9375	-17.71875	156.0597	37.4214	188.7228	169.0991	346.5999	178.4967
708.4078	-0.3867188	0.7705078	-0.3232422	0.90625	148.7813	-37.84375	-1.992188	-0.5253906	-0.9853516	127.7188	-38.71875	115.3438	0.3935547	0.9082031	1.174805	-261.9688	113.9375	-17.71875	156.0597	37.4214	188.7228	169.0991	346.5999	178.4967
708.4408	-0.3867188	0.7705078	-0.3232422	0.90625	148.7813	-37.84375	-1.992188	-0.5253906	-0.9853516	127.7188	-38.71875	115.3438	0.3935547	0.9082031	1.174805	-261.9688	113.9375	-17.71875	156.0597	37.4214	188.7228	169.0991	346.5999	178.4967
708.4742	-0.25	0.5039063	0.07421875	-33.59375	21.46875	-4.40625	0.5712891	1.186523	0.3486328	80	-32.84375	-60.375	-1.411133	1.782227	-1.923828	97.75	360.75	-41.03125	156.0597	37.4214	188.7228	166.4097	343.1401	190.5951
708.5074	-0.25	0.5039063	0.07421875	-33.59375	21.46875	-4.40625	0.5712891	1.186523	0.3486328	80	-32.84375	-60.375	-1.411133	1.782227	-1.923828	97.75	360.75	-41.03125	156.0597	37.4214	188.7228	166.4097	343.1401	190.5951
708.5407	1.319336	1.270508	-0.3222656	-4.34375	-77.65625	40.28125	0.5712891	1.186523	0.3486328	80	-32.84375	-60.375	-1.411133	1.782227	-1.923828	97.75	360.75	-41.03125	156.0597	37.4214	188.7228	141.6716	349.3905	177.5567
708.575	1.319336	1.270508	-0.3222656	-4.34375	-77.65625	40.28125	0.5712891	1.186523	0.3486328	80	-32.84375	-60.375	0.265625	0.3789063	-1.001953	-75.75	-178.8438	87.03125	178.4203	63.77351	190.6917	141.6716	349.3905	177.5567
708.6076	1.319336	1.270508	-0.3222656	-4.34375	-77.65625	40.28125	0.5712891	1.186523	0.3486328	80	-32.84375	-60.375	0.265625	0.3789063	-1.001953	-75.75	-178.8438	87.03125	178.4203	63.77351	190.6917	141.6716	349.3905	177.5567
708.6407	1.319336	1.270508	-0.3222656	-4.34375	-77.65625	40.28125	0.5712891	1.186523	0.3486328	80	-32.84375	-60.375	0.265625	0.3789063	-1.001953	-75.75	-178.8438	87.03125	178.4203	63.77351	190.6917	141.6716	349.3905	177.5567
708.6747	1.319336	1.270508	-0.3222656	-4.34375	-77.65625	40.28125	-0.06738281	1.957031	-0.4296875	-102.5	-2.8125	70.84375	0.265625	0.3789063	-1.001953	-75.75	-178.8438	87.03125	178.4203	63.77351	190.6917	141.6716	349.3905	177.5567
708.7075	1.319336	1.270508	-0.3222656	-4.34375	-77.65625	40.28125	-0.06738281	1.957031	-0.4296875	-102.5	-2.8125	70.84375	-0.1767578	0.4394531	-0.3798828	10.78125	-44.4375	4.375	178.4203	63.77351	190.6917	152.624	324.6244	184.4832
708.741	1.319336	1.270508	-0.3222656	-4.34375	-77.65625	40.28125	-0.06738281	1.957031	-0.4296875	-102.5	-2.8125	70.84375	-0.1767578	0.4394531	-0.3798828	10.78125	-44.4375	4.375	178.4203	63.77351	190.6917	152.624	324.6244	184.4832
708.7745	0.4228516	0.5458984	0.0703125	-78.3125	42.65625	-7.875	-0.3408203	0.5371094	-0.734375	-99.125	-44.6875	128.0313	-0.01074219	1.292969	0.2861328	137.4375	-11	5.59375	178.4203	63.77351	190.6917	151.9347	328.0721	177.9659
708.8076	0.4228516	0.5458984	0.0703125	-78.3125	42.65625	-7.875	-0.3408203	0.5371094	-0.734375	-99.125	-44.6875	128.0313	-0.01074219	1.292969	0.2861328	137.4375	-11	5.59375	162.7997	63.50891	193.0069	151.9347	328.0721	177.9659
708.8408	0.4228516	0.5458984	0.0703125	-78.3125	42.65625	-7.875	-0.3408203	0.5371094	-0.734375	-99.125	-44.6875	128.0313	-0.01074219	1.292969	0.2861328	137.4375	-11	5.59375	162.7997	63.50891	193.0069	130.1733	332.8293	171.4659
708.874	0.4228516	0.5458984	0.0703125	-78.3125	42.65625	-7.875	-0.3408203	0.5371094	-0.734375	-99.125	-44.6875	128.0313	-1.06543	1.999023	-0.2470703	262.4375	-297.5625	-18.3125	158.7245	63.01145	186.1371	130.1733	332.8293	171.4659
708.9072	0.4228516	0.5458984	0.0703125	-78.3125	42.65625	-7.875	-0.3408203	0.5371094	-0.734375	-99.125	-44.6875	128.0313	-1.06543	1.999023	-0.2470703	262.4375	-297.5625	-18.3125	158.7245	63.01145	186.1371	130.1733	332.8293	171.4659
708.9403	0.4228516	0.5458984	0.0703125	-78.3125	42.65625	-7.875	-0.3408203	0.5371094	-0.734375	-99.125	-44.6875	128.0313	-1.06543	1.999023	-0.2470703	262.4375	-297.5625	-18.3125	158.7245	63.01145	186.1371	130.1733	332.8293	171.4659
708.9742	0.4228516	0.5458984	0.0703125	-78.3125	42.65625	-7.875	-0.3408203	0.5371094	-0.734375	-99.125	-44.6875	128.0313	-1.240234	1.999023	1.999023	178.625	227.4688	-461.25	158.7245	63.01145	186.1371	123.3619	16.75342	158.3832
709.0073	0.4228516	0.5458984	0.0703125	-78.3125	42.65625	-7.875	-0.3408203	0.5371094	-0.734375	-99.125	-44.6875	128.0313	-1.240234	1.999023	1.999023	178.625	227.4688	-461.25	158.7245	63.01145	186.1371	123.3619	16.75342	158.3832
709.0405	0.4228516	0.5458984	0.0703125	-78.3125	42.65625	-7.875	-0.3408203	0.5371094	-0.734375	-99.125	-44.6875	128.0313	-1.240234	1.999023	1.999023	178.625	227.4688	-461.25	158.7245	63.01145	186.1371	123.3619	16.75342	158.3832
709.0743	0.4228516	0.5458984	0.0703125	-78.3125	42.65625	-7.875	-0.203125	-0.578125	0.1933594	134.875	69.6875	98.875	1.388672	-0.5673828	-0.7939453	-607.125	285.75	-94.375	158.7245	63.01145	186.1371	117.947	0.9066089	143.2263
709.1071	0.4228516	0.5458984	0.0703125	-78.3125	42.65625	-7.875	-1.65625	0.34375	-1.154297	96.96875	396.8438	62.5	1.388672	-0.5673828	-0.7939453	-607.125	285.75	-94.375	158.7245	63.01145	186.1371	117.947	0.9066089	143.2263
709.1404	0.4228516	0.5458984	0.0703125	-78.3125	42.65625	-7.875	-1.65625	0.34375	-1.154297	96.96875	396.8438	62.5	1.388672	-0.5673828	-0.7939453	-607.125	285.75	-94.375	165.5833	54.18493	190.255	141.1882	324.1076	147.8465
709.1741	0.4228516	0.5458984	0.0703125	-78.3125	42.65625	-7.875	-1.65625	0.34375	-1.154297	96.96875	396.8438	62.5	0.9580078	-0.05859375	-1.664063	-167.8125	359.8438	-234.1563	165.5833	54.18493	190.255	141.1882	324.1076	147.8465
709.2068	0.4228516	0.5458984	0.0703125	-78.3125	42.65625	-7.875	-1.65625	0.34375	-1.154297	96.96875	396.8438	62.5	0.9580078	-0.05859375	-1.664063	-167.8125	359.8438	-234.1563	165.5833	54.18493	190.255	141.1882	324.1076	147.8465
709.2401	0.4228516	0.5458984	0.0703125	-78.3125	42.65625	-7.875	-1.65625	0.34375	-1.154297	96.96875	396.8438	62.5	0.9580078	-0.05859375	-1.664063	-167.8125	359.8438	-234.1563	165.5833	54.18493	190.255	153.1449	266.1527	145.5052
709.2737	0.4228516	0.5458984	0.0703125	-78.3125	42.65625	-7.875	-1.65625	0.34375	-1.154297	96.96875	396.8438	62.5	-0.3095703	0.7021484	-0.8720703	-155.2188	281.7188	-241.4688	165.5833	54.18493	190.255	153.1449	266.1527	145.5052
709.3068	0.4228516	0.5458984	0.0703125	-78.3125	42.65625	-7.875	-0.04394531	0.9335938	0.3378906	75.65625	-110.9063	-39.0625	-0.3095703	0.7021484	-0.8720703	-155.2188	281.7188	-241.4688	165.5833	54.18493	190.255	153.1449	266.1527	145.5052
709.34	0.4228516	0.5458984	0.0703125	-78.3125	42.65625	-7.875	-0.04394531	0.9335938	0.3378906	75.65625	-110.9063	-39.0625	-0.3095703	0.7021484	-0.8720703	-155.2188	281.7188	-241.4688	165.5833	54.18493	190.255	153.1449	266.1527	145.5052
709.3739	-0.203125	0.7353516	0.2353516	-25.78125	1.28125	-19.53125	-0.04394531	0.9335938	0.3378906	75.65625	-110.9063	-39.0625	-0.6582031	0.5654297	-0.9296875	59.8125	389.625	-161.6875	165.5833	54.18493	190.255	156.7111	238.1694	146.4993
709.4067	-0.203125	0.7353516	0.2353516	-25.78125	1.28125	-19.53125	-0.04394531	0.9335938	0.3378906	75.65625	-110.9063	-39.0625	-0.6582031	0.5654297	-0.9296875	59.8125	389.625	-161.6875	189.6462	68.63426	186.0396	156.7111	238.1694	146.4993
709.4402	-0.203125	0.7353516	0.2353516	-25.78125	1.28125	-19.53125	-0.2392578	1.295898	1.910156	-40.59375	-50.6875	-21.4375	0.1816406	0.6181641	-0.8681641	-7.8125	120.9063	134.25	189.6462	68.63426	186.0396	156.7111	238.1694	146.4993
709.4739	-0.203125	0.7353516	0.2353516	-25.78125	1.28125	-19.53125	-0.2392578	1.295898	1.910156	-40.59375	-50.6875	-21.4375	0.1816406	0.6181641	-0.8681641	-7.8125	120.9063	134.25	189.6462	68.63426	186.0396	177.9991	228.4553	134.6123
709.5066	-0.203125	0.7353516	0.2353516	-25.78125	1.28125	-19.53125	-0.2392578	1.295898	1.910156	-40.59375	-50.6875	-21.4375	0.1816406	0.6181641	-0.8681641	-7.8125	120.9063	134.25	181.4091	78.16475	191.463	177.9991	228.4553	134.6123
709.5403	-0.203125	0.7353516	0.2353516	-25.78125	1.28125	-19.53125	-0.2392578	1.295898	1.910156	-40.59375	-50.6875	-21.4375	0.1816406	0.6181641	-0.8681641	-7.8125	120.9063	134.25	181.4091	78.16475	191.463	177.9991	228.4553	134.6123
709.5733	-0.005859375	1.713867	-0.000976563	-48.78125	194.125	-1.40625	-0.2392578	1.295898	1.910156	-40.59375	-50.6875	-21.4375	-0.9609375	1.087891	-0.7900391	-24.90625	158.25	-158.6563	181.4091	78.16475	191.463	166.1148	201.1782	144.7754
709.6066	-0.005859375	1.713867	-0.000976563	-48.78125	194.125	-1.40625	-0.2392578	1.295898	1.910156	-40.59375	-50.6875	-21.4375	-0.9609375	1.087891	-0.7900391	-24.90625	158.25	-158.6563	181.4091	78.16475	191.463	166.1148	201.1782	144.7754
709.6396	-0.005859375	1.713867	-0.000976563	-48.78125	194.125	-1.40625	-0.2392578	1.295898	1.910156	-40.59375	-50.6875	-21.4375	-0.9609375	1.087891	-0.7900391	-24.90625	158.25	-158.6563	176.9554	34.13	187.8926	166.1148	201.1782	144.7754
709.6736	-0.005859375	1.713867	-0.000976563	-48.78125	194.125	-1.40625	-0.2392578	1.295898	1.910156	-40.59375	-50.6875	-21.4375	0.1640625	0.4746094	-0.6621094	-52.8125	190.7188	-153.2188	176.9554	34.13	187.8926	151.0331	230.4349	152.2385
709.7062	-0.1777344	0.6552734	-0.4580078	57.78125	158.5625	-27.125	-0.6308594	0.1699219	-0.8554688	-110	401.5938	-0.75	0.1640625	0.4746094	-0.6621094	-52.8125	190.7188	-153.2188	176.9554	34.13	187.8926	151.0331	230.4349	152.2385
709.7397	-0.1777344	0.6552734	-0.4580078	57.78125	158.5625	-27.125	-0.6308594	0.1699219	-0.8554688	-110	401.5938	-0.75	0.1640625	0.4746094	-0.6621094	-52.8125	190.7188	-153.2188	179.4702	23.02901	195.8426	151.0331	230.4349	152.2385
709.7737	-0.1777344	0.6552734	-0.4580078	57.78125	158.5625	-27.125	-0.6308594	0.1699219	-0.8554688	-110	401.5938	-0.75	-2	1.15625	-0.2294922	64.9375	-207	-189.2813	179.4702	23.02901	195.8426	147.576	250.3109	169.6776
709.8066	-0.1777344	0.6552734	-0.4580078	57.78125	158.5625	-27.125	-0.6308594	0.1699219	-0.8554688	-110	401.5938	-0.75	-2	1.15625	-0.2294922	64.9375	-207	-189.2813	179.4702	23.02901	195.8426	147.576	250.3109	169.6776
709.8398	-0.1777344	0.6552734	-0.4580078	57.78125	158.5625	-27.125	-0.6308594	0.1699219	-0.8554688	-110	401.5938	-0.75	-2	1.15625	-0.2294922	64.9375	-207	-189.2813	179.4702	23.02901	195.8426	147.576	250.3109	169.6776
709.8734	-0.1777344	0.6552734	-0.4580078	57.78125	158.5625	-27.125	-0.6308594	0.1699219	-0.8554688	-110	401.5938	-0.75	-2	1.15625	-0.2294922	64.9375	-207	-189.2813	179.4702	23.02901	195.8426	139.7349	279.1658	183.1802
709.9061	-0.1777344	0.6552734	-0.4580078	57.78125	158.5625	-27.125	-0.6308594	0.1699219	-0.8554688	-110	401.5938	-0.75	-2	1.15625	-0.2294922	64.9375	-207	-189.2813	179.4702	23.02901	195.8426	139.7349	279.1658	183.1802
709.9398	-0.1777344	0.6552734	-0.4580078	57.78125	158.5625	-27.125	-0.6308594	0.1699219	-0.8554688	-110	401.5938	-0.75	0.1777344	1.462891	-0.5273438	46.6875	3.84375	-141	179.4702	23.02901	195.8426	139.7349	279.1658	183.1802
709.9736	-0.1777344	0.6552734	-0.4580078	57.78125	158.5625	-27.125	-0.6308594	0.1699219	-0.8554688	-110	401.5938	-0.75	-0.04492188	1.001953	-0.3994141	-27.84375	20.90625	-26.3125	179.4702	23.02901	195.8426	139.7349	279.1658	183.1802
710.0238	-0.1777344	0.6552734	-0.4580078	57.78125	158.5625	-27.125	-0.6308594	0.1699219	-0.8554688	-110	401.5938	-0.75	-0.04492188	1.001953	-0.3994141	-27.84375	20.90625	-26.3125	179.4702	23.02901	195.8426	137.2793	309.9625	198.5557
710.0256	-0.1777344	0.6552734	-0.4580078	57.78125	158.5625	-27.125	-0.6308594	0.1699219	-0.8554688	-110	401.5938	-0.75	-0.04492188	1.001953	-0.3994141	-27.84375	20.90625	-26.3125	179.4702	23.02901	195.8426	137.2793	309.9625	198.5557
710.0569	-0.1777344	0.6552734	-0.4580078	57.78125	158.5625	-27.125	1.055664	1.374023	0.4140625	-73.1875	-6.71875	64.5	0.2167969	0.7978516	-0.3300781	-33.40625	-3.0625	8.40625	202.8286	32.20275	187.3096	163.1452	314.0901	184.7727
710.09	-0.1777344	0.6552734	-0.4580078	57.78125	158.5625	-27.125	1.055664	1.374023	0.4140625	-73.1875	-6.71875	64.5	0.2167969	0.7978516	-0.3300781	-33.40625	-3.0625	8.40625	202.8286	32.20275	187.3096	163.1452	314.0901	184.7727
710.1232	-0.1777344	0.6552734	-0.4580078	57.78125	158.5625	-27.125	1.055664	1.374023	0.4140625	-73.1875	-6.71875	64.5	0.2167969	0.7978516	-0.3300781	-33.40625	-3.0625	8.40625	195.424	26.62678	175.8342	163.1452	314.0901	184.7727
710.1569	-0.1777344	0.6552734	-0.4580078	57.78125	158.5625	-27.125	0.8339844	1.938477	0.5341797	-45	163.0625	48.5	-0.06738281	1.227539	-0.2167969	-40.25	35.1875	-9.65625	195.424	26.62678	175.8342	158.6059	320.5712	176.8468
710.1899	-0.1777344	0.6552734	-0.4580078	57.78125	158.5625	-27.125	0.8339844	1.938477	0.5341797	-45	163.0625	48.5	-0.06738281	1.227539	-0.2167969	-40.25	35.1875	-9.65625	195.424	26.62678	175.8342	158.6059	320.5712	176.8468
710.2233	-0.1777344	0.6552734	-0.4580078	57.78125	158.5625	-27.125	0.8339844	1.938477	0.5341797	-45	163.0625	48.5	-0.06738281	1.227539	-0.2167969	-40.25	35.1875	-9.65625	195.424	26.62678	175.8342	158.6059	320.5712	176.8468
710.2569	-0.1777344	0.6552734	-0.4580078	57.78125	158.5625	-27.125	0.8339844	1.938477	0.5341797	-45	163.0625	48.5	0.2236328	0.8779297	-0.2177734	-44.3125	3.15625	-6.59375	181.2153	54.35893	165.0004	165.9655	358.0612	194.7677
710.2897	-0.1777344	0.6552734	-0.4580078	57.78125	158.5625	-27.125	0.8339844	1.938477	0.5341797	-45	163.0625	48.5	0.2236328	0.8779297	-0.2177734	-44.3125	3.15625	-6.59375	181.2153	54.35893	165.0004	165.9655	358.0612	194.7677
710.3231	-0.1777344	0.6552734	-0.4580078	57.78125	158.5625	-27.125	0.8339844	1.938477	0.5341797	-45	163.0625	48.5	0.2236328	0.8779297	-0.2177734	-44.3125	3.15625	-6.59375	181.2153	54.35893	165.0004	165.9655	358.0612	194.7677
710.3567	-0.1777344	0.6552734	-0.4580078	57.78125	158.5625	-27.125	-1.77832	0.5234375	-0.06640625	-85.9375	201.9375	58.28125	0.2236328	0.8779297	-0.2177734	-44.3125	3.15625	-6.59375	181.2153	54.35893	165.0004	156.497	334.9214	173.9501
710.3898	-0.1777344	0.6552734	-0.4580078	57.78125	158.5625	-27.125	-1.77832	0.5234375	-0.06640625	-85.9375	201.9375	58.28125	0.1005859	0.921875	-0.08691406	-16	5.21875	-4.59375	181.2153	54.35893	165.0004	156.497	334.9214	173.9501
710.423	-0.1777344	0.6552734	-0.4580078	57.78125	158.5625	-27.125	-1.77832	0.5234375	-0.06640625	-85.9375	201.9375	58.28125	0.1005859	0.921875	-0.08691406	-16	5.21875	-4.59375	166.7248	64.87778	172.4517	156.497	334.9214	173.9501
710.4566	-0.1777344	0.6552734	-0.4580078	57.78125	158.5625	-27.125	0.6806641	0.921875	-0.00390625	-48.1875	-18.75	58.59375	0.1386719	1.064453	-0.08984375	6.6875	-8.3125	1.03125	166.7248	64.87778	172.4517	147.2585	343.4387	176.895
710.4896	-0.1777344	0.6552734	-0.4580078	57.78125	158.5625	-27.125	0.6806641	0.921875	-0.00390625	-48.1875	-18.75	58.59375	0.1386719	1.064453	-0.08984375	6.6875	-8.3125	1.03125	166.7248	64.87778	172.4517	147.2585	343.4387	176.895
710.5234	0.1445313	1.027344	-1.020508	66.4375	17.875	38.4375	0.6806641	0.921875	-0.00390625	-48.1875	-18.75	58.59375	0.1386719	1.064453	-0.08984375	6.6875	-8.3125	1.03125	166.7248	64.87778	172.4517	147.2585	343.4387	176.895
710.5562	0.1445313	1.027344	-1.020508	66.4375	17.875	38.4375	0.6806641	0.921875	-0.00390625	-48.1875	-18.75	58.59375	0.1738281	0.9755859	-0.1767578	-13.625	14.15625	-17.53125	147.4698	69.08716	166.576	133.3391	351.3962	163.2257
710.5893	0.1445313	1.027344	-1.020508	66.4375	17.875	38.4375	0.4960938	0.6142578	0.71875	-52.75	-8.625	51	0.1738281	0.9755859	-0.1767578	-13.625	14.15625	-17.53125	147.4698	69.08716	166.576	133.3391	351.3962	163.2257
710.6227	0.1445313	1.027344	-1.020508	66.4375	17.875	38.4375	0.4960938	0.6142578	0.71875	-52.75	-8.625	51	0.1738281	0.9755859	-0.1767578	-13.625	14.15625	-17.53125	147.4698	69.08716	166.576	133.3391	351.3962	163.2257
710.6564	0.2783203	0.9033203	-0.9277344	-69.21875	11.46875	-8.6875	0.4960938	0.6142578	0.71875	-52.75	-8.625	51	0.1738281	0.9755859	-0.1767578	-13.625	14.15625	-17.53125	147.4698	69.08716	166.576	135.2203	356.8811	161.1128
710.6898	0.2783203	0.9033203	-0.9277344	-69.21875	11.46875	-8.6875	0.4960938	0.6142578	0.71875	-52.75	-8.625	51	-0.01757813	0.8818359	-0.08496094	-5.25	11.40625	-14.53125	147.4698	69.08716	166.576	135.2203	356.8811	161.1128
710.7225	0.2783203	0.9033203	-0.9277344	-69.21875	11.46875	-8.6875	0.3808594	0.3427734	0.6923828	-59.71875	1.21875	38.9375	-0.01757813	0.8818359	-0.08496094	-5.25	11.40625	-14.53125	147.4698	69.08716	166.576	135.2203	356.8811	161.1128
710.7562	0.2783203	0.9033203	-0.9277344	-69.21875	11.46875	-8.6875	0.3808594	0.3427734	0.6923828	-59.71875	1.21875	38.9375	-0.0546875	0.9882813	-0.1376953	0.59375	0.15625	-1.53125	147.4698	69.08716	166.576	135.6076	357.6065	159.5746
710.7895	0.2783203	0.9033203	-0.9277344	-69.21875	11.46875	-8.6875	0.3808594	0.3427734	0.6923828	-59.71875	1.21875	38.9375	-0.0546875	0.9882813	-0.1376953	0.59375	0.15625	-1.53125	147.4698	69.08716	166.576	135.6076	357.6065	159.5746
710.8224	0.04589844	1.291016	-0.328125	-135.1563	3.90625	-5.375	0.3808594	0.3427734	0.6923828	-59.71875	1.21875	38.9375	-0.0546875	0.9882813	-0.1376953	0.59375	0.15625	-1.53125	147.4698	69.08716	166.576	135.6076	357.6065	159.5746
710.856	0.04589844	1.291016	-0.328125	-135.1563	3.90625	-5.375	0.3808594	0.3427734	0.6923828	-59.71875	1.21875	38.9375	-0.01757813	0.9628906	-0.1025391	-2.46875	0.09375	2.5	147.4698	69.08716	166.576	135.8463	357.7859	158.4491
710.8893	0.04589844	1.291016	-0.328125	-135.1563	3.90625	-5.375	0.5820313	0.3154297	0.703125	-4.59375	-6.71875	11.21875	-0.01757813	0.9628906	-0.1025391	-2.46875	0.09375	2.5	147.4698	69.08716	166.576	135.8463	357.7859	158.4491
710.9227	0.04589844	1.291016	-0.328125	-135.1563	3.90625	-5.375	0.5820313	0.3154297	0.703125	-4.59375	-6.71875	11.21875	-0.01757813	0.9628906	-0.1025391	-2.46875	0.09375	2.5	147.4698	69.08716	166.576	135.8463	357.7859	158.4491
710.9559	0.04589844	1.291016	-0.328125	-135.1563	3.90625	-5.375	0.5820313	0.3154297	0.703125	-4.59375	-6.71875	11.21875	0.04101563	0.9609375	-0.1503906	-0.125	-4.28125	4.875	147.4698	69.08716	166.576	135.8051	357.7039	158.2908
710.9894	0.04589844	1.291016	-0.328125	-135.1563	3.90625	-5.375	0.5820313	0.3154297	0.703125	-4.59375	-6.71875	11.21875	0.04101563	0.9609375	-0.1503906	-0.125	-4.28125	4.875	147.4698	69.08716	166.576	135.8051	357.7039	158.2908
711.0224	0.15625	0.8623047	0.2695313	-24.84375	-4.28125	-7.09375	0.3964844	0.2880859	0.7558594	-7.09375	17.625	-2.875	0.04101563	0.9609375	-0.1503906	-0.125	-4.28125	4.875	147.4698	69.08716	166.576	135.8051	357.7039	158.2908
711.056	0.0625	0.9462891	0.2060547	-43.96875	25.125	-7.28125	0.3964844	0.2880859	0.7558594	-7.09375	17.625	-2.875	0.06542969	0.8691406	-0.09667969	0.53125	-3.125	5	147.4698	69.08716	166.576	135.8229	357.8495	158.5056
711.089	0.0625	0.9462891	0.2060547	-43.96875	25.125	-7.28125	0.3964844	0.2880859	0.7558594	-7.09375	17.625	-2.875	0.06542969	0.8691406	-0.09667969	0.53125	-3.125	5	147.4698	69.08716	166.576	135.8229	357.8495	158.5056
711.1226	0.0625	0.9462891	0.2060547	-43.96875	25.125	-7.28125	0.3964844	0.2880859	0.7558594	-7.09375	17.625	-2.875	0.06542969	0.8691406	-0.09667969	0.53125	-3.125	5	147.4698	69.08716	166.576	135.8229	357.8495	158.5056
711.156	0.0625	0.9462891	0.2060547	-43.96875	25.125	-7.28125	0.3964844	0.2880859	0.7558594	-7.09375	17.625	-2.875	0.06542969	0.8691406	-0.09667969	0.53125	-3.125	5	122.8132	83.49575	170.7375	113.2764	14.01689	151.5379
711.1893	0.0625	0.9462891	0.2060547	-43.96875	25.125	-7.28125	0.5068359	0.3701172	0.8212891	-0.25	18.125	1.21875	0.1035156	1.001953	-0.08984375	4.125	-1.34375	3.90625	122.8132	83.49575	170.7375	113.2764	14.01689	151.5379
711.2223	0.0625	0.9462891	0.2060547	-43.96875	25.125	-7.28125	0.5068359	0.3701172	0.8212891	-0.25	18.125	1.21875	0.1035156	1.001953	-0.08984375	4.125	-1.34375	3.90625	122.8132	83.49575	170.7375	113.2764	14.01689	151.5379
711.256	0.0625	0.9462891	0.2060547	-43.96875	25.125	-7.28125	0.5068359	0.3701172	0.8212891	-0.25	18.125	1.21875	0.03808594	0.96875	-0.2519531	1.6875	-2.59375	3.34375	121.9398	83.05894	173.1713	112.0522	17.55548	153.214
711.289	0.0625	0.9462891	0.2060547	-43.96875	25.125	-7.28125	0.5498047	0.5664063	0.8017578	0.21875	-1.59375	-2.15625	0.03808594	0.96875	-0.2519531	1.6875	-2.59375	3.34375	121.9398	83.05894	173.1713	112.0522	17.55548	153.214
711.3229	0.08007813	0.9287109	0.06152344	-10.28125	2.1875	-3.96875	0.5498047	0.5664063	0.8017578	0.21875	-1.59375	-2.15625	0.03808594	0.96875	-0.2519531	1.6875	-2.59375	3.34375	121.9398	83.05894	173.1713	112.0522	17.55548	153.214
711.3566	0.08007813	0.9287109	0.06152344	-10.28125	2.1875	-3.96875	0.5498047	0.5664063	0.8017578	0.21875	-1.59375	-2.15625	0.01757813	0.9648438	-0.08496094	0.28125	-3.5	5.0625	121.9398	83.05894	173.1713	111.8326	18.54472	152.8335
711.3885	0.08007813	0.9287109	0.06152344	-10.28125	2.1875	-3.96875	0.5498047	0.5664063	0.8017578	0.21875	-1.59375	-2.15625	0.01757813	0.9648438	-0.08496094	0.28125	-3.5	5.0625	121.9398	83.05894	173.1713	111.8326	18.54472	152.8335
711.4221	0.08007813	0.9287109	0.06152344	-10.28125	2.1875	-3.96875	0.5498047	0.5664063	0.8017578	0.21875	-1.59375	-2.15625	0.01757813	0.9648438	-0.08496094	0.28125	-3.5	5.0625	121.9398	83.05894	173.1713	111.8326	18.54472	152.8335
711.4558	0.08007813	0.9287109	0.06152344	-10.28125	2.1875	-3.96875	0.5498047	0.5664063	0.8017578	0.21875	-1.59375	-2.15625	0.03320313	0.9541016	-0.04785156	0.84375	-3.3125	4.625	122.811	80.88728	175.3808	111.753	18.03071	155.6866
711.4885	-0.09667969	0.9306641	0.2460938	2.1875	-9	-1.84375	0.4257813	0.4443359	0.7304688	0.71875	-8.8125	-3.1875	0.03320313	0.9541016	-0.04785156	0.84375	-3.3125	4.625	122.811	80.88728	175.3808	111.753	18.03071	155.6866
711.5219	-0.09667969	0.9306641	0.2460938	2.1875	-9	-1.84375	0.4257813	0.4443359	0.7304688	0.71875	-8.8125	-3.1875	0.03320313	0.9541016	-0.04785156	0.84375	-3.3125	4.625	122.811	80.88728	175.3808	111.753	18.03071	155.6866
711.5552	-0.09667969	0.9306641	0.2460938	2.1875	-9	-1.84375	0.4257813	0.4443359	0.7304688	0.71875	-8.8125	-3.1875	0	0.9238281	-0.1972656	4.625	5.34375	-0.0625	123.0729	81.03401	175.7097	112.2819	17.85913	155.9778
711.5887	0.05761719	1.039063	0.07128906	-5.75	-1.59375	-1.71875	0.4257813	0.4443359	0.7304688	0.71875	-8.8125	-3.1875	0	0.9238281	-0.1972656	4.625	5.34375	-0.0625	123.0729	81.03401	175.7097	112.2819	17.85913	155.9778
711.6219	0.05761719	1.039063	0.07128906	-5.75	-1.59375	-1.71875	0.4853516	0.4306641	0.6396484	-0.3125	-7.34375	-2.75	0	0.9238281	-0.1972656	4.625	5.34375	-0.0625	123.0729	81.03401	175.7097	112.2819	17.85913	155.9778
711.6564	0.05761719	1.039063	0.07128906	-5.75	-1.59375	-1.71875	0.4853516	0.4306641	0.6396484	-0.3125	-7.34375	-2.75	0	0.9238281	-0.1972656	4.625	5.34375	-0.0625	123.0729	81.03401	175.7097	111.8192	17.60416	156.0612
711.6888	0.05761719	1.039063	0.07128906	-5.75	-1.59375	-1.71875	0.4853516	0.4306641	0.6396484	-0.3125	-7.34375	-2.75	0.1748047	0.8916016	-0.000976563	16.34375	-9.78125	4.75	123.0729	81.03401	175.7097	111.8192	17.60416	156.0612
711.7217	0.05761719	1.039063	0.07128906	-5.75	-1.59375	-1.71875	0.4853516	0.4306641	0.6396484	-0.3125	-7.34375	-2.75	0.1748047	0.8916016	-0.000976563	16.34375	-9.78125	4.75	123.0729	81.03401	175.7097	111.8192	17.60416	156.0612
711.7566	0.05761719	1.039063	0.07128906	-5.75	-1.59375	-1.71875	0.4853516	0.4306641	0.6396484	-0.3125	-7.34375	-2.75	0.1240234	1.081055	-0.1289063	29.71875	-24	10.46875	123.775	81.95065	175.4472	110.9625	17.941	155.6915
711.788	0.05761719	1.039063	0.07128906	-5.75	-1.59375	-1.71875	0.4853516	0.4306641	0.6396484	-0.3125	-7.34375	-2.75	0.1240234	1.081055	-0.1289063	29.71875	-24	10.46875	123.775	81.95065	175.4472	110.9625	17.941	155.6915
711.8215	0.04882813	0.9814453	0.1884766	-0.0625	-6	0.59375	0.4785156	0.4306641	0.8046875	-0.1875	-2.09375	-3	0.1240234	1.081055	-0.1289063	29.71875	-24	10.46875	123.775	81.95065	175.4472	110.9625	17.941	155.6915
711.8554	0.04882813	0.9814453	0.1884766	-0.0625	-6	0.59375	0.4785156	0.4306641	0.8046875	-0.1875	-2.09375	-3	0.1640625	0.9990234	-0.3125	12.75	-6.53125	4.75	123.9879	81.88801	175.8786	109.5292	22.09484	156.4305
711.8883	0.04882813	0.9814453	0.1884766	-0.0625	-6	0.59375	0.4785156	0.4306641	0.8046875	-0.1875	-2.09375	-3	0.1640625	0.9990234	-0.3125	12.75	-6.53125	4.75	123.9879	81.88801	175.8786	109.5292	22.09484	156.4305
